***begin of header***
date&time [local time];serial-no;type;PM10 [ug/m3];PM2.5 [ug/m3];PM1 [ug/m3];0,35 [um];0,46 [um];0,66 [um];1,0 [um];1,3 [um];1,7 [um];2,3 [um];3,0 [um];4,0 [um];5,2 [um];6,5 [um];8,0 [um];10 [um];12 [um];14 [um];16 [um];18 [um];20 [um];22 [um];25 [um];28 [um];31 [um];34 [um];37 [um];serial-OPC;T-out [°C];T-aerosol [°C];rH [%];date&time [UTC];longitude [°];latitude [°];height [m];time-resolution [s];software-version;last calibration [local time];configuration version
***end of header***
2020-08-17 00:00:06;SN19006;measure;9,88;9,32;8,95;41122,1;2283,6;445,9;108,3;150,0;50,0;33,3;4,2;25,0;0,0;0,0;0,0;0,0;0,0;0,0;4,2;0,0;0,0;0,0;0,0;0,0;0,0;0,0;0,0;177340608;23,2;32,5;37,8;2020-08-16 22:00:06;E10,899806;N48,374250;500,0;300;SW V1-11 (2020-06-17);2019-06-11 14:16:04;original set-up
2020-08-17 00:05:06;SN19006;measure;10,62;9,26;8,71;39474,6;2037,9;395,9;70,8;162,5;75,0;54,2;25,0;29,2;4,2;0,0;4,2;0,0;0,0;0,0;4,2;0,0;4,2;0,0;0,0;0,0;0,0;0,0;0,0;177340608;23,2;32,5;37,0;2020-08-16 22:05:06;E10,899806;N48,374250;500,0;300;SW V1-11 (2020-06-17);2019-06-11 14:16:04;original set-up
2020-08-17 00:10:06;SN19006;measure;10,09;8,36;7,93;35501,8;1928,2;318,5;76,4;114,7;46,7;46,7;25,5;8,5;12,7;0,0;8,5;0,0;4,2;0,0;0,0;0,0;0,0;0,0;0,0;0,0;4,2;0,0;0,0;177340608;23,3;32,4;36,7;2020-08-16 22:10:06;E10,899806;N48,374250;500,0;300;SW V1-11 (2020-06-17);2019-06-11 14:16:04;original set-up
2020-08-17 00:15:06;SN19006;measure;8,27;7,22;6,68;29583,6;1553,1;306,5;91,1;78,7;87,0;58,0;20,7;16,6;12,4;0,0;0,0;0,0;0,0;0,0;0,0;0,0;0,0;4,1;0,0;0,0;0,0;0,0;0,0;177340608;23,1;32,4;35,7;2020-08-16 22:15:06;E10,899806;N48,374250;500,0;300;SW V1-11 (2020-06-17);2019-06-11 14:16:04;original set-up
2020-08-17 00:20:06;SN19006;measure;10,27;6,47;6,08;26358,9;1313,3;260,2;85,4;85,4;65,1;28,5;16,3;20,3;4,1;28,5;12,2;0,0;0,0;0,0;0,0;0,0;0,0;0,0;0,0;0,0;0,0;0,0;0,0;177340608;23,2;32,4;34,7;2020-08-16 22:20:06;E10,899806;N48,374250;500,0;300;SW V1-11 (2020-06-17);2019-06-11 14:16:04;original set-up
2020-08-17 00:25:06;SN19006;measure;8,49;6,45;5,99;25700,4;1337,6;270,7;56,6;68,7;88,9;44,5;16,2;16,2;20,2;8,1;0,0;0,0;4,0;0,0;0,0;0,0;0,0;0,0;0,0;0,0;0,0;0,0;0,0;177340608;23,2;32,3;34,2;2020-08-16 22:25:06;E10,899806;N48,374250;500,0;300;SW V1-11 (2020-06-17);2019-06-11 14:16:04;original set-up
2020-08-17 00:30:06;SN19006;measure;8,73;6,71;6,31;27192,9;1325,3;333,4;74,1;98,8;65,9;41,2;8,2;12,3;8,2;0,0;8,2;4,1;4,1;0,0;0,0;4,1;0,0;0,0;0,0;0,0;0,0;0,0;0,0;177340608;23,1;32,4;34,1;2020-08-16 22:30:06;E10,899806;N48,374250;500,0;300;SW V1-11 (2020-06-17);2019-06-11 14:16:04;original set-up
2020-08-17 00:35:06;SN19006;measure;7,50;6,79;6,22;27028,2;1379,2;260,9;58,0;95,3;58,0;74,5;33,1;4,1;0,0;4,1;0,0;0,0;0,0;0,0;0,0;0,0;0,0;0,0;0,0;0,0;0,0;0,0;0,0;177340608;22,9;32,3;34,1;2020-08-16 22:35:06;E10,899806;N48,374250;500,0;300;SW V1-11 (2020-06-17);2019-06-11 14:16:04;original set-up
2020-08-17 00:40:06;SN19006;measure;8,47;6,37;5,99;25941,5;1380,3;305,8;80,7;97,7;38,2;38,2;12,7;25,5;12,7;0,0;4,2;4,2;0,0;0,0;4,2;0,0;0,0;0,0;0,0;0,0;0,0;0,0;0,0;177340608;22,9;32,3;34,1;2020-08-16 22:40:06;E10,899806;N48,374250;500,0;300;SW V1-11 (2020-06-17);2019-06-11 14:16:04;original set-up
2020-08-17 00:45:06;SN19006;measure;7,20;5,71;5,36;22970,1;1312,9;292,2;90,5;65,9;45,3;37,0;12,3;12,3;8,2;4,1;4,1;0,0;4,1;0,0;4,1;0,0;0,0;0,0;0,0;0,0;0,0;0,0;0,0;177340608;22,9;32,3;33,8;2020-08-16 22:45:06;E10,899806;N48,374250;500,0;300;SW V1-11 (2020-06-17);2019-06-11 14:16:04;original set-up
2020-08-17 00:50:06;SN19006;measure;6,70;5,44;5,14;21853,8;1205,1;211,2;74,5;45,6;41,4;29,0;16,6;4,1;4,1;4,1;0,0;4,1;0,0;0,0;0,0;0,0;0,0;0,0;0,0;0,0;0,0;0,0;0,0;177340608;22,9;32,2;33,2;2020-08-16 22:50:06;E10,899806;N48,374250;500,0;300;SW V1-11 (2020-06-17);2019-06-11 14:16:04;original set-up
2020-08-17 00:55:06;SN19006;measure;6,48;5,33;5,13;21904,8;1194,4;257,7;53,2;53,2;24,5;20,5;8,2;4,1;4,1;0,0;8,2;0,0;4,1;0,0;0,0;0,0;0,0;0,0;0,0;0,0;0,0;0,0;4,1;177340608;23,0;32,2;33,6;2020-08-16 22:55:06;E10,899806;N48,374250;500,0;300;SW V1-11 (2020-06-17);2019-06-11 14:16:04;original set-up
2020-08-17 01:00:06;SN19006;measure;7,84;6,17;5,72;24439,3;1256,2;309,7;68,8;73,1;51,6;38,7;25,8;30,1;4,3;0,0;0,0;4,3;0,0;0,0;0,0;0,0;0,0;0,0;0,0;0,0;0,0;0,0;0,0;177340608;23,1;32,2;33,7;2020-08-16 23:00:06;E10,899806;N48,374250;500,0;300;SW V1-11 (2020-06-17);2019-06-11 14:16:04;original set-up
2020-08-17 01:05:06;SN19006;measure;6,43;5,68;5,36;22899,2;1246,9;272,8;90,9;86,6;73,6;17,3;13,0;0,0;0,0;8,7;0,0;0,0;0,0;0,0;0,0;0,0;0,0;0,0;0,0;0,0;0,0;0,0;0,0;177340608;22,9;32,2;33,6;2020-08-16 23:05:06;E10,899806;N48,374250;500,0;300;SW V1-11 (2020-06-17);2019-06-11 14:16:04;original set-up
2020-08-17 01:10:06;SN19006;measure;6,93;5,70;5,32;22624,5;1329,4;288,8;76,4;93,4;76,4;29,7;8,5;12,7;0,0;4,2;0,0;4,2;0,0;0,0;0,0;0,0;0,0;0,0;0,0;0,0;0,0;0,0;0,0;177340608;22,8;32,2;33,1;2020-08-16 23:10:06;E10,899806;N48,374250;500,0;300;SW V1-11 (2020-06-17);2019-06-11 14:16:04;original set-up
2020-08-17 01:15:06;SN19006;measure;5,72;5,32;4,97;21310,9;1257,6;189,9;54,9;71,7;38,0;38,0;21,1;8,4;0,0;0,0;0,0;0,0;0,0;0,0;0,0;0,0;0,0;0,0;0,0;0,0;0,0;0,0;0,0;177340608;23,0;32,1;34,1;2020-08-16 23:15:06;E10,899806;N48,374250;500,0;300;SW V1-11 (2020-06-17);2019-06-11 14:16:04;original set-up
2020-08-17 01:20:06;SN19006;measure;6,15;5,20;4,87;21056,6;1191,0;239,0;79,7;88,1;46,1;33,5;8,4;12,6;0,0;8,4;0,0;0,0;0,0;0,0;0,0;0,0;0,0;0,0;0,0;0,0;0,0;0,0;0,0;177340608;22,4;32,1;33,7;2020-08-16 23:20:06;E10,899806;N48,374250;500,0;300;SW V1-11 (2020-06-17);2019-06-11 14:16:04;original set-up
2020-08-17 01:25:06;SN19006;measure;5,75;5,15;4,85;21021,7;1132,2;197,1;46,1;54,5;50,3;25,2;21,0;4,2;0,0;4,2;0,0;0,0;0,0;0,0;0,0;0,0;0,0;0,0;0,0;0,0;0,0;0,0;0,0;177340608;22,8;32,1;34,3;2020-08-16 23:25:06;E10,899806;N48,374250;500,0;300;SW V1-11 (2020-06-17);2019-06-11 14:16:04;original set-up
2020-08-17 01:30:06;SN19006;measure;7,27;5,45;5,07;21962,5;1409,1;213,9;54,5;79,7;37,7;50,3;12,6;8,4;8,4;4,2;4,2;4,2;0,0;0,0;0,0;0,0;0,0;0,0;0,0;0,0;0,0;0,0;0,0;177340608;22,7;32,1;34,3;2020-08-16 23:30:06;E10,899806;N48,374250;500,0;300;SW V1-11 (2020-06-17);2019-06-11 14:16:04;original set-up
2020-08-17 01:35:06;SN19006;measure;5,48;5,31;5,06;21766,9;1212,7;245,9;95,9;79,2;33,3;16,7;16,7;0,0;0,0;0,0;0,0;0,0;0,0;0,0;0,0;0,0;0,0;0,0;0,0;0,0;0,0;0,0;0,0;177340608;22,9;32,1;34,2;2020-08-16 23:35:06;E10,899806;N48,374250;500,0;300;SW V1-11 (2020-06-17);2019-06-11 14:16:04;original set-up
2020-08-17 01:40:06;SN19006;measure;7,91;5,94;5,61;24109,0;1175,2;262,6;87,5;108,4;58,3;16,7;12,5;25,0;8,3;8,3;4,2;0,0;0,0;0,0;0,0;0,0;0,0;0,0;0,0;0,0;0,0;0,0;0,0;177340608;22,8;32,1;33,9;2020-08-16 23:40:06;E10,899806;N48,374250;500,0;300;SW V1-11 (2020-06-17);2019-06-11 14:16:04;original set-up
2020-08-17 01:45:06;SN19006;measure;7,73;6,05;5,67;24254,9;1379,4;262,6;70,8;79,2;54,2;33,3;20,8;12,5;0,0;4,2;4,2;4,2;0,0;0,0;0,0;0,0;0,0;0,0;0,0;0,0;0,0;0,0;0,0;177340608;22,9;32,1;33,8;2020-08-16 23:45:06;E10,899806;N48,374250;500,0;300;SW V1-11 (2020-06-17);2019-06-11 14:16:04;original set-up
2020-08-17 01:50:06;SN19006;measure;9,23;6,36;5,94;25728,4;1412,7;316,7;45,8;87,5;29,2;54,2;20,8;20,8;12,5;4,2;16,7;0,0;0,0;0,0;0,0;0,0;0,0;0,0;0,0;0,0;0,0;0,0;0,0;177340608;22,7;32,1;34,2;2020-08-16 23:50:06;E10,899806;N48,374250;500,0;300;SW V1-11 (2020-06-17);2019-06-11 14:16:04;original set-up
2020-08-17 01:55:06;SN19006;measure;8,28;6,64;6,32;27501,3;1579,5;212,5;58,3;100,0;58,3;29,2;4,2;12,5;8,3;0,0;4,2;4,2;4,2;0,0;0,0;0,0;0,0;0,0;0,0;0,0;0,0;0,0;0,0;177340608;22,6;32,0;34,3;2020-08-16 23:55:06;E10,899806;N48,374250;500,0;300;SW V1-11 (2020-06-17);2019-06-11 14:16:04;original set-up
2020-08-17 02:00:06;SN19006;measure;8,17;6,80;6,56;28830,0;1546,2;360,0;69,5;69,5;28,6;24,5;8,2;8,2;12,3;4,1;4,1;0,0;0,0;0,0;0,0;4,1;0,0;0,0;0,0;0,0;0,0;0,0;0,0;177340608;22,3;32,0;34,5;2020-08-17 00:00:06;E10,899806;N48,374250;500,0;300;SW V1-11 (2020-06-17);2019-06-11 14:16:04;original set-up
2020-08-17 02:05:06;SN19006;measure;8,22;7,62;7,25;32031,3;1772,6;343,8;128,4;124,2;37,3;41,4;8,3;8,3;0,0;0,0;4,1;0,0;0,0;0,0;0,0;0,0;0,0;0,0;0,0;0,0;0,0;0,0;0,0;177340608;22,3;31,9;35,0;2020-08-17 00:05:06;E10,899806;N48,374250;500,0;300;SW V1-11 (2020-06-17);2019-06-11 14:16:04;original set-up
2020-08-17 02:10:06;SN19006;measure;9,25;8,01;7,65;34196,2;1825,2;341,7;75,0;83,3;33,3;37,5;25,0;12,5;8,3;4,2;0,0;0,0;4,2;4,2;4,2;0,0;0,0;0,0;0,0;0,0;0,0;0,0;0,0;177340608;22,2;31,9;35,3;2020-08-17 00:10:06;E10,899806;N48,374250;500,0;300;SW V1-11 (2020-06-17);2019-06-11 14:16:04;original set-up
2020-08-17 02:15:06;SN19006;measure;8,55;7,93;7,55;34031,8;1858,7;316,7;95,9;75,0;70,8;45,8;4,2;4,2;12,5;0,0;0,0;0,0;0,0;0,0;0,0;0,0;0,0;0,0;0,0;0,0;0,0;0,0;0,0;177340608;22,1;31,8;35,8;2020-08-17 00:15:06;E10,899806;N48,374250;500,0;300;SW V1-11 (2020-06-17);2019-06-11 14:16:04;original set-up
2020-08-17 02:20:06;SN19006;measure;8,88;8,09;7,74;35119,6;1868,7;352,5;76,4;110,4;59,5;29,7;17,0;8,5;4,2;4,2;0,0;0,0;0,0;0,0;0,0;0,0;0,0;0,0;0,0;0,0;0,0;0,0;0,0;177340608;22,1;31,8;36,4;2020-08-17 00:20:06;E10,899806;N48,374250;500,0;300;SW V1-11 (2020-06-17);2019-06-11 14:16:04;original set-up
2020-08-17 02:25:06;SN19006;measure;9,58;7,57;7,13;32205,2;1727,1;323,0;74,5;107,7;45,6;58,0;16,6;16,6;8,3;12,4;4,1;0,0;0,0;0,0;0,0;0,0;0,0;0,0;0,0;0,0;0,0;0,0;0,0;177340608;22,0;31,7;36,0;2020-08-17 00:25:06;E10,899806;N48,374250;500,0;300;SW V1-11 (2020-06-17);2019-06-11 14:16:04;original set-up
2020-08-17 02:30:06;SN19006;measure;7,81;7,25;6,89;31059,1;1650,7;370,0;81,3;85,4;40,7;44,7;16,3;4,1;8,1;0,0;0,0;0,0;0,0;0,0;0,0;0,0;0,0;0,0;0,0;0,0;0,0;0,0;0,0;177340608;22,1;31,6;36,2;2020-08-17 00:30:06;E10,899806;N48,374250;500,0;300;SW V1-11 (2020-06-17);2019-06-11 14:16:04;original set-up
2020-08-17 02:35:06;SN19006;measure;10,08;7,39;7,07;32054,9;1834,7;295,0;84,9;101,0;36,4;28,3;20,2;12,1;28,3;12,1;4,0;0,0;0,0;0,0;0,0;0,0;0,0;0,0;0,0;0,0;0,0;0,0;0,0;177340608;22,1;31,5;36,7;2020-08-17 00:35:06;E10,899806;N48,374250;500,0;300;SW V1-11 (2020-06-17);2019-06-11 14:16:04;original set-up
2020-08-17 02:40:06;SN19006;measure;9,90;7,86;7,32;33284,3;2094,9;325,1;115,2;82,3;74,1;61,7;20,6;28,8;16,5;4,1;4,1;0,0;0,0;0,0;0,0;0,0;0,0;0,0;0,0;0,0;0,0;0,0;0,0;177340608;21,9;31,5;36,9;2020-08-17 00:40:06;E10,899806;N48,374250;500,0;300;SW V1-11 (2020-06-17);2019-06-11 14:16:04;original set-up
2020-08-17 02:45:06;SN19006;measure;8,81;8,16;7,78;35365,3;1872,0;405,9;62,1;91,1;78,7;33,1;16,6;8,3;8,3;0,0;0,0;0,0;0,0;0,0;0,0;0,0;0,0;0,0;0,0;0,0;0,0;0,0;0,0;177340608;22,1;31,4;37,0;2020-08-17 00:45:06;E10,899806;N48,374250;500,0;300;SW V1-11 (2020-06-17);2019-06-11 14:16:04;original set-up
2020-08-17 02:50:06;SN19006;measure;8,13;6,67;6,29;29049,7;1425,2;325,0;70,8;104,2;54,2;33,3;12,5;33,3;8,3;0,0;4,2;0,0;0,0;0,0;0,0;0,0;0,0;0,0;0,0;0,0;0,0;0,0;0,0;177340608;21,6;31,4;36,9;2020-08-17 00:50:06;E10,899806;N48,374250;500,0;300;SW V1-11 (2020-06-17);2019-06-11 14:16:04;original set-up
2020-08-17 02:55:06;SN19006;measure;9,04;5,94;5,56;25729,1;1448,3;280,3;93,4;84,9;55,2;38,2;17,0;17,0;17,0;4,2;8,5;8,5;0,0;4,2;0,0;0,0;0,0;0,0;0,0;0,0;0,0;0,0;0,0;177340608;21,3;31,3;36,6;2020-08-17 00:55:06;E10,899806;N48,374250;500,0;300;SW V1-11 (2020-06-17);2019-06-11 14:16:04;original set-up
2020-08-17 03:00:06;SN19006;measure;7,21;6,12;5,76;26801,1;1423,9;331,2;73,1;68,8;77,4;21,5;25,8;17,2;4,3;0,0;4,3;0,0;0,0;0,0;0,0;0,0;0,0;0,0;0,0;0,0;0,0;0,0;0,0;177340608;21,1;31,2;36,6;2020-08-17 01:00:06;E10,899806;N48,374250;500,0;300;SW V1-11 (2020-06-17);2019-06-11 14:16:04;original set-up
2020-08-17 03:05:06;SN19006;measure;7,24;5,90;5,58;25744,4;1465,2;284,5;84,9;89,2;63,7;25,5;12,7;8,5;12,7;8,5;0,0;0,0;0,0;0,0;0,0;0,0;0,0;0,0;0,0;0,0;0,0;0,0;0,0;177340608;21,4;31,1;37,0;2020-08-17 01:05:06;E10,899806;N48,374250;500,0;300;SW V1-11 (2020-06-17);2019-06-11 14:16:04;original set-up
2020-08-17 03:10:06;SN19006;measure;6,99;6,09;5,73;26822,6;1617,5;262,4;116,2;129,1;55,9;34,4;12,9;8,6;8,6;4,3;0,0;0,0;0,0;0,0;0,0;0,0;0,0;0,0;0,0;0,0;0,0;0,0;0,0;177340608;21,1;31,0;37,2;2020-08-17 01:10:06;E10,899806;N48,374250;500,0;300;SW V1-11 (2020-06-17);2019-06-11 14:16:04;original set-up
2020-08-17 03:15:06;SN19006;measure;7,07;5,88;5,49;25635,7;1486,5;356,8;110,4;68,0;55,2;38,2;21,2;17,0;8,5;0,0;4,2;0,0;0,0;0,0;0,0;0,0;0,0;0,0;0,0;0,0;0,0;0,0;0,0;177340608;20,9;30,9;37,1;2020-08-17 01:15:06;E10,899806;N48,374250;500,0;300;SW V1-11 (2020-06-17);2019-06-11 14:16:04;original set-up
2020-08-17 03:20:06;SN19006;measure;7,53;5,99;5,65;25923,3;1455,9;295,4;109,7;97,1;71,7;25,3;4,2;21,1;0,0;0,0;4,2;4,2;8,4;0,0;0,0;0,0;0,0;0,0;0,0;0,0;0,0;0,0;0,0;177340608;21,2;30,8;37,1;2020-08-17 01:20:06;E10,899806;N48,374250;500,0;300;SW V1-11 (2020-06-17);2019-06-11 14:16:04;original set-up
2020-08-17 03:25:06;SN19006;measure;7,66;5,84;5,50;25166,5;1342,0;314,5;75,5;75,5;58,7;29,4;12,6;21,0;12,6;8,4;0,0;0,0;8,4;0,0;0,0;0,0;0,0;0,0;0,0;0,0;0,0;0,0;0,0;177340608;21,2;30,7;37,1;2020-08-17 01:25:06;E10,899806;N48,374250;500,0;300;SW V1-11 (2020-06-17);2019-06-11 14:16:04;original set-up
2020-08-17 03:30:06;SN19006;measure;6,71;5,86;5,49;24866,6;1376,3;410,3;102,6;85,5;59,8;25,6;25,6;12,8;0,0;0,0;4,3;0,0;0,0;4,3;0,0;0,0;0,0;0,0;0,0;0,0;0,0;0,0;0,0;177340608;21,4;30,6;37,2;2020-08-17 01:30:06;E10,899806;N48,374250;500,0;300;SW V1-11 (2020-06-17);2019-06-11 14:16:04;original set-up
2020-08-17 03:35:06;SN19006;measure;6,60;5,25;4,84;22742,9;1202,8;261,7;38,0;101,3;63,3;50,6;21,1;8,4;4,2;12,7;0,0;0,0;0,0;0,0;0,0;0,0;0,0;0,0;0,0;0,0;0,0;0,0;0,0;177340608;20,7;30,6;37,3;2020-08-17 01:35:06;E10,899806;N48,374250;500,0;300;SW V1-11 (2020-06-17);2019-06-11 14:16:04;original set-up
2020-08-17 03:40:06;SN19006;measure;6,50;5,20;4,84;22654,4;1300,1;268,4;71,3;67,1;50,3;41,9;16,8;16,8;4,2;0,0;8,4;0,0;0,0;0,0;0,0;0,0;0,0;0,0;0,0;0,0;0,0;0,0;0,0;177340608;20,5;30,5;36,9;2020-08-17 01:40:06;E10,899806;N48,374250;500,0;300;SW V1-11 (2020-06-17);2019-06-11 14:16:04;original set-up
2020-08-17 03:45:06;SN19006;measure;6,61;5,46;5,09;23503,6;1477,4;283,3;95,9;104,6;56,7;39,2;13,1;8,7;8,7;0,0;0,0;4,4;0,0;0,0;0,0;0,0;0,0;0,0;0,0;0,0;0,0;0,0;0,0;177340608;20,6;30,4;37,0;2020-08-17 01:45:06;E10,899806;N48,374250;500,0;300;SW V1-11 (2020-06-17);2019-06-11 14:16:04;original set-up
2020-08-17 03:50:06;SN19006;measure;6,02;5,07;4,75;21985,8;1380,5;286,4;76,9;85,5;59,8;25,6;17,1;8,5;0,0;4,3;4,3;0,0;0,0;4,3;0,0;0,0;0,0;0,0;0,0;0,0;0,0;0,0;0,0;177340608;20,6;30,2;37,3;2020-08-17 01:50:06;E10,899806;N48,374250;500,0;300;SW V1-11 (2020-06-17);2019-06-11 14:16:04;original set-up
2020-08-17 03:55:06;SN19006;measure;7,38;5,24;4,79;22121,4;1267,7;320,2;92,1;127,2;52,6;43,9;17,5;35,1;8,8;8,8;4,4;0,0;0,0;0,0;0,0;0,0;0,0;0,0;0,0;4,4;0,0;0,0;0,0;177340608;20,6;30,1;37,5;2020-08-17 01:55:06;E10,899806;N48,374250;500,0;300;SW V1-11 (2020-06-17);2019-06-11 14:16:04;original set-up
2020-08-17 04:00:06;SN19006;measure;5,32;4,90;4,60;21039,3;1184,4;372,9;96,5;83,4;70,2;26,3;8,8;0,0;8,8;0,0;0,0;0,0;0,0;0,0;0,0;0,0;0,0;0,0;0,0;0,0;0,0;0,0;0,0;177340608;20,6;30,0;37,5;2020-08-17 02:00:06;E10,899806;N48,374250;500,0;300;SW V1-11 (2020-06-17);2019-06-11 14:16:04;original set-up
2020-08-17 04:05:06;SN19006;measure;6,46;4,58;4,31;19674,9;1355,0;273,6;68,4;128,2;59,8;8,5;8,5;17,1;12,8;4,3;8,5;0,0;0,0;0,0;0,0;0,0;0,0;0,0;0,0;0,0;0,0;0,0;0,0;177340608;20,6;29,9;37,4;2020-08-17 02:05:06;E10,899806;N48,374250;500,0;300;SW V1-11 (2020-06-17);2019-06-11 14:16:04;original set-up
2020-08-17 04:10:06;SN19006;measure;5,54;4,69;4,32;19736,0;1200,2;331,2;94,6;103,2;68,8;25,8;17,2;17,2;8,6;0,0;0,0;0,0;0,0;0,0;0,0;0,0;0,0;0,0;0,0;0,0;0,0;0,0;0,0;177340608;20,5;29,9;37,5;2020-08-17 02:10:06;E10,899806;N48,374250;500,0;300;SW V1-11 (2020-06-17);2019-06-11 14:16:04;original set-up
2020-08-17 04:15:06;SN19006;measure;5,56;4,67;4,20;19318,6;1303,2;346,4;77,9;99,6;69,3;47,6;30,3;13,0;0,0;0,0;4,3;0,0;0,0;0,0;0,0;0,0;0,0;0,0;0,0;0,0;0,0;0,0;0,0;177340608;20,3;29,8;37,5;2020-08-17 02:15:06;E10,899806;N48,374250;500,0;300;SW V1-11 (2020-06-17);2019-06-11 14:16:04;original set-up
2020-08-17 04:20:06;SN19006;measure;6,02;4,50;4,07;18865,2;1264,3;424,3;82,3;69,3;90,9;43,3;8,7;21,6;13,0;0,0;0,0;4,3;0,0;0,0;0,0;0,0;0,0;0,0;0,0;0,0;0,0;0,0;0,0;177340608;20,1;29,7;37,6;2020-08-17 02:20:06;E10,899806;N48,374250;500,0;300;SW V1-11 (2020-06-17);2019-06-11 14:16:04;original set-up
2020-08-17 04:25:06;SN19006;measure;5,51;4,59;4,27;19771,7;1346,6;318,1;82,8;108,9;43,6;39,2;4,4;13,1;8,7;4,4;0,0;0,0;0,0;0,0;0,0;0,0;0,0;0,0;0,0;0,0;0,0;0,0;0,0;177340608;20,2;29,7;37,9;2020-08-17 02:25:06;E10,899806;N48,374250;500,0;300;SW V1-11 (2020-06-17);2019-06-11 14:16:04;original set-up
2020-08-17 04:30:06;SN19006;measure;5,84;4,72;4,26;20149,4;1395,7;311,2;84,5;137,8;44,5;57,8;17,8;31,1;8,9;0,0;0,0;0,0;0,0;0,0;0,0;0,0;0,0;0,0;0,0;0,0;0,0;0,0;0,0;177340608;19,8;29,6;38,2;2020-08-17 02:30:06;E10,899806;N48,374250;500,0;300;SW V1-11 (2020-06-17);2019-06-11 14:16:04;original set-up
2020-08-17 04:35:06;SN19006;measure;6,30;4,83;4,32;20602,3;1269,7;415,6;114,2;150,7;86,8;45,7;32,0;13,7;9,1;9,1;0,0;0,0;0,0;0,0;4,6;0,0;0,0;0,0;0,0;0,0;0,0;0,0;0,0;177340608;19,7;29,5;38,6;2020-08-17 02:35:06;E10,899806;N48,374250;500,0;300;SW V1-11 (2020-06-17);2019-06-11 14:16:04;original set-up
2020-08-17 04:40:06;SN19006;measure;6,65;5,11;4,63;22236,1;1399,8;368,9;66,2;108,8;52,0;56,7;37,8;18,9;4,7;4,7;4,7;0,0;0,0;0,0;0,0;0,0;0,0;0,0;0,0;0,0;0,0;0,0;0,0;177340608;19,8;29,4;39,0;2020-08-17 02:40:06;E10,899806;N48,374250;500,0;300;SW V1-11 (2020-06-17);2019-06-11 14:16:04;original set-up
2020-08-17 04:45:06;SN19006;measure;7,83;4,99;4,49;21842,2;1456,5;439,8;113,5;151,3;85,1;42,6;28,4;28,4;4,7;4,7;14,2;4,7;0,0;0,0;0,0;0,0;0,0;0,0;0,0;0,0;0,0;0,0;0,0;177340608;19,4;29,3;39,2;2020-08-17 02:45:06;E10,899806;N48,374250;500,0;300;SW V1-11 (2020-06-17);2019-06-11 14:16:04;original set-up
2020-08-17 04:50:06;SN19006;measure;6,20;4,88;4,46;21694,2;1366,0;338,0;138,9;125,0;64,8;32,4;23,2;27,8;0,0;9,3;0,0;0,0;0,0;0,0;0,0;0,0;0,0;0,0;0,0;0,0;0,0;0,0;0,0;177340608;19,5;29,2;39,5;2020-08-17 02:50:06;E10,899806;N48,374250;500,0;300;SW V1-11 (2020-06-17);2019-06-11 14:16:04;original set-up
2020-08-17 04:55:06;SN19006;measure;5,83;5,04;4,62;22769,7;1490,7;342,9;138,1;161,9;52,4;47,6;19,1;14,3;0,0;0,0;4,8;0,0;0,0;0,0;0,0;0,0;0,0;0,0;0,0;0,0;0,0;0,0;0,0;177340608;19,3;29,0;39,9;2020-08-17 02:55:06;E10,899806;N48,374250;500,0;300;SW V1-11 (2020-06-17);2019-06-11 14:16:04;original set-up
2020-08-17 05:00:06;SN19006;measure;6,08;4,90;4,47;22007,6;1305,7;398,2;125,0;143,5;60,2;41,7;23,2;18,5;0,0;4,6;4,6;0,0;0,0;0,0;0,0;0,0;0,0;0,0;0,0;0,0;0,0;0,0;0,0;177340608;19,4;28,9;40,2;2020-08-17 03:00:06;E10,899806;N48,374250;500,0;300;SW V1-11 (2020-06-17);2019-06-11 14:16:04;original set-up
2020-08-17 05:05:06;SN19006;measure;5,54;4,53;4,18;21031,2;1306,6;405,5;103,6;117,1;67,6;27,0;13,5;22,5;13,5;0,0;0,0;0,0;0,0;0,0;0,0;0,0;0,0;4,5;0,0;0,0;0,0;0,0;0,0;177340608;19,1;28,8;40,6;2020-08-17 03:05:06;E10,899806;N48,374250;500,0;300;SW V1-11 (2020-06-17);2019-06-11 14:16:04;original set-up
2020-08-17 05:10:06;SN19006;measure;5,74;4,52;4,08;20410,3;1351,3;423,9;83,9;136,9;66,2;48,6;17,7;30,9;0,0;0,0;0,0;4,4;0,0;0,0;0,0;0,0;0,0;0,0;0,0;0,0;0,0;0,0;0,0;177340608;19,1;28,7;40,7;2020-08-17 03:10:06;E10,899806;N48,374250;500,0;300;SW V1-11 (2020-06-17);2019-06-11 14:16:04;original set-up
2020-08-17 05:15:06;SN19006;measure;5,39;4,70;4,23;20841,9;1329,2;425,5;140,4;122,8;92,1;39,5;21,9;26,3;0,0;0,0;0,0;0,0;0,0;0,0;0,0;0,0;0,0;0,0;0,0;0,0;0,0;0,0;0,0;177340608;19,3;28,6;40,9;2020-08-17 03:15:06;E10,899806;N48,374250;500,0;300;SW V1-11 (2020-06-17);2019-06-11 14:16:04;original set-up
2020-08-17 05:20:06;SN19006;measure;6,43;4,45;4,07;20273,3;1295,1;354,8;98,3;68,4;68,4;42,7;17,1;21,4;25,6;8,5;0,0;0,0;0,0;0,0;0,0;0,0;0,0;0,0;0,0;0,0;0,0;0,0;0,0;177340608;19,2;28,6;41,1;2020-08-17 03:20:06;E10,899806;N48,374250;500,0;300;SW V1-11 (2020-06-17);2019-06-11 14:16:04;original set-up
2020-08-17 05:25:06;SN19006;measure;5,62;4,57;4,03;20101,1;1270,3;325,0;126,6;118,2;63,3;67,5;42,2;12,7;4,2;0,0;4,2;0,0;0,0;0,0;0,0;0,0;0,0;0,0;0,0;0,0;0,0;0,0;0,0;177340608;19,2;28,5;41,4;2020-08-17 03:25:06;E10,899806;N48,374250;500,0;300;SW V1-11 (2020-06-17);2019-06-11 14:16:04;original set-up
2020-08-17 05:30:06;SN19006;measure;5,74;4,81;4,32;21640,5;1476,7;469,9;134,2;152,1;58,2;62,6;22,4;22,4;0,0;0,0;4,5;0,0;0,0;0,0;4,5;0,0;0,0;0,0;0,0;0,0;0,0;0,0;0,0;177340608;19,2;28,5;41,6;2020-08-17 03:30:06;E10,899806;N48,374250;500,0;300;SW V1-11 (2020-06-17);2019-06-11 14:16:04;original set-up
2020-08-17 05:35:06;SN19006;measure;6,06;4,55;4,10;20999,7;1410,2;437,0;85,6;130,7;85,6;40,5;40,5;4,5;13,5;0,0;9,0;0,0;0,0;0,0;0,0;0,0;0,0;0,0;0,0;0,0;0,0;0,0;0,0;177340608;18,9;28,4;41,6;2020-08-17 03:35:06;E10,899806;N48,374250;500,0;300;SW V1-11 (2020-06-17);2019-06-11 14:16:04;original set-up
2020-08-17 05:40:06;SN19006;measure;6,03;4,59;4,14;21249,3;1373,3;379,8;123,6;119,2;75,1;44,2;17,7;39,7;8,8;4,4;0,0;0,0;0,0;0,0;0,0;0,0;0,0;0,0;4,4;4,4;0,0;0,0;0,0;177340608;18,9;28,4;41,7;2020-08-17 03:40:06;E10,899806;N48,374250;500,0;300;SW V1-11 (2020-06-17);2019-06-11 14:16:04;original set-up
2020-08-17 05:45:06;SN19006;measure;5,83;4,50;4,15;21524,8;1368,6;337,8;83,3;92,1;79,0;35,1;8,8;21,9;8,8;4,4;4,4;0,0;0,0;0,0;0,0;0,0;0,0;0,0;0,0;0,0;0,0;0,0;0,0;177340608;18,9;28,4;41,9;2020-08-17 03:45:06;E10,899806;N48,374250;500,0;300;SW V1-11 (2020-06-17);2019-06-11 14:16:04;original set-up
2020-08-17 05:50:06;SN19006;measure;6,26;4,67;4,16;21708,0;1521,0;366,1;82,8;117,7;74,1;78,4;21,8;17,4;8,7;8,7;4,4;0,0;0,0;0,0;0,0;0,0;0,0;0,0;0,0;0,0;0,0;0,0;0,0;177340608;18,8;28,3;42,0;2020-08-17 03:50:06;E10,899806;N48,374250;500,0;300;SW V1-11 (2020-06-17);2019-06-11 14:16:04;original set-up
2020-08-17 05:55:06;SN19006;measure;5,97;4,33;3,97;20509,5;1342,3;418,4;139,5;113,3;82,8;21,8;17,4;21,8;8,7;8,7;4,4;0,0;0,0;0,0;0,0;0,0;0,0;0,0;0,0;0,0;0,0;0,0;0,0;177340608;18,9;28,3;42,1;2020-08-17 03:55:06;E10,899806;N48,374250;500,0;300;SW V1-11 (2020-06-17);2019-06-11 14:16:04;original set-up
2020-08-17 06:00:06;SN19006;measure;5,28;4,30;3,94;20533,0;1427,0;333,4;88,9;164,5;66,7;31,1;17,8;17,8;0,0;8,9;0,0;0,0;0,0;0,0;0,0;0,0;0,0;0,0;0,0;0,0;0,0;0,0;0,0;177340608;18,8;28,2;42,3;2020-08-17 04:00:06;E10,899806;N48,374250;500,0;300;SW V1-11 (2020-06-17);2019-06-11 14:16:04;original set-up
2020-08-17 06:05:06;SN19006;measure;4,69;4,20;3,72;19103,2;1248,5;358,0;152,1;116,3;125,3;49,2;13,4;4,5;8,9;0,0;0,0;0,0;0,0;0,0;0,0;0,0;0,0;0,0;0,0;0,0;0,0;0,0;0,0;177340608;18,9;28,2;42,5;2020-08-17 04:05:06;E10,899806;N48,374250;500,0;300;SW V1-11 (2020-06-17);2019-06-11 14:16:04;original set-up
2020-08-17 06:10:06;SN19006;measure;4,51;3,88;3,51;18573,3;1276,2;362,1;92,7;88,3;61,8;61,8;4,4;8,8;4,4;0,0;4,4;0,0;0,0;0,0;0,0;0,0;0,0;0,0;0,0;0,0;0,0;0,0;0,0;177340608;18,6;28,2;42,5;2020-08-17 04:10:06;E10,899806;N48,374250;500,0;300;SW V1-11 (2020-06-17);2019-06-11 14:16:04;original set-up
2020-08-17 06:15:06;SN19006;measure;4,64;3,81;3,38;17521,0;1223,9;364,1;87,7;87,7;87,7;43,9;26,3;17,5;8,8;0,0;0,0;0,0;0,0;0,0;0,0;0,0;0,0;0,0;0,0;0,0;0,0;0,0;0,0;177340608;18,9;28,1;42,6;2020-08-17 04:15:06;E10,899806;N48,374250;500,0;300;SW V1-11 (2020-06-17);2019-06-11 14:16:04;original set-up
2020-08-17 06:20:06;SN19006;measure;4,34;3,73;3,38;17464,6;1177,9;422,3;80,0;151,1;57,8;31,1;26,7;13,3;4,4;0,0;0,0;0,0;0,0;0,0;0,0;0,0;0,0;0,0;0,0;0,0;0,0;0,0;0,0;177340608;18,9;28,1;42,6;2020-08-17 04:20:06;E10,899806;N48,374250;500,0;300;SW V1-11 (2020-06-17);2019-06-11 14:16:04;original set-up
2020-08-17 06:25:06;SN19006;measure;4,17;3,76;3,34;17213,2;1386,6;304,7;132,5;83,9;83,9;61,8;13,2;0,0;8,8;0,0;0,0;0,0;0,0;0,0;0,0;0,0;0,0;0,0;0,0;0,0;0,0;0,0;0,0;177340608;18,9;28,1;42,7;2020-08-17 04:25:06;E10,899806;N48,374250;500,0;300;SW V1-11 (2020-06-17);2019-06-11 14:16:04;original set-up
2020-08-17 06:30:06;SN19006;measure;5,10;3,71;3,38;17345,9;1306,2;296,9;118,7;91,3;68,5;27,4;13,7;22,8;0,0;9,1;4,6;0,0;0,0;0,0;0,0;0,0;0,0;0,0;0,0;0,0;0,0;0,0;0,0;177340608;18,9;28,1;42,7;2020-08-17 04:30:06;E10,899806;N48,374250;500,0;300;SW V1-11 (2020-06-17);2019-06-11 14:16:04;original set-up
2020-08-17 06:35:06;SN19006;measure;4,02;3,69;3,28;16891,1;1207,1;361,7;91,5;122,0;65,4;61,0;13,1;4,4;4,4;0,0;0,0;0,0;0,0;0,0;0,0;0,0;0,0;0,0;0,0;0,0;0,0;0,0;0,0;177340608;18,9;28,1;42,7;2020-08-17 04:35:06;E10,899806;N48,374250;500,0;300;SW V1-11 (2020-06-17);2019-06-11 14:16:04;original set-up
2020-08-17 06:40:06;SN19006;measure;4,87;3,49;3,16;16342,3;1138,5;326,6;127,0;158,8;49,9;27,2;18,1;18,1;4,5;4,5;0,0;4,5;0,0;0,0;0,0;0,0;0,0;0,0;0,0;0,0;0,0;0,0;0,0;177340608;18,9;28,1;42,9;2020-08-17 04:40:06;E10,899806;N48,374250;500,0;300;SW V1-11 (2020-06-17);2019-06-11 14:16:04;original set-up
2020-08-17 06:45:06;SN19006;measure;5,18;3,50;3,11;15971,4;1188,4;344,7;127,0;122,5;68,0;36,3;22,7;18,1;4,5;9,1;0,0;4,5;0,0;0,0;0,0;0,0;0,0;0,0;0,0;0,0;0,0;0,0;0,0;177340608;18,9;28,1;42,8;2020-08-17 04:45:06;E10,899806;N48,374250;500,0;300;SW V1-11 (2020-06-17);2019-06-11 14:16:04;original set-up
2020-08-17 06:50:06;SN19006;measure;3,80;3,53;3,08;15876,2;1115,9;326,6;117,9;131,5;108,9;45,4;22,7;4,5;0,0;0,0;0,0;0,0;0,0;0,0;0,0;0,0;0,0;0,0;0,0;0,0;0,0;0,0;0,0;177340608;18,9;28,1;42,9;2020-08-17 04:50:06;E10,899806;N48,374250;500,0;300;SW V1-11 (2020-06-17);2019-06-11 14:16:04;original set-up
2020-08-17 06:55:06;SN19006;measure;4,23;3,30;2,90;14798,5;1120,2;382,3;71,1;93,4;88,9;40,0;26,7;4,4;4,4;0,0;0,0;4,4;0,0;0,0;0,0;0,0;0,0;0,0;0,0;0,0;0,0;0,0;0,0;177340608;19,1;28,0;42,9;2020-08-17 04:55:06;E10,899806;N48,374250;500,0;300;SW V1-11 (2020-06-17);2019-06-11 14:16:04;original set-up
2020-08-17 07:00:06;SN19006;measure;4,03;3,26;2,84;14342,9;1015,9;308,8;143,2;152,2;80,6;40,3;22,4;9,0;9,0;0,0;0,0;0,0;4,5;0,0;0,0;0,0;0,0;0,0;0,0;0,0;0,0;0,0;0,0;177340608;19,1;28,1;42,9;2020-08-17 05:00:06;E10,899806;N48,374250;500,0;300;SW V1-11 (2020-06-17);2019-06-11 14:16:04;original set-up
2020-08-17 07:05:06;SN19006;measure;5,07;3,51;3,02;15238,8;947,3;326,5;160,9;115,0;82,8;69,0;13,8;0,0;18,4;13,8;0,0;0,0;0,0;0,0;0,0;0,0;0,0;0,0;4,6;0,0;0,0;0,0;0,0;177340608;19,2;28,1;42,8;2020-08-17 05:05:06;E10,899806;N48,374250;500,0;300;SW V1-11 (2020-06-17);2019-06-11 14:16:04;original set-up
2020-08-17 07:10:06;SN19006;measure;4,08;3,12;2,76;13884,1;1064,1;333,4;100,5;77,6;77,6;45,7;4,6;9,1;4,6;4,6;4,6;0,0;0,0;0,0;0,0;0,0;0,0;0,0;0,0;0,0;0,0;0,0;0,0;177340608;19,2;28,2;42,8;2020-08-17 05:10:06;E10,899806;N48,374250;500,0;300;SW V1-11 (2020-06-17);2019-06-11 14:16:04;original set-up
2020-08-17 07:15:06;SN19006;measure;3,69;3,24;2,90;14246,8;1006,9;362,9;104,3;154,2;81,6;18,1;22,7;4,5;4,5;0,0;0,0;0,0;0,0;0,0;0,0;0,0;0,0;0,0;0,0;0,0;0,0;0,0;0,0;177340608;19,5;28,2;42,5;2020-08-17 05:15:06;E10,899806;N48,374250;500,0;300;SW V1-11 (2020-06-17);2019-06-11 14:16:04;original set-up
2020-08-17 07:20:06;SN19006;measure;3,89;3,26;2,79;13694,3;1011,5;299,4;81,6;99,8;86,2;63,5;13,6;18,1;4,5;0,0;0,0;0,0;0,0;0,0;0,0;0,0;0,0;0,0;0,0;0,0;0,0;0,0;0,0;177340608;19,6;28,3;42,5;2020-08-17 05:20:06;E10,899806;N48,374250;500,0;300;SW V1-11 (2020-06-17);2019-06-11 14:16:04;original set-up
2020-08-17 07:25:06;SN19006;measure;3,67;3,02;2,74;13567,5;972,4;324,1;106,5;92,6;37,0;23,2;27,8;4,6;9,3;0,0;0,0;0,0;0,0;0,0;0,0;0,0;0,0;0,0;0,0;0,0;0,0;0,0;0,0;177340608;19,4;28,4;42,1;2020-08-17 05:25:06;E10,899806;N48,374250;500,0;300;SW V1-11 (2020-06-17);2019-06-11 14:16:04;original set-up
2020-08-17 07:30:06;SN19006;measure;4,51;3,20;2,71;13321,7;930,8;281,9;116,3;143,2;71,6;62,6;17,9;17,9;0,0;0,0;4,5;4,5;0,0;0,0;0,0;0,0;0,0;0,0;0,0;0,0;0,0;0,0;0,0;177340608;19,6;28,5;42,1;2020-08-17 05:30:06;E10,899806;N48,374250;500,0;300;SW V1-11 (2020-06-17);2019-06-11 14:16:04;original set-up
2020-08-17 07:35:06;SN19006;measure;4,34;2,90;2,64;13368,2;1011,7;358,7;110,4;133,4;69,0;9,2;9,2;9,2;4,6;9,2;0,0;4,6;0,0;0,0;0,0;0,0;0,0;0,0;0,0;0,0;0,0;0,0;0,0;177340608;19,2;28,6;42,1;2020-08-17 05:35:06;E10,899806;N48,374250;500,0;300;SW V1-11 (2020-06-17);2019-06-11 14:16:04;original set-up
2020-08-17 07:40:06;SN19006;measure;4,55;3,13;2,66;13479,7;946,5;279,8;102,6;107,2;51,3;74,6;18,7;18,7;9,3;4,7;4,7;0,0;0,0;0,0;0,0;0,0;0,0;0,0;0,0;0,0;0,0;0,0;0,0;177340608;19,3;28,7;41,9;2020-08-17 05:40:06;E10,899806;N48,374250;500,0;300;SW V1-11 (2020-06-17);2019-06-11 14:16:04;original set-up
2020-08-17 07:45:06;SN19006;measure;9,25;3,45;2,67;13027,4;881,2;419,6;163,2;163,2;135,2;74,6;42,0;56,0;28,0;23,3;4,7;14,0;4,7;0,0;0,0;0,0;0,0;0,0;4,7;4,7;0,0;0,0;0,0;177340608;19,6;28,7;41,5;2020-08-17 05:45:06;E10,899806;N48,374250;500,0;300;SW V1-11 (2020-06-17);2019-06-11 14:16:04;original set-up
2020-08-17 07:50:06;SN19006;measure;5,28;3,16;2,57;12724,4;956,5;289,7;147,2;96,6;101,2;73,6;13,8;36,8;9,2;9,2;4,6;0,0;4,6;9,2;0,0;0,0;0,0;0,0;0,0;0,0;0,0;0,0;0,0;177340608;19,5;28,7;41,6;2020-08-17 05:50:06;E10,899806;N48,374250;500,0;300;SW V1-11 (2020-06-17);2019-06-11 14:16:04;original set-up
2020-08-17 07:55:06;SN19006;measure;5,31;2,89;2,48;12319,5;1021,2;345,1;74,6;111,9;97,9;37,3;23,3;9,3;14,0;9,3;14,0;0,0;0,0;0,0;0,0;0,0;0,0;0,0;0,0;0,0;0,0;0,0;0,0;177340608;19,6;28,9;41,7;2020-08-17 05:55:06;E10,899806;N48,374250;500,0;300;SW V1-11 (2020-06-17);2019-06-11 14:16:04;original set-up
2020-08-17 08:00:06;SN19006;measure;5,45;2,79;2,43;12143,3;835,8;305,2;70,4;117,4;65,7;18,8;32,9;23,5;23,5;4,7;4,7;4,7;0,0;0,0;0,0;0,0;0,0;0,0;0,0;0,0;0,0;0,0;0,0;177340608;19,6;28,9;41,4;2020-08-17 06:00:06;E10,899806;N48,374250;500,0;300;SW V1-11 (2020-06-17);2019-06-11 14:16:04;original set-up
2020-08-17 08:05:06;SN19006;measure;4,46;2,76;2,38;11988,9;991,2;261,3;90,1;130,7;54,1;40,5;18,0;27,0;13,5;4,5;4,5;0,0;0,0;0,0;0,0;0,0;0,0;0,0;0,0;0,0;0,0;0,0;0,0;177340608;19,4;29,0;41,2;2020-08-17 06:05:06;E10,899806;N48,374250;500,0;300;SW V1-11 (2020-06-17);2019-06-11 14:16:04;original set-up
2020-08-17 08:10:06;SN19006;measure;4,44;2,73;2,32;11988,8;793,8;240,4;86,2;117,9;72,6;49,9;13,6;27,2;9,1;13,6;0,0;0,0;0,0;0,0;0,0;0,0;0,0;0,0;0,0;0,0;0,0;0,0;0,0;177340608;19,2;29,1;41,4;2020-08-17 06:10:06;E10,899806;N48,374250;500,0;300;SW V1-11 (2020-06-17);2019-06-11 14:16:04;original set-up
2020-08-17 08:15:06;SN19006;measure;3,64;2,79;2,36;12310,9;925,4;313,0;104,3;117,9;90,7;45,4;18,1;22,7;9,1;0,0;0,0;0,0;0,0;0,0;0,0;0,0;0,0;0,0;0,0;0,0;0,0;0,0;0,0;177340608;19,1;29,1;41,4;2020-08-17 06:15:06;E10,899806;N48,374250;500,0;300;SW V1-11 (2020-06-17);2019-06-11 14:16:04;original set-up
2020-08-17 08:20:06;SN19006;measure;4,86;3,12;2,51;12774,9;838,1;384,3;148,2;148,2;69,5;78,7;32,4;37,0;13,9;0,0;4,6;0,0;0,0;0,0;4,6;4,6;0,0;0,0;0,0;0,0;0,0;0,0;0,0;177340608;19,3;29,1;41,2;2020-08-17 06:20:06;E10,899806;N48,374250;500,0;300;SW V1-11 (2020-06-17);2019-06-11 14:16:04;original set-up
2020-08-17 08:25:06;SN19006;measure;5,55;2,98;2,51;12710,3;886,0;356,2;68,5;95,9;95,9;54,8;27,4;13,7;18,3;9,1;4,6;4,6;4,6;0,0;0,0;0,0;0,0;0,0;0,0;0,0;0,0;0,0;0,0;177340608;19,5;29,1;41,4;2020-08-17 06:25:06;E10,899806;N48,374250;500,0;300;SW V1-11 (2020-06-17);2019-06-11 14:16:04;original set-up
2020-08-17 08:30:06;SN19006;measure;6,92;2,91;2,46;12404,4;791,8;338,0;60,2;64,8;55,6;74,1;9,3;32,4;23,2;23,2;9,3;4,6;0,0;0,0;4,6;0,0;0,0;0,0;0,0;0,0;0,0;0,0;0,0;177340608;19,6;29,0;41,6;2020-08-17 06:30:06;E10,899806;N48,374250;500,0;300;SW V1-11 (2020-06-17);2019-06-11 14:16:04;original set-up
2020-08-17 08:35:06;SN19006;measure;3,43;2,59;2,33;11577,7;849,5;296,9;68,5;132,4;45,7;13,7;22,8;9,1;13,7;0,0;0,0;0,0;0,0;0,0;0,0;0,0;0,0;0,0;0,0;0,0;0,0;0,0;0,0;177340608;19,8;29,0;41,7;2020-08-17 06:35:06;E10,899806;N48,374250;500,0;300;SW V1-11 (2020-06-17);2019-06-11 14:16:04;original set-up
2020-08-17 08:40:06;SN19006;measure;4,62;2,68;2,24;11097,7;765,2;210,3;58,2;67,1;49,2;53,7;40,3;22,4;13,4;4,5;4,5;0,0;4,5;0,0;0,0;0,0;0,0;0,0;0,0;4,5;0,0;0,0;0,0;177340608;19,8;29,0;41,4;2020-08-17 06:40:06;E10,899806;N48,374250;500,0;300;SW V1-11 (2020-06-17);2019-06-11 14:16:04;original set-up
2020-08-17 08:45:06;SN19006;measure;4,24;2,53;2,23;10990,5;750,7;251,8;97,9;125,9;56,0;23,3;9,3;18,7;18,7;4,7;4,7;0,0;0,0;0,0;0,0;0,0;0,0;0,0;0,0;0,0;0,0;0,0;0,0;177340608;19,6;29,0;41,0;2020-08-17 06:45:06;E10,899806;N48,374250;500,0;300;SW V1-11 (2020-06-17);2019-06-11 14:16:04;original set-up
2020-08-17 08:50:06;SN19006;measure;4,42;2,68;2,29;11268,4;906,7;287,8;86,3;115,1;67,2;38,4;24,0;14,4;9,6;9,6;4,8;0,0;0,0;0,0;0,0;0,0;0,0;0,0;0,0;0,0;0,0;0,0;0,0;177340608;19,6;29,1;40,7;2020-08-17 06:50:06;E10,899806;N48,374250;500,0;300;SW V1-11 (2020-06-17);2019-06-11 14:16:04;original set-up
2020-08-17 08:55:06;SN19006;measure;4,11;2,83;2,34;11436,1;762,7;260,3;73,1;109,6;63,9;68,5;22,8;13,7;13,7;0,0;4,6;0,0;0,0;0,0;0,0;0,0;0,0;0,0;0,0;0,0;0,0;0,0;0,0;177340608;19,8;29,1;40,8;2020-08-17 06:55:06;E10,899806;N48,374250;500,0;300;SW V1-11 (2020-06-17);2019-06-11 14:16:04;original set-up
2020-08-17 09:00:06;SN19006;measure;3,40;2,55;2,18;11258,5;734,8;244,9;117,9;81,6;45,4;40,8;27,2;18,1;9,1;0,0;0,0;0,0;0,0;0,0;0,0;0,0;0,0;0,0;0,0;0,0;0,0;0,0;0,0;177340608;19,3;29,1;41,6;2020-08-17 07:00:06;E10,899806;N48,374250;500,0;300;SW V1-11 (2020-06-17);2019-06-11 14:16:04;original set-up
2020-08-17 09:05:06;SN19006;measure;3,53;2,32;1,91;9946,9;734,8;199,6;86,2;104,3;77,1;59,0;18,1;4,5;0,0;4,5;9,1;0,0;4,5;0,0;0,0;0,0;0,0;0,0;0,0;0,0;0,0;0,0;0,0;177340608;19,2;29,0;41,7;2020-08-17 07:05:06;E10,899806;N48,374250;500,0;300;SW V1-11 (2020-06-17);2019-06-11 14:16:04;original set-up
2020-08-17 09:10:06;SN19006;measure;2,69;2,23;2,00;10391,7;821,8;291,1;84,5;61,0;37,6;18,8;23,5;0,0;0,0;4,7;0,0;0,0;0,0;4,7;0,0;0,0;0,0;0,0;0,0;0,0;0,0;0,0;4,7;177340608;19,1;29,0;41,4;2020-08-17 07:10:06;E10,899806;N48,374250;500,0;300;SW V1-11 (2020-06-17);2019-06-11 14:16:04;original set-up
2020-08-17 09:15:06;SN19006;measure;4,16;2,26;1,88;9997,4;745,5;296,4;60,2;134,3;60,2;46,3;27,8;13,9;9,3;9,3;9,3;0,0;0,0;23,2;4,6;9,3;9,3;13,9;23,2;13,9;9,3;9,3;60,2;177340608;18,8;28,9;41,6;2020-08-17 07:15:06;E10,899806;N48,374250;500,0;300;SW V1-11 (2020-06-17);2019-06-11 14:16:04;original set-up
2020-08-17 09:20:06;SN19006;measure;12,62;2,23;1,72;11209,7;969,9;419,7;116,6;125,9;79,3;69,9;60,6;46,6;37,3;37,3;65,3;32,6;28,0;51,3;32,6;14,0;28,0;28,0;14,0;23,3;9,3;23,3;32,6;177340608;17,5;28,7;42,8;2020-08-17 07:20:06;E10,899806;N48,374250;500,0;300;SW V1-11 (2020-06-17);2019-06-11 14:16:04;original set-up
2020-08-17 09:25:06;SN19006;measure;4,57;2,21;1,81;12553,4;1126,6;395,5;147,1;142,5;119,6;55,2;23,0;23,0;46,0;9,2;4,6;0,0;9,2;4,6;4,6;0,0;4,6;9,2;4,6;9,2;4,6;0,0;27,6;177340608;17,4;28,3;44,3;2020-08-17 07:25:06;E10,899806;N48,374250;500,0;300;SW V1-11 (2020-06-17);2019-06-11 14:16:04;original set-up
2020-08-17 09:30:06;SN19006;measure;11,42;1,86;1,46;11834,5;1161,1;415,0;97,9;149,2;107,2;93,3;23,3;28,0;23,3;37,3;93,3;46,6;14,0;18,7;9,3;18,7;23,3;23,3;18,7;18,7;18,7;9,3;23,3;177340608;17,1;27,9;45,9;2020-08-17 07:30:06;E10,899806;N48,374250;500,0;300;SW V1-11 (2020-06-17);2019-06-11 14:16:04;original set-up
2020-08-17 09:35:06;SN19006;measure;5,15;1,95;1,59;12748,5;1263,7;443,0;177,2;167,9;102,6;42,0;46,6;28,0;14,0;23,3;18,7;9,3;4,7;4,7;9,3;9,3;4,7;14,0;9,3;4,7;4,7;0,0;23,3;177340608;17,2;27,6;47,1;2020-08-17 07:35:06;E10,899806;N48,374250;500,0;300;SW V1-11 (2020-06-17);2019-06-11 14:16:04;original set-up
2020-08-17 09:40:06;SN19006;measure;2,96;2,14;1,83;13569,9;1126,9;450,8;112,7;206,6;79,8;42,3;23,5;14,1;9,4;0,0;4,7;0,0;4,7;0,0;0,0;0,0;0,0;0,0;0,0;0,0;0,0;0,0;0,0;177340608;17,5;27,4;47,8;2020-08-17 07:40:06;E10,899806;N48,374250;500,0;300;SW V1-11 (2020-06-17);2019-06-11 14:16:04;original set-up
2020-08-17 09:45:06;SN19006;measure;4,76;2,17;1,89;14683,7;1361,8;460,2;108,0;192,5;75,1;61,0;0,0;9,4;18,8;4,7;32,9;4,7;4,7;4,7;0,0;0,0;9,4;9,4;0,0;0,0;4,7;9,4;9,4;177340608;17,5;27,2;48,8;2020-08-17 07:45:06;E10,899806;N48,374250;500,0;300;SW V1-11 (2020-06-17);2019-06-11 14:16:04;original set-up
2020-08-17 09:50:06;SN19006;measure;4,68;2,11;1,78;13678,8;1094,1;319,3;89,2;169,0;84,5;56,3;18,8;32,9;4,7;9,4;18,8;9,4;4,7;0,0;0,0;9,4;4,7;4,7;0,0;4,7;4,7;4,7;0,0;177340608;17,6;27,1;49,4;2020-08-17 07:50:06;E10,899806;N48,374250;500,0;300;SW V1-11 (2020-06-17);2019-06-11 14:16:04;original set-up
2020-08-17 09:55:06;SN19006;measure;3,68;2,13;1,89;13131,4;1055,7;291,7;69,5;92,6;64,8;41,7;4,6;18,5;4,6;0,0;0,0;13,9;4,6;0,0;0,0;0,0;0,0;0,0;4,6;0,0;9,3;0,0;13,9;177340608;18,0;27,0;49,5;2020-08-17 07:55:06;E10,899806;N48,374250;500,0;300;SW V1-11 (2020-06-17);2019-06-11 14:16:04;original set-up
