***begin of header***
date&time [local time];serial-no;type;PM10 [ug/m3];PM2.5 [ug/m3];PM1 [ug/m3];0,35 [um];0,46 [um];0,66 [um];1,0 [um];1,3 [um];1,7 [um];2,3 [um];3,0 [um];4,0 [um];5,2 [um];6,5 [um];8,0 [um];10 [um];12 [um];14 [um];16 [um];18 [um];20 [um];22 [um];25 [um];28 [um];31 [um];34 [um];37 [um];serial-OPC;T-out [°C];T-aerosol [°C];rH [%];date&time [UTC];longitude [°];latitude [°];height [m];time-resolution [s];software-version;last calibration [local time];configuration version
***end of header***
2020-08-16 00:00:06;SN19019;measure;14,59;13,99;13,44;77561,5;5219,4;770,3;109,2;235,7;109,2;69,0;28,7;23,0;0,0;0,0;0,0;0,0;0,0;5,7;0,0;0,0;0,0;0,0;0,0;0,0;0,0;0,0;0,0;177340911;20,4;30,9;42,4;2020-08-15 22:00:06;E10,888288;N48,376462;491,800;300;SW V1-11 (2020-06-17);2019-06-11 14:16:04;original set-up
2020-08-16 00:05:06;SN19019;measure;15,52;14,26;13,71;79603,8;5091,1;864,5;186,5;146,9;169,5;39,6;33,9;22,6;11,3;5,7;0,0;0,0;0,0;0,0;0,0;0,0;0,0;0,0;0,0;0,0;0,0;0,0;0,0;177340911;20,3;30,8;42,5;2020-08-15 22:05:06;E10,888397;N48,376478;488,100;300;SW V1-11 (2020-06-17);2019-06-11 14:16:04;original set-up
2020-08-16 00:10:06;SN19019;measure;13,93;13,51;13,01;78539,9;5180,5;740,9;176,7;182,4;114,0;57,0;34,2;11,4;0,0;0,0;0,0;0,0;0,0;0,0;0,0;0,0;0,0;0,0;0,0;0,0;0,0;0,0;0,0;177340911;20,0;30,7;42,7;2020-08-15 22:10:06;E10,888398;N48,376492;488,600;300;SW V1-11 (2020-06-17);2019-06-11 14:16:04;original set-up
2020-08-16 00:15:06;SN19019;measure;14,96;14,08;13,53;79740,5;5104,1;655,3;149,4;172,4;132,2;80,5;23,0;0,0;5,7;0,0;0,0;5,7;0,0;0,0;0,0;0,0;0,0;0,0;0,0;0,0;0,0;0,0;0,0;177340911;20,2;30,7;42,9;2020-08-15 22:15:06;E10,888312;N48,376487;494,100;300;SW V1-11 (2020-06-17);2019-06-11 14:16:04;original set-up
2020-08-16 00:20:06;SN19019;measure;14,75;14,37;13,97;83350,0;5598,8;942,7;189,7;212,7;74,7;46,0;17,2;5,7;5,7;0,0;0,0;0,0;0,0;0,0;0,0;0,0;0,0;0,0;0,0;0,0;0,0;0,0;0,0;177340911;20,1;30,5;43,1;2020-08-15 22:20:06;E10,888303;N48,376555;492,900;300;SW V1-11 (2020-06-17);2019-06-11 14:16:04;original set-up
2020-08-16 00:25:06;SN19019;measure;15,04;14,13;13,68;84467,2;5954,4;994,4;181,3;245,7;105,3;46,8;17,5;29,2;11,7;0,0;0,0;0,0;0,0;0,0;0,0;0,0;0,0;0,0;0,0;0,0;0,0;0,0;0,0;177340911;19,8;30,5;43,3;2020-08-15 22:25:06;E10,888278;N48,376482;496,100;300;SW V1-11 (2020-06-17);2019-06-11 14:16:04;original set-up
2020-08-16 00:30:06;SN19019;measure;15,93;14,86;14,35;86255,0;6238,5;892,9;197,1;208,7;121,8;52,2;34,8;11,6;0,0;5,8;5,8;0,0;0,0;0,0;0,0;0,0;0,0;0,0;0,0;0,0;0,0;0,0;0,0;177340911;20,0;30,4;43,5;2020-08-15 22:30:06;E10,888295;N48,376522;495,400;300;SW V1-11 (2020-06-17);2019-06-11 14:16:04;original set-up
2020-08-16 00:35:06;SN19019;measure;16,01;14,82;14,34;88011,8;6244,7;829,2;226,1;185,5;116,0;52,2;29,0;5,8;17,4;5,8;0,0;0,0;5,8;0,0;0,0;0,0;0,0;0,0;0,0;0,0;0,0;0,0;0,0;177340911;19,9;30,3;43,7;2020-08-15 22:35:06;E10,888370;N48,376588;494,600;300;SW V1-11 (2020-06-17);2019-06-11 14:16:04;original set-up
2020-08-16 00:40:06;SN19019;measure;15,51;14,97;14,52;86609,2;6627,3;885,2;178,2;183,9;103,5;63,2;0,0;23,0;5,7;0,0;0,0;0,0;0,0;0,0;0,0;0,0;0,0;0,0;0,0;0,0;0,0;0,0;0,0;177340911;20,1;30,2;43,9;2020-08-15 22:40:06;E10,888357;N48,376523;489,700;300;SW V1-11 (2020-06-17);2019-06-11 14:16:04;original set-up
2020-08-16 00:45:06;SN19019;measure;16,52;15,19;14,73;91328,6;7116,4;1017,4;247,2;224,2;57,5;63,2;28,7;11,5;5,7;5,7;0,0;5,7;0,0;0,0;0,0;5,7;0,0;0,0;0,0;0,0;0,0;0,0;0,0;177340911;19,8;30,2;44,2;2020-08-15 22:45:06;E10,888378;N48,376527;486,500;300;SW V1-11 (2020-06-17);2019-06-11 14:16:04;original set-up
2020-08-16 00:50:06;SN19019;measure;16,20;15,78;15,37;92300,1;7541,7;1132,4;224,2;252,9;103,5;40,2;11,5;0,0;0,0;0,0;5,7;0,0;0,0;0,0;0,0;0,0;0,0;0,0;0,0;0,0;0,0;0,0;0,0;177340911;20,0;30,1;44,2;2020-08-15 22:50:06;E10,888377;N48,376497;489,700;300;SW V1-11 (2020-06-17);2019-06-11 14:16:04;original set-up
2020-08-16 00:55:06;SN19019;measure;16,30;15,95;15,48;93104,4;7587,2;954,2;258,7;172,4;137,9;40,2;11,5;17,2;0,0;0,0;0,0;0,0;0,0;0,0;0,0;0,0;0,0;0,0;0,0;0,0;0,0;0,0;0,0;177340911;20,0;30,1;44,3;2020-08-15 22:55:06;E10,888417;N48,376587;487,900;300;SW V1-11 (2020-06-17);2019-06-11 14:16:04;original set-up
2020-08-16 01:00:06;SN19019;measure;16,04;15,46;14,90;95404,1;7691,2;1005,9;212,7;224,2;143,7;69,0;23,0;28,7;0,0;0,0;0,0;0,0;0,0;0,0;0,0;0,0;0,0;0,0;0,0;0,0;0,0;0,0;0,0;177340911;19,6;30,1;44,4;2020-08-15 23:00:06;E10,888402;N48,376537;487,700;300;SW V1-11 (2020-06-17);2019-06-11 14:16:04;original set-up
2020-08-16 01:05:06;SN19019;measure;16,31;15,27;14,88;95897,8;8047,0;1161,1;218,4;247,2;80,5;57,5;11,5;0,0;5,7;0,0;5,7;5,7;0,0;0,0;0,0;0,0;0,0;0,0;0,0;0,0;0,0;0,0;0,0;177340911;19,6;30,1;44,4;2020-08-15 23:05:06;E10,888398;N48,376538;491,500;300;SW V1-11 (2020-06-17);2019-06-11 14:16:04;original set-up
2020-08-16 01:10:06;SN19019;measure;15,67;15,40;14,93;96300,9;8179,8;1299,1;229,9;189,7;92,0;80,5;17,2;0,0;5,7;0,0;0,0;0,0;0,0;0,0;0,0;0,0;0,0;0,0;0,0;0,0;0,0;0,0;0,0;177340911;19,6;30,0;44,6;2020-08-15 23:10:06;E10,888413;N48,376555;495,300;300;SW V1-11 (2020-06-17);2019-06-11 14:16:04;original set-up
2020-08-16 01:15:06;SN19019;measure;15,68;14,97;14,44;98495,9;8708,1;1189,8;206,9;229,9;137,9;86,2;11,5;17,2;5,7;5,7;0,0;0,0;0,0;0,0;0,0;0,0;0,0;0,0;0,0;0,0;0,0;0,0;0,0;177340911;19,2;29,9;44,8;2020-08-15 23:15:06;E10,888405;N48,376552;492,000;300;SW V1-11 (2020-06-17);2019-06-11 14:16:04;original set-up
2020-08-16 01:20:06;SN19019;measure;16,01;15,82;15,40;103427,6;9110,4;1258,8;183,9;293,1;155,2;28,7;17,2;5,7;0,0;0,0;0,0;0,0;0,0;0,0;0,0;0,0;0,0;0,0;0,0;0,0;0,0;0,0;0,0;177340911;19,3;29,8;44,9;2020-08-15 23:20:06;E10,888410;N48,376535;494,600;300;SW V1-11 (2020-06-17);2019-06-11 14:16:04;original set-up
2020-08-16 01:25:06;SN19019;measure;16,54;15,57;14,98;103193,1;8829,4;1235,9;247,2;252,9;155,2;92,0;28,7;17,2;11,5;5,7;0,0;0,0;0,0;0,0;5,7;0,0;0,0;0,0;0,0;0,0;0,0;0,0;0,0;177340911;19,2;29,8;45,1;2020-08-15 23:25:06;E10,888343;N48,376487;488,800;300;SW V1-11 (2020-06-17);2019-06-11 14:16:04;original set-up
2020-08-16 01:30:06;SN19019;measure;16,58;15,23;14,80;104589,9;9478,9;1264,6;235,7;138,0;92,0;69,0;34,5;11,5;0,0;5,7;5,7;5,7;0,0;0,0;0,0;0,0;0,0;0,0;0,0;0,0;0,0;0,0;0,0;177340911;19,1;29,7;45,3;2020-08-15 23:30:06;E10,888365;N48,376543;481,700;300;SW V1-11 (2020-06-17);2019-06-11 14:16:04;original set-up
2020-08-16 01:35:06;SN19019;measure;17,14;16,32;15,72;106519,9;9179,4;1419,7;287,4;155,2;160,9;97,7;28,7;5,7;0,0;5,7;5,7;0,0;0,0;0,0;0,0;0,0;0,0;0,0;0,0;0,0;0,0;0,0;0,0;177340911;19,2;29,6;45,5;2020-08-15 23:35:06;E10,888367;N48,376518;482,500;300;SW V1-11 (2020-06-17);2019-06-11 14:16:04;original set-up
2020-08-16 01:40:06;SN19019;measure;16,95;16,54;16,11;105457,9;9375,4;1212,9;241,4;218,4;115,0;46,0;11,5;23,0;0,0;0,0;0,0;0,0;0,0;0,0;0,0;0,0;0,0;0,0;0,0;0,0;0,0;0,0;0,0;177340911;19,4;29,5;45,7;2020-08-15 23:40:06;E10,888350;N48,376543;482,500;300;SW V1-11 (2020-06-17);2019-06-11 14:16:04;original set-up
2020-08-16 01:45:06;SN19019;measure;17,72;16,56;16,10;108250,1;10145,0;1327,8;212,7;218,4;137,9;57,5;5,7;28,7;5,7;5,7;5,7;0,0;0,0;0,0;0,0;0,0;0,0;0,0;0,0;0,0;0,0;0,0;0,0;177340911;19,3;29,5;45,8;2020-08-15 23:45:06;E10,888352;N48,376478;483,500;300;SW V1-11 (2020-06-17);2019-06-11 14:16:04;original set-up
2020-08-16 01:50:06;SN19019;measure;16,57;16,19;15,73;110250,3;10386,4;1304,8;270,2;172,4;137,9;63,2;11,5;23,0;0,0;0,0;0,0;0,0;0,0;0,0;0,0;0,0;0,0;0,0;0,0;0,0;0,0;0,0;0,0;177340911;19,1;29,5;45,8;2020-08-15 23:50:06;E10,888385;N48,376510;481,700;300;SW V1-11 (2020-06-17);2019-06-11 14:16:04;original set-up
2020-08-16 01:55:06;SN19019;measure;18,53;17,64;17,16;113108,8;10111,2;1247,4;241,4;183,9;166,7;34,5;34,5;17,2;5,7;5,7;0,0;0,0;0,0;0,0;0,0;0,0;0,0;0,0;0,0;0,0;0,0;0,0;0,0;177340911;19,4;29,5;45,7;2020-08-15 23:55:06;E10,888363;N48,376547;477,000;300;SW V1-11 (2020-06-17);2019-06-11 14:16:04;original set-up
2020-08-16 02:00:06;SN19019;measure;17,00;16,72;16,29;107558,2;10222,4;1599,2;169,5;220,4;73,5;79,1;17,0;11,3;0,0;0,0;0,0;0,0;0,0;0,0;0,0;0,0;0,0;0,0;0,0;0,0;0,0;0,0;0,0;177340911;19,4;29,5;45,9;2020-08-16 00:00:06;E10,888393;N48,376520;476,700;300;SW V1-11 (2020-06-17);2019-06-11 14:16:04;original set-up
2020-08-16 02:05:06;SN19019;measure;17,79;16,85;16,45;110909,4;10554,1;1396,2;228,0;159,6;96,9;62,7;11,4;11,4;5,7;5,7;5,7;0,0;0,0;0,0;0,0;0,0;0,0;0,0;0,0;0,0;0,0;0,0;0,0;177340911;19,2;29,5;45,8;2020-08-16 00:05:06;E10,888333;N48,376553;476,900;300;SW V1-11 (2020-06-17);2019-06-11 14:16:04;original set-up
2020-08-16 02:10:06;SN19019;measure;19,15;18,24;17,63;110947,5;10645,8;1437,1;252,9;178,2;155,2;80,5;28,7;28,7;0,0;5,7;0,0;0,0;0,0;0,0;0,0;0,0;0,0;0,0;0,0;0,0;0,0;0,0;0,0;177340911;19,6;29,4;45,8;2020-08-16 00:10:06;E10,888352;N48,376565;480,500;300;SW V1-11 (2020-06-17);2019-06-11 14:16:04;original set-up
2020-08-16 02:15:06;SN19019;measure;18,14;17,39;16,91;110114,0;10605,6;1327,9;298,9;252,9;120,7;46,0;28,7;17,2;11,5;0,0;0,0;0,0;0,0;0,0;0,0;0,0;0,0;0,0;0,0;0,0;0,0;0,0;0,0;177340911;19,4;29,4;45,9;2020-08-16 00:15:06;E10,888323;N48,376582;479,100;300;SW V1-11 (2020-06-17);2019-06-11 14:16:04;original set-up
2020-08-16 02:20:06;SN19019;measure;18,99;18,39;17,78;110004,8;10594,1;1488,8;212,7;235,7;178,2;69,0;23,0;28,7;0,0;0,0;0,0;0,0;0,0;0,0;0,0;0,0;0,0;0,0;0,0;0,0;0,0;0,0;0,0;177340911;19,8;29,4;45,9;2020-08-16 00:20:06;E10,888365;N48,376555;478,200;300;SW V1-11 (2020-06-17);2019-06-11 14:16:04;original set-up
2020-08-16 02:25:06;SN19019;measure;18,72;18,16;17,73;111767,8;10754,3;1534,7;252,9;189,7;143,7;34,5;11,5;11,5;11,5;0,0;0,0;0,0;0,0;0,0;0,0;0,0;0,0;0,0;0,0;0,0;0,0;0,0;0,0;177340911;19,6;29,5;45,8;2020-08-16 00:25:06;E10,888357;N48,376533;475,400;300;SW V1-11 (2020-06-17);2019-06-11 14:16:04;original set-up
2020-08-16 02:30:06;SN19019;measure;17,52;17,26;16,88;111913,2;11128,7;1569,3;212,7;224,2;115,0;40,2;17,2;0,0;5,7;0,0;0,0;0,0;0,0;0,0;0,0;0,0;0,0;0,0;0,0;0,0;0,0;0,0;0,0;177340911;19,4;29,5;45,8;2020-08-16 00:30:06;E10,888360;N48,376538;476,200;300;SW V1-11 (2020-06-17);2019-06-11 14:16:04;original set-up
2020-08-16 02:35:06;SN19019;measure;17,43;17,21;16,76;112603,0;10806,8;1511,8;229,9;172,4;115,0;57,5;34,5;0,0;0,0;0,0;0,0;0,0;0,0;0,0;0,0;0,0;0,0;0,0;0,0;0,0;0,0;0,0;0,0;177340911;19,3;29,6;45,7;2020-08-16 00:35:06;E10,888342;N48,376562;477,200;300;SW V1-11 (2020-06-17);2019-06-11 14:16:04;original set-up
2020-08-16 02:40:06;SN19019;measure;17,91;17,61;17,01;110131,2;10628,6;1638,3;281,7;212,7;143,7;80,5;46,0;0,0;0,0;0,0;0,0;0,0;0,0;0,0;0,0;0,0;0,0;0,0;0,0;0,0;0,0;0,0;0,0;177340911;19,4;29,5;45,6;2020-08-16 00:40:06;E10,888352;N48,376585;478,500;300;SW V1-11 (2020-06-17);2019-06-11 14:16:04;original set-up
2020-08-16 02:45:06;SN19019;measure;17,93;17,15;16,75;108901,1;10254,9;1471,6;235,7;218,4;115,0;28,7;34,5;5,7;17,2;0,0;0,0;0,0;0,0;0,0;0,0;0,0;0,0;0,0;0,0;0,0;0,0;0,0;0,0;177340911;19,4;29,5;45,7;2020-08-16 00:45:06;E10,888343;N48,376593;479,200;300;SW V1-11 (2020-06-17);2019-06-11 14:16:04;original set-up
2020-08-16 02:50:06;SN19019;measure;17,97;17,52;17,06;110102,5;10450,4;1598,0;275,9;241,4;74,7;57,5;28,7;17,2;0,0;0,0;0,0;0,0;0,0;0,0;0,0;0,0;0,0;0,0;0,0;0,0;0,0;0,0;0,0;177340911;19,4;29,5;45,7;2020-08-16 00:50:06;E10,888378;N48,376517;485,700;300;SW V1-11 (2020-06-17);2019-06-11 14:16:04;original set-up
2020-08-16 02:55:06;SN19019;measure;18,22;17,60;17,00;108165,3;10450,4;1408,3;275,9;166,7;132,2;97,7;17,2;23,0;5,7;0,0;0,0;0,0;0,0;0,0;0,0;0,0;0,0;0,0;0,0;0,0;0,0;0,0;0,0;177340911;19,5;29,5;45,7;2020-08-16 00:55:06;E10,888393;N48,376533;483,600;300;SW V1-11 (2020-06-17);2019-06-11 14:16:04;original set-up
2020-08-16 03:00:06;SN19019;measure;18,56;18,19;17,69;109907,0;10910,2;1632,5;270,2;258,7;161,0;28,7;28,7;11,5;0,0;0,0;0,0;0,0;0,0;0,0;0,0;0,0;0,0;0,0;0,0;0,0;0,0;0,0;0,0;177340911;19,6;29,4;45,7;2020-08-16 01:00:06;E10,888317;N48,376522;484,100;300;SW V1-11 (2020-06-17);2019-06-11 14:16:04;original set-up
2020-08-16 03:05:06;SN19019;measure;18,73;18,61;18,12;112003,4;11036,0;1500,2;247,2;212,7;137,9;57,5;17,2;0,0;0,0;0,0;0,0;0,0;0,0;0,0;0,0;0,0;0,0;0,0;0,0;0,0;0,0;0,0;0,0;177340911;19,6;29,4;45,7;2020-08-16 01:05:06;E10,888387;N48,376530;492,000;300;SW V1-11 (2020-06-17);2019-06-11 14:16:04;original set-up
2020-08-16 03:10:06;SN19019;measure;17,69;16,77;16,19;113925,1;10519,3;1598,0;293,2;270,2;109,2;109,2;28,7;11,5;5,7;0,0;0,0;5,7;0,0;0,0;0,0;0,0;0,0;0,0;0,0;0,0;0,0;0,0;0,0;177340911;18,9;29,4;45,7;2020-08-16 01:10:06;E10,888308;N48,376587;488,000;300;SW V1-11 (2020-06-17);2019-06-11 14:16:04;original set-up
2020-08-16 03:15:06;SN19019;measure;16,43;15,82;15,40;114636,0;11553,3;1414,0;258,7;143,7;155,2;28,7;46,0;17,2;5,7;0,0;0,0;0,0;0,0;0,0;0,0;0,0;0,0;0,0;0,0;0,0;0,0;0,0;0,0;177340911;18,7;29,3;45,8;2020-08-16 01:15:06;E10,888312;N48,376582;486,400;300;SW V1-11 (2020-06-17);2019-06-11 14:16:04;original set-up
2020-08-16 03:20:06;SN19019;measure;16,23;15,74;15,32;111913,2;11214,9;1632,5;252,9;229,9;155,2;17,2;46,0;17,2;0,0;0,0;0,0;0,0;0,0;0,0;0,0;0,0;0,0;0,0;0,0;0,0;0,0;0,0;0,0;177340911;18,7;29,3;45,7;2020-08-16 01:20:06;E10,888330;N48,376617;485,100;300;SW V1-11 (2020-06-17);2019-06-11 14:16:04;original set-up
2020-08-16 03:25:06;SN19019;measure;15,27;14,72;14,36;112355,8;10887,2;1603,8;252,9;178,2;115,0;57,5;11,5;11,5;11,5;0,0;0,0;0,0;5,7;0,0;0,0;0,0;0,0;0,0;0,0;0,0;0,0;0,0;0,0;177340911;18,4;29,2;46,0;2020-08-16 01:25:06;E10,888328;N48,376673;491,800;300;SW V1-11 (2020-06-17);2019-06-11 14:16:04;original set-up
2020-08-16 03:30:06;SN19019;measure;16,78;16,39;16,03;116805,0;11174,6;1552,0;201,2;172,4;115,0;46,0;17,2;11,5;5,7;0,0;0,0;0,0;0,0;0,0;0,0;0,0;0,0;0,0;0,0;0,0;0,0;0,0;0,0;177340911;18,7;29,1;46,1;2020-08-16 01:30:06;E10,888538;N48,376602;492,700;300;SW V1-11 (2020-06-17);2019-06-11 14:16:04;original set-up
2020-08-16 03:35:06;SN19019;measure;17,61;17,49;17,09;114348,6;11288,9;1776,1;218,4;195,4;132,2;51,7;5,7;5,7;0,0;0,0;0,0;0,0;0,0;0,0;0,0;0,0;0,0;0,0;0,0;0,0;0,0;0,0;0,0;177340911;19,1;29,1;46,3;2020-08-16 01:35:06;E10,888345;N48,376572;479,800;300;SW V1-11 (2020-06-17);2019-06-11 14:16:04;original set-up
2020-08-16 03:40:06;SN19019;measure;17,68;17,52;17,18;114124,4;11041,7;1580,7;275,9;86,2;103,5;40,2;11,5;5,7;0,0;0,0;0,0;0,0;0,0;0,0;0,0;0,0;0,0;0,0;0,0;0,0;0,0;0,0;0,0;177340911;19,1;29,0;46,4;2020-08-16 01:40:06;E10,888400;N48,376560;479,200;300;SW V1-11 (2020-06-17);2019-06-11 14:16:04;original set-up
2020-08-16 03:45:06;SN19019;measure;17,47;16,69;16,28;113833,1;11157,4;1500,3;327,7;218,4;132,2;40,2;17,2;5,7;5,7;0,0;0,0;5,7;0,0;0,0;0,0;0,0;0,0;0,0;0,0;0,0;0,0;0,0;0,0;177340911;18,9;29,0;46,4;2020-08-16 01:45:06;E10,888392;N48,376550;482,500;300;SW V1-11 (2020-06-17);2019-06-11 14:16:04;original set-up
2020-08-16 03:50:06;SN19019;measure;16,24;16,00;15,51;112896,1;10939,0;1569,3;241,4;224,2;115,0;80,5;40,2;0,0;0,0;0,0;0,0;0,0;0,0;0,0;0,0;0,0;0,0;0,0;0,0;0,0;0,0;0,0;0,0;177340911;18,7;29,0;46,4;2020-08-16 01:50:06;E10,888397;N48,376525;483,600;300;SW V1-11 (2020-06-17);2019-06-11 14:16:04;original set-up
2020-08-16 03:55:06;SN19019;measure;17,39;17,01;16,50;115379,4;11519,5;1552,0;298,9;224,2;149,5;69,0;11,5;23,0;0,0;0,0;0,0;0,0;0,0;0,0;0,0;0,0;0,0;0,0;0,0;0,0;0,0;0,0;0,0;177340911;18,8;29,0;46,2;2020-08-16 01:55:06;E10,888362;N48,376535;483,900;300;SW V1-11 (2020-06-17);2019-06-11 14:16:04;original set-up
2020-08-16 04:00:06;SN19019;measure;16,59;16,14;15,63;116690,0;12059,9;1833,7;275,9;178,2;120,7;97,7;28,7;11,5;5,7;0,0;0,0;0,0;0,0;0,0;0,0;0,0;0,0;0,0;0,0;0,0;0,0;0,0;0,0;177340911;18,5;29,0;46,3;2020-08-16 02:00:06;E10,888383;N48,376530;484,700;300;SW V1-11 (2020-06-17);2019-06-11 14:16:04;original set-up
2020-08-16 04:05:06;SN19019;measure;17,63;17,38;16,94;118897,3;12663,5;1718,7;316,2;258,7;120,7;57,5;17,2;0,0;5,7;0,0;0,0;0,0;0,0;0,0;0,0;0,0;0,0;0,0;0,0;0,0;0,0;0,0;0,0;177340911;18,8;28,9;46,4;2020-08-16 02:05:06;E10,888357;N48,376613;480,900;300;SW V1-11 (2020-06-17);2019-06-11 14:16:04;original set-up
2020-08-16 04:10:06;SN19019;measure;19,56;18,62;18,13;119630,9;12852,3;1868,1;264,4;264,4;92,0;80,5;5,7;23,0;0,0;5,7;5,7;0,0;0,0;0,0;0,0;0,0;0,0;0,0;0,0;0,0;0,0;0,0;0,0;177340911;19,0;28,8;46,5;2020-08-16 02:10:06;E10,888392;N48,376625;484,100;300;SW V1-11 (2020-06-17);2019-06-11 14:16:04;original set-up
2020-08-16 04:15:06;SN19019;measure;19,24;19,13;18,68;123817,9;13767,1;1793,5;264,4;287,4;120,7;51,7;17,2;0,0;0,0;0,0;0,0;0,0;0,0;0,0;0,0;0,0;0,0;0,0;0,0;0,0;0,0;0,0;0,0;177340911;19,0;28,8;46,7;2020-08-16 02:15:06;E10,888452;N48,376587;488,300;300;SW V1-11 (2020-06-17);2019-06-11 14:16:04;original set-up
2020-08-16 04:20:06;SN19019;measure;20,04;19,29;18,75;126718,0;13593,8;1983,0;333,4;224,2;166,7;63,2;17,2;17,2;5,7;5,7;0,0;0,0;0,0;0,0;0,0;0,0;0,0;0,0;0,0;0,0;0,0;0,0;0,0;177340911;18,9;28,9;46,7;2020-08-16 02:20:06;E10,888490;N48,376573;487,300;300;SW V1-11 (2020-06-17);2019-06-11 14:16:04;original set-up
2020-08-16 04:25:06;SN19019;measure;18,91;18,64;18,25;126623,0;14094,8;2069,4;344,9;241,4;92,0;46,0;5,7;17,2;0,0;0,0;0,0;0,0;0,0;0,0;0,0;0,0;0,0;0,0;0,0;0,0;0,0;0,0;0,0;177340911;18,8;28,8;46,6;2020-08-16 02:25:06;E10,888493;N48,376510;488,800;300;SW V1-11 (2020-06-17);2019-06-11 14:16:04;original set-up
2020-08-16 04:30:06;SN19019;measure;18,56;17,86;17,32;128008,4;14014,3;1977,4;333,4;224,2;149,5;109,2;0,0;11,5;0,0;0,0;11,5;0,0;0,0;0,0;0,0;0,0;0,0;0,0;0,0;0,0;0,0;0,0;0,0;177340911;18,5;28,8;46,6;2020-08-16 02:30:06;E10,888322;N48,376567;484,200;300;SW V1-11 (2020-06-17);2019-06-11 14:16:04;original set-up
2020-08-16 04:35:06;SN19019;measure;19,38;18,66;18,08;128698,2;14485,7;1914,2;298,9;247,2;109,2;109,2;23,0;23,0;11,5;0,0;0,0;0,0;0,0;0,0;0,0;0,0;0,0;0,0;0,0;0,0;0,0;0,0;0,0;177340911;18,6;28,8;46,6;2020-08-16 02:35:06;E10,888385;N48,376562;484,300;300;SW V1-11 (2020-06-17);2019-06-11 14:16:04;original set-up
2020-08-16 04:40:06;SN19019;measure;19,69;18,95;18,49;126200,7;13996,1;2069,2;367,9;218,4;63,2;63,2;34,5;17,2;11,5;0,0;0,0;0,0;0,0;0,0;0,0;0,0;0,0;0,0;0,0;0,0;0,0;0,0;0,0;177340911;18,8;28,8;46,6;2020-08-16 02:40:06;E10,888420;N48,376567;484,600;300;SW V1-11 (2020-06-17);2019-06-11 14:16:04;original set-up
2020-08-16 04:45:06;SN19019;measure;18,41;17,93;17,40;125249,2;14566,1;2057,9;258,7;298,9;195,4;57,5;17,2;28,7;0,0;0,0;0,0;0,0;0,0;0,0;0,0;0,0;0,0;0,0;0,0;0,0;0,0;0,0;0,0;177340911;18,6;28,7;46,7;2020-08-16 02:45:06;E10,888530;N48,376442;496,800;300;SW V1-11 (2020-06-17);2019-06-11 14:16:04;original set-up
2020-08-16 04:50:06;SN19019;measure;18,83;18,23;17,72;128439,5;14905,3;2144,1;379,4;258,7;138,0;51,7;40,2;17,2;5,7;0,0;0,0;0,0;0,0;0,0;0,0;0,0;0,0;0,0;0,0;0,0;0,0;0,0;0,0;177340911;18,6;28,7;46,8;2020-08-16 02:50:06;E10,888342;N48,376562;481,500;300;SW V1-11 (2020-06-17);2019-06-11 14:16:04;original set-up
2020-08-16 04:55:06;SN19019;measure;14,61;14,35;14,00;123582,2;15227,2;2270,6;275,9;224,2;161,0;51,7;5,7;11,5;5,7;0,0;0,0;0,0;0,0;0,0;0,0;0,0;0,0;0,0;0,0;0,0;0,0;0,0;0,0;177340911;17,9;28,7;46,9;2020-08-16 02:55:06;E10,888395;N48,376533;480,700;300;SW V1-11 (2020-06-17);2019-06-11 14:16:04;original set-up
2020-08-16 05:00:06;SN19019;measure;15,34;15,18;14,90;124614,3;14329,5;2023,3;206,9;241,4;115,0;28,7;17,2;5,7;0,0;0,0;0,0;0,0;0,0;0,0;0,0;0,0;0,0;0,0;0,0;0,0;0,0;0,0;0,0;177340911;18,0;28,6;46,9;2020-08-16 03:00:06;E10,888392;N48,376543;478,900;300;SW V1-11 (2020-06-17);2019-06-11 14:16:04;original set-up
2020-08-16 05:05:06;SN19019;measure;17,50;16,66;16,19;125404,4;15675,5;2333,8;333,4;235,7;115,0;57,5;51,7;17,2;0,0;0,0;5,7;0,0;5,7;0,0;0,0;0,0;0,0;0,0;0,0;0,0;0,0;0,0;0,0;177340911;18,2;28,6;47,0;2020-08-16 03:05:06;E10,888338;N48,376582;480,400;300;SW V1-11 (2020-06-17);2019-06-11 14:16:04;original set-up
2020-08-16 05:10:06;SN19019;measure;18,40;18,12;17,68;127264,1;16301,0;2218,7;298,9;224,2;109,2;74,7;11,5;5,7;5,7;0,0;0,0;0,0;0,0;0,0;0,0;0,0;0,0;0,0;0,0;0,0;0,0;0,0;0,0;177340911;18,4;28,5;47,1;2020-08-16 03:10:06;E10,888333;N48,376558;480,500;300;SW V1-11 (2020-06-17);2019-06-11 14:16:04;original set-up
2020-08-16 05:15:06;SN19019;measure;17,80;17,08;16,75;131750,5;18026,6;2437,3;425,4;166,7;143,7;28,7;0,0;5,7;0,0;0,0;5,7;5,7;0,0;5,7;0,0;0,0;0,0;0,0;0,0;0,0;0,0;0,0;0,0;177340911;18,1;28,5;47,2;2020-08-16 03:15:06;E10,888342;N48,376563;480,800;300;SW V1-11 (2020-06-17);2019-06-11 14:16:04;original set-up
2020-08-16 05:20:06;SN19019;measure;17,78;17,10;16,64;135636,3;19216,5;2776,4;431,1;218,4;132,2;86,2;11,5;11,5;11,5;0,0;5,7;0,0;0,0;0,0;0,0;0,0;0,0;0,0;0,0;0,0;0,0;0,0;0,0;177340911;18,0;28,4;47,3;2020-08-16 03:20:06;E10,888373;N48,376558;482,700;300;SW V1-11 (2020-06-17);2019-06-11 14:16:04;original set-up
2020-08-16 05:25:06;SN19019;measure;17,02;16,48;16,07;135182,2;19613,1;3075,3;350,6;356,4;80,5;86,2;11,5;11,5;5,7;0,0;5,7;0,0;0,0;5,7;0,0;0,0;0,0;0,0;0,0;0,0;0,0;0,0;0,0;177340911;17,9;28,3;47,5;2020-08-16 03:25:06;E10,888393;N48,376523;481,500;300;SW V1-11 (2020-06-17);2019-06-11 14:16:04;original set-up
2020-08-16 05:30:06;SN19019;measure;16,53;16,05;15,66;138343,8;19630,4;3311,0;436,9;212,7;126,5;69,0;17,2;5,7;5,7;0,0;5,7;0,0;0,0;0,0;0,0;0,0;0,0;0,0;0,0;0,0;0,0;0,0;0,0;177340911;17,8;28,3;47,6;2020-08-16 03:30:06;E10,888352;N48,376518;481,000;300;SW V1-11 (2020-06-17);2019-06-11 14:16:04;original set-up
2020-08-16 05:35:06;SN19019;measure;16,76;15,91;15,46;137708,0;20634,9;3218,8;448,3;235,7;103,5;69,0;63,2;17,2;5,7;5,7;0,0;0,0;5,7;0,0;0,0;0,0;0,0;0,0;0,0;0,0;0,0;0,0;0,0;177340911;17,7;28,2;47,8;2020-08-16 03:35:06;E10,888307;N48,376480;482,700;300;SW V1-11 (2020-06-17);2019-06-11 14:16:04;original set-up
2020-08-16 05:40:06;SN19019;measure;15,51;15,27;14,88;141102,9;22918,4;3759,4;471,4;206,9;189,7;46,0;28,7;11,5;0,0;0,0;0,0;0,0;0,0;0,0;0,0;0,0;0,0;0,0;0,0;0,0;0,0;0,0;0,0;177340911;17,6;28,2;48,0;2020-08-16 03:40:06;E10,888363;N48,376505;482,000;300;SW V1-11 (2020-06-17);2019-06-11 14:16:04;original set-up
2020-08-16 05:45:06;SN19019;measure;18,22;16,87;16,49;141973,0;22612,2;3517,7;471,3;224,2;97,7;57,5;17,2;23,0;5,7;5,7;0,0;11,5;0,0;0,0;0,0;0,0;0,0;0,0;0,0;0,0;0,0;0,0;0,0;177340911;17,8;28,1;48,0;2020-08-16 03:45:06;E10,888377;N48,376467;482,200;300;SW V1-11 (2020-06-17);2019-06-11 14:16:04;original set-up
2020-08-16 05:50:06;SN19019;measure;19,41;18,29;17,91;141269,6;22464,3;3592,7;408,1;189,7;74,7;51,7;34,5;11,5;5,7;11,5;5,7;0,0;0,0;0,0;0,0;0,0;0,0;0,0;0,0;0,0;0,0;0,0;0,0;177340911;18,0;28,1;48,0;2020-08-16 03:50:06;E10,888412;N48,376490;488,700;300;SW V1-11 (2020-06-17);2019-06-11 14:16:04;original set-up
2020-08-16 05:55:06;SN19019;measure;19,62;18,31;17,82;141361,6;23384,0;3644,4;546,1;218,4;138,0;51,7;40,2;23,0;17,2;5,7;5,7;0,0;0,0;0,0;0,0;0,0;0,0;0,0;0,0;0,0;0,0;0,0;0,0;177340911;17,9;28,0;48,1;2020-08-16 03:55:06;E10,888398;N48,376492;484,200;300;SW V1-11 (2020-06-17);2019-06-11 14:16:04;original set-up
2020-08-16 06:00:06;SN19019;measure;19,99;18,89;18,43;143770,1;23234,5;3816,9;534,6;138,0;166,7;46,0;28,7;17,2;5,7;5,7;0,0;5,7;0,0;0,0;0,0;0,0;0,0;0,0;0,0;0,0;0,0;0,0;0,0;177340911;18,0;28,0;48,1;2020-08-16 04:00:06;E10,888410;N48,376487;483,200;300;SW V1-11 (2020-06-17);2019-06-11 14:16:04;original set-up
2020-08-16 06:05:06;SN19019;measure;18,59;18,37;17,85;142800,6;22882,4;3494,7;402,4;224,2;160,9;92,0;28,7;5,7;0,0;0,0;0,0;0,0;0,0;0,0;0,0;0,0;0,0;0,0;0,0;0,0;0,0;0,0;0,0;177340911;17,9;28,0;48,2;2020-08-16 04:05:06;E10,888377;N48,376577;483,300;300;SW V1-11 (2020-06-17);2019-06-11 14:16:04;original set-up
2020-08-16 06:10:06;SN19019;measure;17,67;16,70;16,38;144804,8;24470,4;3891,6;528,8;258,7;57,5;34,5;28,7;17,2;5,7;5,7;0,0;5,7;0,0;0,0;0,0;0,0;0,0;0,0;0,0;0,0;0,0;0,0;0,0;177340911;17,6;28,0;48,1;2020-08-16 04:10:06;E10,888417;N48,376493;477,400;300;SW V1-11 (2020-06-17);2019-06-11 14:16:04;original set-up
2020-08-16 06:15:06;SN19019;measure;18,71;17,91;17,63;145235,9;24321,0;3678,9;425,4;241,4;63,2;28,7;11,5;11,5;0,0;17,2;0,0;0,0;0,0;0,0;0,0;0,0;0,0;0,0;0,0;0,0;0,0;0,0;0,0;177340911;17,8;28,0;48,0;2020-08-16 04:15:06;E10,888348;N48,376492;484,300;300;SW V1-11 (2020-06-17);2019-06-11 14:16:04;original set-up
2020-08-16 06:20:06;SN19019;measure;17,45;17,05;16,63;143425,2;23458,7;3828,4;597,8;212,7;92,0;63,2;34,5;11,5;5,7;0,0;0,0;0,0;0,0;0,0;0,0;0,0;0,0;0,0;0,0;0,0;0,0;0,0;0,0;177340911;17,6;27,9;48,2;2020-08-16 04:20:06;E10,888488;N48,376435;477,000;300;SW V1-11 (2020-06-17);2019-06-11 14:16:04;original set-up
2020-08-16 06:25:06;SN19019;measure;17,70;17,32;16,89;140740,8;23562,2;3655,9;477,1;258,7;143,7;57,5;28,7;0,0;0,0;0,0;5,7;0,0;0,0;0,0;0,0;0,0;0,0;0,0;0,0;0,0;0,0;0,0;0,0;177340911;17,7;27,9;48,1;2020-08-16 04:25:06;E10,888427;N48,376528;489,200;300;SW V1-11 (2020-06-17);2019-06-11 14:16:04;original set-up
2020-08-16 06:30:06;SN19019;measure;17,59;17,07;16,65;142890,6;23246,0;3885,8;477,1;270,2;126,5;74,7;5,7;17,2;11,5;0,0;0,0;0,0;5,7;0,0;0,0;0,0;0,0;0,0;0,0;0,0;0,0;0,0;0,0;177340911;17,6;27,9;48,1;2020-08-16 04:30:06;E10,888405;N48,376520;485,000;300;SW V1-11 (2020-06-17);2019-06-11 14:16:04;original set-up
2020-08-16 06:35:06;SN19019;measure;16,71;16,43;15,99;142628,2;24100,9;3856,8;505,8;327,6;120,7;69,0;23,0;17,2;0,0;0,0;0,0;0,0;0,0;5,7;0,0;0,0;0,0;0,0;0,0;0,0;0,0;0,0;0,0;177340911;17,5;27,9;48,0;2020-08-16 04:35:06;E10,888407;N48,376568;482,200;300;SW V1-11 (2020-06-17);2019-06-11 14:16:04;original set-up
2020-08-16 06:40:06;SN19019;measure;18,08;17,04;16,70;149942,3;25437,8;4427,8;561,5;181,3;70,2;58,5;17,5;11,7;5,8;11,7;0,0;5,8;0,0;0,0;0,0;0,0;0,0;0,0;0,0;0,0;0,0;0,0;0,0;177340911;17,5;27,9;48,1;2020-08-16 04:40:06;E10,888477;N48,376545;487,000;300;SW V1-11 (2020-06-17);2019-06-11 14:16:04;original set-up
2020-08-16 06:45:06;SN19019;measure;18,44;17,72;17,22;145692,9;24897,7;4209,5;417,5;295,7;127,6;104,4;23,2;11,6;5,8;0,0;0,0;5,8;0,0;0,0;0,0;0,0;0,0;0,0;0,0;0,0;0,0;0,0;0,0;177340911;17,7;27,9;48,3;2020-08-16 04:45:06;E10,888440;N48,376538;485,200;300;SW V1-11 (2020-06-17);2019-06-11 14:16:04;original set-up
2020-08-16 06:50:06;SN19019;measure;20,26;19,66;19,26;146065,9;25313,5;4128,1;475,4;231,9;110,2;34,8;23,2;17,4;0,0;0,0;5,8;0,0;0,0;0,0;0,0;0,0;0,0;0,0;0,0;0,0;0,0;0,0;0,0;177340911;18,0;27,8;48,4;2020-08-16 04:50:06;E10,888365;N48,376597;483,400;300;SW V1-11 (2020-06-17);2019-06-11 14:16:04;original set-up
2020-08-16 06:55:06;SN19019;measure;20,93;20,47;19,96;149062,3;25550,8;4024,4;513,4;230,1;159,3;53,1;29,5;23,6;0,0;0,0;0,0;0,0;0,0;0,0;0,0;0,0;0,0;0,0;0,0;0,0;0,0;0,0;0,0;177340911;18,1;27,9;48,3;2020-08-16 04:55:06;E10,888443;N48,376550;484,800;300;SW V1-11 (2020-06-17);2019-06-11 14:16:04;original set-up
2020-08-16 07:00:06;SN19019;measure;19,46;19,10;18,69;146093,0;25784,9;4383,5;492,9;255,1;98,6;40,6;40,6;11,6;0,0;0,0;0,0;0,0;0,0;0,0;0,0;0,0;0,0;0,0;0,0;0,0;0,0;0,0;0,0;177340911;17,9;27,9;48,3;2020-08-16 05:00:06;E10,888333;N48,376615;485,300;300;SW V1-11 (2020-06-17);2019-06-11 14:16:04;original set-up
2020-08-16 07:05:06;SN19019;measure;19,98;19,50;19,06;144510,1;25123,9;4308,1;498,7;260,9;116,0;52,2;23,2;0,0;5,8;5,8;0,0;0,0;0,0;0,0;0,0;0,0;0,0;0,0;0,0;0,0;0,0;0,0;0,0;177340911;18,1;27,9;48,3;2020-08-16 05:05:06;E10,888328;N48,376642;483,100;300;SW V1-11 (2020-06-17);2019-06-11 14:16:04;original set-up
2020-08-16 07:10:06;SN19019;measure;20,15;19,21;18,73;142057,4;25541,3;4441,5;539,2;255,1;110,2;58,0;23,2;34,8;17,4;0,0;0,0;0,0;0,0;0,0;0,0;0,0;0,0;0,0;0,0;0,0;0,0;0,0;0,0;177340911;18,1;27,9;48,3;2020-08-16 05:10:06;E10,888387;N48,376497;500,800;300;SW V1-11 (2020-06-17);2019-06-11 14:16:04;original set-up
2020-08-16 07:15:06;SN19019;measure;21,11;20,69;20,19;148885,2;27380,1;4738,4;690,4;324,5;106,2;53,1;11,8;17,7;5,9;0,0;0,0;0,0;0,0;0,0;0,0;0,0;0,0;0,0;0,0;0,0;0,0;0,0;0,0;177340911;18,2;28,0;48,3;2020-08-16 05:15:06;E10,888427;N48,376580;491,800;300;SW V1-11 (2020-06-17);2019-06-11 14:16:04;original set-up
2020-08-16 07:20:06;SN19019;measure;19,84;19,40;18,95;147513,7;25682,0;4548,2;625,1;196,5;160,7;41,7;6,0;23,8;6,0;0,0;0,0;0,0;0,0;0,0;0,0;0,0;0,0;0,0;0,0;0,0;0,0;0,0;0,0;177340911;18,0;28,0;48,2;2020-08-16 05:20:06;E10,888362;N48,376520;488,600;300;SW V1-11 (2020-06-17);2019-06-11 14:16:04;original set-up
2020-08-16 07:25:06;SN19019;measure;20,75;20,18;19,68;148772,4;26894,3;4819,7;549,8;274,9;134,5;76,0;5,8;11,7;5,8;0,0;5,8;0,0;0,0;0,0;0,0;0,0;0,0;0,0;0,0;0,0;0,0;0,0;0,0;177340911;18,2;28,0;48,4;2020-08-16 05:25:06;E10,888335;N48,376545;486,100;300;SW V1-11 (2020-06-17);2019-06-11 14:16:04;original set-up
2020-08-16 07:30:06;SN19019;measure;20,90;20,31;19,74;148116,6;26596,6;4528,4;603,0;318,9;139,2;81,2;29,0;5,8;5,8;5,8;0,0;0,0;0,0;0,0;0,0;0,0;0,0;0,0;0,0;0,0;0,0;0,0;0,0;177340911;18,2;28,1;48,3;2020-08-16 05:30:06;E10,888325;N48,376548;483,100;300;SW V1-11 (2020-06-17);2019-06-11 14:16:04;original set-up
2020-08-16 07:35:06;SN19019;measure;20,24;19,42;18,95;146923,9;26409,3;4812,2;556,6;243,5;121,8;58,0;29,0;5,8;17,4;5,8;0,0;0,0;0,0;0,0;0,0;0,0;0,0;0,0;0,0;0,0;0,0;0,0;0,0;177340911;18,1;28,2;48,1;2020-08-16 05:35:06;E10,888388;N48,376600;488,400;300;SW V1-11 (2020-06-17);2019-06-11 14:16:04;original set-up
2020-08-16 07:40:06;SN19019;measure;19,86;19,34;18,80;147817,2;26943,4;4773,8;578,3;259,6;177,0;76,7;11,8;17,7;0,0;0,0;5,9;0,0;0,0;0,0;0,0;0,0;0,0;0,0;0,0;0,0;0,0;0,0;0,0;177340911;18,1;28,2;47,9;2020-08-16 05:40:06;E10,888347;N48,376557;489,800;300;SW V1-11 (2020-06-17);2019-06-11 14:16:04;original set-up
2020-08-16 07:45:06;SN19019;measure;19,36;19,01;18,57;148452,3;26017,1;4768,8;476,3;267,9;142,9;47,6;29,8;6,0;6,0;0,0;0,0;0,0;0,0;0,0;0,0;0,0;0,0;0,0;0,0;0,0;0,0;0,0;0,0;177340911;18,0;28,2;47,9;2020-08-16 05:45:06;E10,888372;N48,376632;488,300;300;SW V1-11 (2020-06-17);2019-06-11 14:16:04;original set-up
2020-08-16 07:50:06;SN19019;measure;22,23;21,16;20,57;143408,8;26046,1;4644,2;684,3;280,8;134,5;81,9;5,8;5,8;5,8;5,8;11,7;0,0;0,0;0,0;0,0;0,0;0,0;0,0;0,0;0,0;0,0;0,0;0,0;177340911;18,6;28,3;48,0;2020-08-16 05:50:06;E10,888363;N48,376570;487,900;300;SW V1-11 (2020-06-17);2019-06-11 14:16:04;original set-up
2020-08-16 07:55:06;SN19019;measure;20,38;20,28;19,77;145317,3;26375,2;4472,6;584,1;295,0;165,2;53,1;17,7;0,0;0,0;0,0;0,0;0,0;0,0;0,0;0,0;0,0;0,0;0,0;0,0;0,0;0,0;0,0;0,0;177340911;18,4;28,3;48,0;2020-08-16 05:55:06;E10,888370;N48,376617;484,600;300;SW V1-11 (2020-06-17);2019-06-11 14:16:04;original set-up
2020-08-16 08:00:06;SN19019;measure;19,44;19,24;18,60;139916,9;25145,4;4761,2;707,7;257,4;193,0;87,7;35,1;0,0;0,0;0,0;0,0;0,0;0,0;0,0;0,0;0,0;0,0;0,0;0,0;0,0;0,0;0,0;0,0;177340911;18,4;28,5;47,7;2020-08-16 06:00:06;E10,888348;N48,376608;481,000;300;SW V1-11 (2020-06-17);2019-06-11 14:16:04;original set-up
2020-08-16 08:05:06;SN19019;measure;19,83;19,51;18,98;136340,0;24712,9;4649,9;590,1;306,8;112,1;76,7;17,7;5,9;5,9;0,0;0,0;0,0;0,0;0,0;0,0;0,0;0,0;0,0;0,0;0,0;0,0;0,0;0,0;177340911;18,6;28,5;47,6;2020-08-16 06:05:06;E10,888405;N48,376555;479,200;300;SW V1-11 (2020-06-17);2019-06-11 14:16:04;original set-up
2020-08-16 08:10:06;SN19019;measure;20,12;19,56;18,87;137024,2;23401,9;4149,4;571,5;285,8;125,0;113,1;59,5;6,0;6,0;0,0;0,0;0,0;0,0;0,0;0,0;0,0;0,0;0,0;0,0;0,0;0,0;0,0;0,0;177340911;18,6;28,6;47,5;2020-08-16 06:10:06;E10,888355;N48,376570;478,300;300;SW V1-11 (2020-06-17);2019-06-11 14:16:04;original set-up
2020-08-16 08:15:06;SN19019;measure;19,66;18,74;18,19;130903,4;21653,5;3755,1;549,8;228,1;140,4;64,3;35,1;11,7;5,8;0,0;0,0;5,8;0,0;0,0;0,0;0,0;0,0;0,0;0,0;0,0;0,0;0,0;0,0;177340911;18,6;28,7;47,3;2020-08-16 06:15:06;E10,888408;N48,376532;470,900;300;SW V1-11 (2020-06-17);2019-06-11 14:16:04;original set-up
2020-08-16 08:20:06;SN19019;measure;18,99;17,54;17,05;129158,6;22163,7;3823,8;519,3;230,1;118,0;59,0;35,4;17,7;5,9;5,9;5,9;5,9;0,0;0,0;0,0;0,0;0,0;0,0;0,0;0,0;0,0;0,0;0,0;177340911;18,4;28,7;47,2;2020-08-16 06:20:06;E10,888308;N48,376655;478,100;300;SW V1-11 (2020-06-17);2019-06-11 14:16:04;original set-up
2020-08-16 08:25:06;SN19019;measure;20,82;18,86;18,33;128930,5;21623,4;3810,3;553,7;142,9;166,7;47,6;35,7;17,9;17,9;11,9;11,9;0,0;0,0;0,0;0,0;0,0;0,0;0,0;0,0;0,0;0,0;0,0;0,0;177340911;18,7;28,8;46,9;2020-08-16 06:25:06;E10,888315;N48,376590;480,700;300;SW V1-11 (2020-06-17);2019-06-11 14:16:04;original set-up
2020-08-16 08:30:06;SN19019;measure;19,68;19,46;18,86;128150,6;20795,8;3518,6;464,4;285,8;113,1;89,3;35,7;0,0;0,0;0,0;0,0;0,0;0,0;0,0;0,0;0,0;0,0;0,0;0,0;0,0;0,0;0,0;0,0;177340911;18,9;28,8;47,2;2020-08-16 06:30:06;E10,888317;N48,376518;482,200;300;SW V1-11 (2020-06-17);2019-06-11 14:16:04;original set-up
2020-08-16 08:35:06;SN19019;measure;19,72;19,50;18,83;128757,9;21004,2;3887,7;583,5;297,7;142,9;95,3;35,7;0,0;0,0;0,0;0,0;0,0;0,0;0,0;0,0;0,0;0,0;0,0;0,0;0,0;0,0;0,0;0,0;177340911;18,9;28,9;47,1;2020-08-16 06:35:06;E10,888427;N48,376453;484,200;300;SW V1-11 (2020-06-17);2019-06-11 14:16:04;original set-up
2020-08-16 08:40:06;SN19019;measure;20,34;19,84;19,24;129269,1;20658,8;3580,3;474,6;258,3;168,2;66,1;30,0;12,0;6,0;0,0;0,0;0,0;0,0;0,0;0,0;0,0;0,0;0,0;0,0;0,0;0,0;0,0;0,0;177340911;19,1;29,0;46,9;2020-08-16 06:40:06;E10,888388;N48,376498;483,500;300;SW V1-11 (2020-06-17);2019-06-11 14:16:04;original set-up
2020-08-16 08:45:06;SN19019;measure;20,46;19,89;19,33;128650,4;20298,4;3454,1;552,7;276,3;108,1;78,1;18,0;0,0;18,0;0,0;0,0;0,0;0,0;0,0;6,0;0,0;0,0;0,0;0,0;0,0;0,0;0,0;0,0;177340911;19,1;29,0;46,7;2020-08-16 06:45:06;E10,888347;N48,376513;486,900;300;SW V1-11 (2020-06-17);2019-06-11 14:16:04;original set-up
2020-08-16 08:50:06;SN19019;measure;21,18;20,68;19,98;124090,9;20358,4;3424,1;432,5;270,3;144,2;102,1;24,0;12,0;6,0;0,0;0,0;0,0;0,0;0,0;0,0;0,0;0,0;0,0;0,0;0,0;0,0;0,0;0,0;177340911;19,5;29,1;46,6;2020-08-16 06:50:06;E10,888337;N48,376502;486,100;300;SW V1-11 (2020-06-17);2019-06-11 14:16:04;original set-up
2020-08-16 08:55:06;SN19019;measure;22,68;21,16;20,50;124030,8;19649,6;3346,0;402,5;300,4;150,2;66,1;42,1;12,0;6,0;0,0;6,0;6,0;0,0;0,0;0,0;0,0;0,0;0,0;0,0;0,0;0,0;0,0;0,0;177340911;19,8;29,2;46,6;2020-08-16 06:55:06;E10,888392;N48,376468;484,800;300;SW V1-11 (2020-06-17);2019-06-11 14:16:04;original set-up
2020-08-16 09:00:06;SN19019;measure;20,55;19,69;19,13;117696,1;18506,6;3451,0;409,4;198,9;134,5;58,5;23,4;17,5;5,8;5,8;0,0;0,0;0,0;0,0;0,0;0,0;0,0;0,0;0,0;0,0;0,0;0,0;0,0;177340911;19,8;29,4;46,5;2020-08-16 07:00:06;E10,888467;N48,376418;488,000;300;SW V1-11 (2020-06-17);2019-06-11 14:16:04;original set-up
2020-08-16 09:05:06;SN19019;measure;20,57;20,15;19,44;119440,6;18360,8;3119,7;416,8;190,5;125,0;131,0;11,9;11,9;6,0;0,0;0,0;0,0;0,0;0,0;0,0;0,0;0,0;0,0;0,0;0,0;0,0;0,0;0,0;177340911;19,9;29,6;46,2;2020-08-16 07:05:06;E10,888365;N48,376497;490,400;300;SW V1-11 (2020-06-17);2019-06-11 14:16:04;original set-up
2020-08-16 09:10:06;SN19019;measure;21,70;20,63;19,96;118182,4;18353,6;3190,9;529,8;178,6;142,9;83,3;23,8;6,0;17,9;6,0;0,0;0,0;0,0;0,0;6,0;0,0;0,0;0,0;0,0;0,0;0,0;0,0;0,0;177340911;20,1;29,7;45,9;2020-08-16 07:10:06;E10,888370;N48,376542;490,800;300;SW V1-11 (2020-06-17);2019-06-11 14:16:04;original set-up
2020-08-16 09:15:06;SN19019;measure;22,58;21,18;20,40;121452,9;18777,6;3643,6;559,6;262,0;107,2;107,2;47,6;11,9;0,0;17,9;0,0;0,0;0,0;0,0;0,0;0,0;0,0;0,0;0,0;0,0;0,0;0,0;0,0;177340911;20,1;29,8;45,8;2020-08-16 07:15:06;E10,888390;N48,376438;494,900;300;SW V1-11 (2020-06-17);2019-06-11 14:16:04;original set-up
2020-08-16 09:20:06;SN19019;measure;23,09;21,61;20,91;119458,4;18914,5;3798,4;494,1;381,0;178,6;41,7;23,8;23,8;0,0;17,9;0,0;0,0;0,0;0,0;0,0;0,0;0,0;0,0;0,0;0,0;0,0;0,0;0,0;177340911;20,4;29,9;45,5;2020-08-16 07:20:06;E10,888380;N48,376465;491,800;300;SW V1-11 (2020-06-17);2019-06-11 14:16:04;original set-up
2020-08-16 09:25:06;SN19019;measure;22,28;21,13;20,52;118232,0;18362,8;3339,8;444,5;234,3;90,1;72,1;42,0;0,0;6,0;6,0;6,0;0,0;0,0;0,0;0,0;12,0;0,0;0,0;0,0;0,0;0,0;0,0;0,0;177340911;20,5;30,1;45,4;2020-08-16 07:25:06;E10,888402;N48,376467;488,600;300;SW V1-11 (2020-06-17);2019-06-11 14:16:04;original set-up
2020-08-16 09:30:06;SN19019;measure;21,71;20,43;19,82;112803,3;17054,5;3177,8;414,5;252,3;144,2;42,1;30,0;24,0;12,0;6,0;0,0;0,0;0,0;0,0;0,0;0,0;0,0;0,0;0,0;0,0;0,0;0,0;0,0;177340911;20,6;30,2;45,1;2020-08-16 07:30:06;E10,888380;N48,376495;486,100;300;SW V1-11 (2020-06-17);2019-06-11 14:16:04;original set-up
2020-08-16 09:35:06;SN19019;measure;21,17;20,89;20,26;112406,9;16814,2;2937,5;354,4;288,3;114,1;72,1;24,0;6,0;0,0;0,0;0,0;0,0;0,0;0,0;0,0;0,0;0,0;0,0;0,0;0,0;0,0;0,0;0,0;177340911;20,9;30,3;44,9;2020-08-16 07:35:06;E10,888337;N48,376583;482,800;300;SW V1-11 (2020-06-17);2019-06-11 14:16:04;original set-up
2020-08-16 09:40:06;SN19019;measure;24,10;22,15;21,49;118209,8;17565,1;3273,9;462,6;210,3;108,1;72,1;30,0;12,0;12,0;12,0;6,0;0,0;6,0;0,0;0,0;0,0;0,0;0,0;0,0;0,0;0,0;0,0;0,0;177340911;21,1;30,5;44,9;2020-08-16 07:40:06;E10,888297;N48,376622;476,500;300;SW V1-11 (2020-06-17);2019-06-11 14:16:04;original set-up
2020-08-16 09:45:06;SN19019;measure;22,23;21,47;20,77;113744,9;17047,3;2943,3;420,5;198,2;168,2;66,1;36,0;6,0;12,0;0,0;0,0;0,0;0,0;0,0;0,0;0,0;0,0;0,0;0,0;0,0;0,0;0,0;0,0;177340911;21,2;30,7;44,6;2020-08-16 07:45:06;E10,888318;N48,376607;479,300;300;SW V1-11 (2020-06-17);2019-06-11 14:16:04;original set-up
2020-08-16 09:50:06;SN19019;measure;21,33;20,79;20,24;112713,2;16958,3;3045,7;318,4;264,3;114,1;48,1;18,0;24,0;0,0;0,0;0,0;0,0;0,0;0,0;0,0;0,0;0,0;0,0;0,0;0,0;0,0;0,0;0,0;177340911;21,1;30,8;44,2;2020-08-16 07:50:06;E10,888337;N48,376603;478,300;300;SW V1-11 (2020-06-17);2019-06-11 14:16:04;original set-up
2020-08-16 09:55:06;SN19019;measure;21,30;21,11;20,48;111253,5;16615,9;2583,1;378,5;294,4;114,1;66,1;24,0;0,0;0,0;0,0;0,0;0,0;0,0;0,0;0,0;0,0;0,0;0,0;0,0;0,0;0,0;0,0;0,0;177340911;21,2;30,9;43,9;2020-08-16 07:55:06;E10,888323;N48,376578;482,300;300;SW V1-11 (2020-06-17);2019-06-11 14:16:04;original set-up
2020-08-16 10:00:06;SN19019;measure;23,06;21,70;21,07;113848,6;15817,0;3009,6;414,5;186,2;114,1;60,1;24,0;30,0;0,0;12,0;0,0;0,0;0,0;0,0;0,0;0,0;0,0;0,0;0,0;0,0;0,0;0,0;0,0;177340911;21,4;31,0;43,8;2020-08-16 08:00:06;E10,888318;N48,376535;486,900;300;SW V1-11 (2020-06-17);2019-06-11 14:16:04;original set-up
2020-08-16 10:05:06;SN19019;measure;20,44;19,90;19,03;101691,9;13264,9;2275,2;280,7;239,8;134,5;134,5;29,2;17,5;0,0;0,0;0,0;0,0;0,0;0,0;0,0;0,0;0,0;0,0;0,0;0,0;0,0;0,0;0,0;177340911;21,6;31,2;43,7;2020-08-16 08:05:06;E10,888355;N48,376548;489,400;300;SW V1-11 (2020-06-17);2019-06-11 14:16:04;original set-up
2020-08-16 10:10:06;SN19019;measure;19,80;19,23;18,63;100090,7;12942,2;2297,9;327,4;220,3;119,1;65,5;23,8;0,0;11,9;0,0;0,0;0,0;0,0;0,0;0,0;0,0;0,0;0,0;0,0;0,0;0,0;0,0;0,0;177340911;21,6;31,3;43,5;2020-08-16 08:10:06;E10,888460;N48,376567;495,200;300;SW V1-11 (2020-06-17);2019-06-11 14:16:04;original set-up
2020-08-16 10:15:06;SN19019;measure;18,36;17,45;16,84;88130,7;10633,1;1524,1;333,4;190,5;119,1;53,6;35,7;11,9;0,0;0,0;6,0;0,0;0,0;0,0;0,0;0,0;0,0;0,0;0,0;0,0;0,0;0,0;0,0;177340911;21,9;31,5;43,0;2020-08-16 08:15:06;E10,888360;N48,376548;493,000;300;SW V1-11 (2020-06-17);2019-06-11 14:16:04;original set-up
2020-08-16 10:20:06;SN19019;measure;17,04;15,75;15,11;77580,0;7898,0;1339,6;266,7;151,5;127,3;66,7;24,2;24,2;0,0;0,0;0,0;6,1;0,0;0,0;0,0;0,0;0,0;0,0;0,0;0,0;0,0;0,0;0,0;177340911;22,1;31,6;42,4;2020-08-16 08:20:06;E10,888295;N48,376547;502,800;300;SW V1-11 (2020-06-17);2019-06-11 14:16:04;original set-up
2020-08-16 10:25:06;SN19019;measure;17,29;16,30;15,70;79761,4;7783,4;1339,7;297,0;206,1;97,0;66,7;24,2;0,0;0,0;6,1;6,1;0,0;0,0;0,0;0,0;0,0;0,0;0,0;0,0;0,0;0,0;0,0;0,0;177340911;22,1;31,7;41,8;2020-08-16 08:25:06;E10,888400;N48,376613;506,600;300;SW V1-11 (2020-06-17);2019-06-11 14:16:04;original set-up
2020-08-16 10:30:06;SN19019;measure;16,78;15,63;14,99;76105,3;7448,9;1249,5;240,3;204,2;150,2;72,1;12,0;0,0;12,0;0,0;0,0;6,0;0,0;0,0;0,0;0,0;0,0;0,0;0,0;0,0;0,0;0,0;0,0;177340911;22,2;31,9;41,6;2020-08-16 08:30:06;E10,888422;N48,376547;489,000;300;SW V1-11 (2020-06-17);2019-06-11 14:16:04;original set-up
2020-08-16 10:35:06;SN19019;measure;15,93;15,26;14,58;73603,5;6836,3;1184,0;243,0;187,0;93,5;99,7;12,5;18,7;6,2;0,0;0,0;0,0;0,0;0,0;0,0;0,0;0,0;0,0;0,0;0,0;0,0;0,0;0,0;177340911;22,2;32,1;41,0;2020-08-16 08:35:06;E10,888360;N48,376573;492,900;300;SW V1-11 (2020-06-17);2019-06-11 14:16:04;original set-up
2020-08-16 10:40:06;SN19019;measure;16,17;15,77;15,00;74626,8;6617,7;1221,3;211,9;137,1;149,6;105,9;18,7;12,5;0,0;0,0;0,0;0,0;0,0;0,0;0,0;0,0;0,0;0,0;0,0;0,0;0,0;0,0;0,0;177340911;22,3;32,2;40,5;2020-08-16 08:40:06;E10,888387;N48,376583;497,500;300;SW V1-11 (2020-06-17);2019-06-11 14:16:04;original set-up
2020-08-16 10:45:06;SN19019;measure;16,44;15,88;15,02;73721,9;6674,2;1221,4;187,0;211,9;180,7;105,9;24,9;6,2;6,2;0,0;0,0;0,0;0,0;0,0;0,0;0,0;0,0;0,0;0,0;0,0;0,0;0,0;0,0;177340911;22,4;32,2;40,2;2020-08-16 08:45:06;E10,888410;N48,376608;500,100;300;SW V1-11 (2020-06-17);2019-06-11 14:16:04;original set-up
2020-08-16 10:50:06;SN19019;measure;17,00;15,92;15,34;74151,9;6107,1;1184,0;243,0;205,6;93,5;49,9;31,2;6,2;6,2;0,0;6,2;0,0;0,0;0,0;0,0;0,0;0,0;0,0;0,0;0,0;0,0;0,0;0,0;177340911;22,7;32,3;39,9;2020-08-16 08:50:06;E10,888400;N48,376643;502,600;300;SW V1-11 (2020-06-17);2019-06-11 14:16:04;original set-up
2020-08-16 10:55:06;SN19019;measure;17,19;16,61;15,90;75580,9;7126,8;1223,5;208,0;183,5;171,3;67,3;12,2;12,2;6,1;0,0;0,0;0,0;0,0;6,1;0,0;0,0;0,0;0,0;0,0;0,0;0,0;0,0;0,0;177340911;22,9;32,5;39,6;2020-08-16 08:55:06;E10,888392;N48,376622;498,900;300;SW V1-11 (2020-06-17);2019-06-11 14:16:04;original set-up
2020-08-16 11:00:06;SN19019;measure;18,04;15,97;15,31;74280,3;6939,7;1179,2;197,6;185,2;92,6;86,4;30,9;0,0;24,7;0,0;12,3;0,0;0,0;0,0;0,0;0,0;0,0;0,0;0,0;0,0;0,0;0,0;0,0;177340911;22,9;32,6;39,9;2020-08-16 09:00:06;E10,888418;N48,376588;496,700;300;SW V1-11 (2020-06-17);2019-06-11 14:16:04;original set-up
2020-08-16 11:05:06;SN19019;measure;16,79;14,99;14,37;68836,3;5920,5;987,8;216,1;197,6;135,8;49,4;24,7;6,2;6,2;12,3;6,2;0,0;0,0;0,0;0,0;0,0;0,0;0,0;0,0;0,0;0,0;0,0;0,0;177340911;23,1;32,8;39,3;2020-08-16 09:05:06;E10,888408;N48,376595;496,600;300;SW V1-11 (2020-06-17);2019-06-11 14:16:04;original set-up
2020-08-16 11:10:06;SN19019;measure;16,93;15,93;15,26;74192,6;6496,5;1149,4;228,6;247,7;95,3;82,6;6,4;25,4;12,7;0,0;0,0;0,0;0,0;0,0;0,0;0,0;0,0;0,0;0,0;0,0;0,0;0,0;0,0;177340911;22,7;33,0;38,7;2020-08-16 09:10:06;E10,888397;N48,376590;495,000;300;SW V1-11 (2020-06-17);2019-06-11 14:16:04;original set-up
2020-08-16 11:15:06;SN19019;measure;16,48;15,69;15,05;71825,7;6441,5;1277,0;257,9;169,8;106,9;75,5;18,9;0,0;6,3;6,3;0,0;0,0;0,0;0,0;0,0;0,0;0,0;0,0;0,0;0,0;0,0;0,0;0,0;177340911;22,9;33,1;38,4;2020-08-16 09:15:06;E10,888302;N48,376570;493,600;300;SW V1-11 (2020-06-17);2019-06-11 14:16:04;original set-up
2020-08-16 11:20:06;SN19019;measure;16,70;15,54;15,07;70847,4;6086,4;1039,9;183,5;201,9;122,3;30,6;6,1;0,0;0,0;6,1;0,0;6,1;0,0;6,1;0,0;0,0;0,0;0,0;0,0;0,0;0,0;0,0;0,0;177340911;23,4;33,2;38,4;2020-08-16 09:20:06;E10,888345;N48,376573;491,500;300;SW V1-11 (2020-06-17);2019-06-11 14:16:04;original set-up
2020-08-16 11:25:06;SN19019;measure;14,75;14,21;13,69;65628,5;5270,3;923,3;185,9;185,9;102,6;44,9;19,2;6,4;6,4;0,0;0,0;0,0;0,0;0,0;0,0;0,0;0,0;0,0;0,0;0,0;0,0;0,0;0,0;177340911;23,1;33,3;38,3;2020-08-16 09:25:06;E10,888338;N48,376568;490,100;300;SW V1-11 (2020-06-17);2019-06-11 14:16:04;original set-up
2020-08-16 11:30:06;SN19019;measure;14,92;14,61;14,11;67148,0;5437,0;936,1;218,0;160,3;115,4;38,5;6,4;12,8;0,0;0,0;0,0;0,0;0,0;0,0;0,0;0,0;0,0;0,0;0,0;0,0;0,0;0,0;0,0;177340911;22,9;33,3;37,7;2020-08-16 09:30:06;E10,888333;N48,376572;485,600;300;SW V1-11 (2020-06-17);2019-06-11 14:16:04;original set-up
2020-08-16 11:35:06;SN19019;measure;15,86;15,29;14,60;67666,2;5308,6;958,9;215,9;165,1;82,6;88,9;19,1;19,1;0,0;0,0;0,0;0,0;0,0;0,0;0,0;0,0;0,0;0,0;0,0;0,0;0,0;0,0;0,0;177340911;23,4;33,4;37,4;2020-08-16 09:35:06;E10,888345;N48,376568;486,300;300;SW V1-11 (2020-06-17);2019-06-11 14:16:04;original set-up
2020-08-16 11:40:06;SN19019;measure;14,73;14,12;13,62;62509,4;4365,7;798,9;195,0;201,3;94,4;44,0;12,6;0,0;0,0;0,0;6,3;0,0;0,0;0,0;6,3;0,0;0,0;0,0;0,0;0,0;0,0;0,0;0,0;177340911;23,9;33,4;37,7;2020-08-16 09:40:06;E10,888355;N48,376560;484,600;300;SW V1-11 (2020-06-17);2019-06-11 14:16:04;original set-up
2020-08-16 11:45:06;SN19019;measure;14,44;13,78;13,20;60313,3;4143,9;785,2;193,2;186,9;49,9;68,5;31,2;6,2;6,2;0,0;0,0;0,0;0,0;0,0;0,0;0,0;0,0;0,0;0,0;0,0;0,0;0,0;0,0;177340911;23,9;33,6;37,3;2020-08-16 09:45:06;E10,888385;N48,376542;485,400;300;SW V1-11 (2020-06-17);2019-06-11 14:16:04;original set-up
2020-08-16 11:50:06;SN19019;measure;15,55;14,64;14,14;65321,0;4839,1;825,6;177,8;139,7;76,2;57,2;12,7;6,4;6,4;6,4;0,0;0,0;0,0;0,0;0,0;0,0;0,0;0,0;0,0;0,0;0,0;0,0;0,0;177340911;23,7;33,8;36,9;2020-08-16 09:50:06;E10,888397;N48,376530;485,100;300;SW V1-11 (2020-06-17);2019-06-11 14:16:04;original set-up
2020-08-16 11:55:06;SN19019;measure;15,27;14,38;13,75;62598,9;4655,3;777,9;185,2;203,7;105,0;67,9;12,3;6,2;6,2;6,2;0,0;0,0;0,0;0,0;0,0;0,0;0,0;0,0;0,0;0,0;0,0;0,0;0,0;177340911;23,9;34,0;36,4;2020-08-16 09:55:06;E10,888407;N48,376518;482,900;300;SW V1-11 (2020-06-17);2019-06-11 14:16:04;original set-up
2020-08-16 12:00:06;SN19019;measure;16,38;13,95;13,46;61234,5;4470,0;864,4;191,4;160,5;98,8;12,3;30,9;24,7;12,3;6,2;0,0;6,2;0,0;0,0;0,0;0,0;0,0;0,0;0,0;0,0;0,0;0,0;0,0;177340911;24,0;34,0;36,3;2020-08-16 10:00:06;E10,888408;N48,376538;480,900;300;SW V1-11 (2020-06-17);2019-06-11 14:16:04;original set-up
2020-08-16 12:05:06;SN19019;measure;14,73;13,78;13,23;59791,8;3664,3;636,2;214,1;146,8;91,8;48,9;24,5;0,0;18,4;0,0;0,0;0,0;0,0;0,0;0,0;0,0;0,0;0,0;0,0;0,0;0,0;0,0;0,0;177340911;24,2;34,1;36,2;2020-08-16 10:05:06;E10,888402;N48,376560;478,700;300;SW V1-11 (2020-06-17);2019-06-11 14:16:04;original set-up
2020-08-16 12:10:06;SN19019;measure;14,93;13,81;13,30;59756,4;4384,2;824,0;182,4;207,6;81,8;50,3;6,3;6,3;0,0;6,3;6,3;0,0;0,0;0,0;6,3;0,0;0,0;0,0;0,0;0,0;0,0;0,0;0,0;177340911;24,3;34,3;35,9;2020-08-16 10:10:06;E10,888362;N48,376540;482,200;300;SW V1-11 (2020-06-17);2019-06-11 14:16:04;original set-up
2020-08-16 12:15:06;SN19019;measure;13,54;13,42;12,97;59371,1;4195,0;660,3;181,3;161,8;51,8;51,8;12,9;0,0;0,0;0,0;0,0;0,0;0,0;0,0;0,0;0,0;0,0;0,0;0,0;0,0;0,0;0,0;0,0;177340911;23,8;34,4;35,4;2020-08-16 10:15:06;E10,888410;N48,376520;480,900;300;SW V1-11 (2020-06-17);2019-06-11 14:16:04;original set-up
2020-08-16 12:20:06;SN19019;measure;15,16;12,97;12,32;55042,9;3385,6;705,6;207,1;187,7;155,4;51,8;12,9;0,0;25,9;0,0;12,9;0,0;0,0;0,0;0,0;0,0;0,0;0,0;0,0;0,0;0,0;0,0;0,0;177340911;24,2;34,4;34,9;2020-08-16 10:20:06;E10,888380;N48,376555;480,400;300;SW V1-11 (2020-06-17);2019-06-11 14:16:04;original set-up
2020-08-16 12:25:06;SN19019;measure;14,81;12,32;11,52;51051,5;3207,0;469,9;171,5;196,9;63,5;88,9;50,8;25,4;12,7;6,4;6,4;0,0;0,0;0,0;0,0;0,0;0,0;0,0;0,0;0,0;0,0;0,0;0,0;177340911;24,3;34,4;34,6;2020-08-16 10:25:06;E10,888383;N48,376558;479,900;300;SW V1-11 (2020-06-17);2019-06-11 14:16:04;original set-up
2020-08-16 12:30:06;SN19019;measure;12,86;11,78;11,41;50066,6;3038,3;868,1;157,3;163,6;69,2;25,2;6,3;0,0;12,6;0,0;6,3;0,0;0,0;0,0;0,0;0,0;0,0;0,0;0,0;0,0;0,0;0,0;0,0;177340911;24,5;34,5;34,4;2020-08-16 10:30:06;E10,888392;N48,376567;479,500;300;SW V1-11 (2020-06-17);2019-06-11 14:16:04;original set-up
2020-08-16 12:35:06;SN19019;measure;12,23;10,76;10,13;43921,6;2723,3;542,2;261,7;180,7;118,4;37,4;24,9;12,5;0,0;6,2;6,2;0,0;0,0;0,0;0,0;0,0;0,0;0,0;0,0;0,0;0,0;0,0;0,0;177340911;24,8;34,6;34,1;2020-08-16 10:35:06;E10,888432;N48,376565;479,500;300;SW V1-11 (2020-06-17);2019-06-11 14:16:04;original set-up
2020-08-16 12:40:06;SN19019;measure;12,18;11,19;10,73;46753,7;2654,3;582,6;155,4;181,3;129,5;25,9;0,0;0,0;0,0;6,5;6,5;0,0;0,0;0,0;0,0;0,0;0,0;0,0;0,0;0,0;0,0;0,0;0,0;177340911;24,6;34,8;33,6;2020-08-16 10:40:06;E10,888413;N48,376577;479,900;300;SW V1-11 (2020-06-17);2019-06-11 14:16:04;original set-up
2020-08-16 12:45:06;SN19019;measure;10,53;10,47;10,04;43380,1;2425,9;520,7;127,0;120,7;101,6;31,8;6,4;0,0;0,0;0,0;0,0;0,0;0,0;0,0;0,0;0,0;0,0;0,0;0,0;0,0;0,0;0,0;0,0;177340911;24,9;34,9;33,4;2020-08-16 10:45:06;E10,888383;N48,376567;479,800;300;SW V1-11 (2020-06-17);2019-06-11 14:16:04;original set-up
2020-08-16 12:50:06;SN19019;measure;12,15;10,90;10,34;44540,5;2295,9;622,7;157,3;119,5;81,8;56,6;18,9;12,6;6,3;0,0;6,3;0,0;0,0;6,3;0,0;0,0;0,0;0,0;0,0;0,0;0,0;0,0;0,0;177340911;24,8;34,9;32,9;2020-08-16 10:50:06;E10,888335;N48,376577;478,300;300;SW V1-11 (2020-06-17);2019-06-11 14:16:04;original set-up
2020-08-16 12:55:06;SN19019;measure;12,17;11,64;11,14;47888,9;2591,0;495,3;101,6;120,7;57,2;44,5;38,1;6,4;0,0;0,0;0,0;0,0;0,0;0,0;0,0;0,0;0,0;0,0;0,0;0,0;0,0;0,0;0,0;177340911;25,0;35,0;32,8;2020-08-16 10:55:06;E10,888358;N48,376560;476,700;300;SW V1-11 (2020-06-17);2019-06-11 14:16:04;original set-up
2020-08-16 13:00:06;SN19019;measure;12,59;11,86;11,42;49035,0;2862,2;629,1;81,8;176,1;100,6;18,9;18,9;12,6;6,3;0,0;0,0;0,0;0,0;0,0;0,0;0,0;0,0;0,0;0,0;0,0;0,0;0,0;0,0;177340911;25,1;35,0;32,9;2020-08-16 11:00:06;E10,888357;N48,376562;476,600;300;SW V1-11 (2020-06-17);2019-06-11 14:16:04;original set-up
2020-08-16 13:05:06;SN19019;measure;12,83;12,32;11,87;51194,0;3034,9;567,1;99,7;124,6;81,0;49,9;6,2;0,0;0,0;6,2;0,0;0,0;0,0;0,0;0,0;0,0;0,0;0,0;0,0;0,0;0,0;0,0;0,0;177340911;25,0;35,1;32,8;2020-08-16 11:05:06;E10,888355;N48,376562;475,600;300;SW V1-11 (2020-06-17);2019-06-11 14:16:04;original set-up
2020-08-16 13:10:06;SN19019;measure;14,40;13,25;12,76;54851,8;3327,4;628,7;165,1;108,0;101,6;25,4;19,1;19,1;0,0;0,0;6,4;0,0;0,0;0,0;0,0;0,0;0,0;0,0;0,0;0,0;0,0;0,0;0,0;177340911;25,2;35,3;32,9;2020-08-16 11:10:06;E10,888417;N48,376513;481,800;300;SW V1-11 (2020-06-17);2019-06-11 14:16:04;original set-up
2020-08-16 13:15:06;SN19019;measure;15,22;14,02;13,41;57441,6;2994,1;629,0;132,1;182,4;62,9;75,5;12,6;12,6;6,3;0,0;6,3;0,0;0,0;0,0;0,0;0,0;0,0;0,0;0,0;0,0;0,0;0,0;0,0;177340911;25,4;35,4;32,6;2020-08-16 11:15:06;E10,888338;N48,376553;476,700;300;SW V1-11 (2020-06-17);2019-06-11 14:16:04;original set-up
2020-08-16 13:20:06;SN19019;measure;14,06;13,45;12,96;55293,6;3283,2;654,1;158,8;165,1;69,9;44,5;6,4;12,7;6,4;0,0;0,0;0,0;0,0;0,0;0,0;0,0;0,0;0,0;0,0;0,0;0,0;0,0;0,0;177340911;25,5;35,4;32,6;2020-08-16 11:20:06;E10,888350;N48,376533;474,100;300;SW V1-11 (2020-06-17);2019-06-11 14:16:04;original set-up
2020-08-16 13:25:06;SN19019;measure;14,33;13,27;12,94;56177,9;3410,9;621,9;102,6;64,1;44,9;32,1;12,8;6,4;6,4;0,0;6,4;0,0;0,0;0,0;0,0;0,0;0,0;0,0;0,0;0,0;0,0;0,0;0,0;177340911;25,1;35,5;32,7;2020-08-16 11:25:06;E10,888332;N48,376540;476,300;300;SW V1-11 (2020-06-17);2019-06-11 14:16:04;original set-up
2020-08-16 13:30:06;SN19019;measure;15,17;14,25;13,79;58911,2;3227,1;710,8;163,6;144,7;69,2;44,0;12,6;0,0;6,3;0,0;6,3;0,0;0,0;0,0;0,0;0,0;0,0;0,0;0,0;0,0;0,0;0,0;0,0;177340911;25,5;35,6;32,4;2020-08-16 11:30:06;E10,888345;N48,376533;477,100;300;SW V1-11 (2020-06-17);2019-06-11 14:16:04;original set-up
2020-08-16 13:35:06;SN19019;measure;16,23;14,26;13,61;58452,2;3719,5;699,4;150,3;176,5;91,5;58,8;32,7;13,1;19,6;0,0;6,5;0,0;0,0;0,0;0,0;0,0;0,0;0,0;0,0;0,0;0,0;0,0;0,0;177340911;25,4;35,7;32,4;2020-08-16 11:35:06;E10,888338;N48,376523;477,200;300;SW V1-11 (2020-06-17);2019-06-11 14:16:04;original set-up
2020-08-16 13:40:06;SN19019;measure;14,56;14,29;13,79;58773,7;3327,6;660,4;196,9;120,7;95,3;38,1;12,7;6,4;0,0;0,0;0,0;0,0;0,0;0,0;0,0;0,0;0,0;0,0;0,0;0,0;0,0;0,0;0,0;177340911;25,8;35,8;32,5;2020-08-16 11:40:06;E10,888313;N48,376550;477,400;300;SW V1-11 (2020-06-17);2019-06-11 14:16:04;original set-up
2020-08-16 13:45:06;SN19019;measure;15,64;13,84;13,25;55935,7;3271,1;754,9;188,7;100,6;125,8;56,6;6,3;0,0;0,0;12,6;0,0;6,3;0,0;0,0;0,0;0,0;0,0;0,0;0,0;0,0;0,0;0,0;6,3;177340911;26,2;36,0;32,4;2020-08-16 11:45:06;E10,888298;N48,376555;478,500;300;SW V1-11 (2020-06-17);2019-06-11 14:16:04;original set-up
2020-08-16 13:50:06;SN19019;measure;14,85;13,53;13,09;55077,7;3645,2;774,8;184,2;139,7;63,5;38,1;12,7;0,0;6,4;12,7;0,0;0,0;0,0;0,0;0,0;0,0;0,0;0,0;0,0;0,0;0,0;0,0;0,0;177340911;26,4;36,2;32,3;2020-08-16 11:50:06;E10,888303;N48,376565;479,800;300;SW V1-11 (2020-06-17);2019-06-11 14:16:04;original set-up
2020-08-16 13:55:06;SN19019;measure;15,28;13,34;12,78;53635,4;3506,9;724,5;185,9;147,5;38,5;70,5;19,2;0,0;6,4;12,8;6,4;0,0;0,0;0,0;0,0;0,0;0,0;0,0;0,0;0,0;0,0;0,0;0,0;177340911;26,8;36,6;32,0;2020-08-16 11:55:06;E10,888313;N48,376558;482,600;300;SW V1-11 (2020-06-17);2019-06-11 14:16:04;original set-up
2020-08-16 14:00:06;SN19019;measure;15,34;13,29;12,71;55051,8;3286,4;619,2;136,1;176,9;68,0;61,2;27,2;6,8;6,8;6,8;0,0;6,8;0,0;0,0;0,0;0,0;0,0;0,0;0,0;0,0;0,0;0,0;0,0;177340911;25,9;37,2;31,4;2020-08-16 12:00:06;E10,888330;N48,376573;482,600;300;SW V1-11 (2020-06-17);2019-06-11 14:16:04;original set-up
2020-08-16 14:05:06;SN19019;measure;14,40;13,60;12,97;54054,3;3125,0;646,6;215,5;161,6;87,6;53,9;20,2;13,5;6,7;0,0;0,0;0,0;0,0;0,0;0,0;0,0;0,0;0,0;0,0;0,0;0,0;0,0;0,0;177340911;27,1;37,7;30,0;2020-08-16 12:05:06;E10,888322;N48,376617;483,600;300;SW V1-11 (2020-06-17);2019-06-11 14:16:04;original set-up
2020-08-16 14:10:06;SN19019;measure;14,89;14,09;13,45;55586,9;3414,8;660,1;141,4;134,7;101,0;74,1;6,7;6,7;13,5;0,0;0,0;0,0;0,0;0,0;0,0;0,0;0,0;0,0;0,0;0,0;0,0;0,0;0,0;177340911;27,6;38,1;29,7;2020-08-16 12:10:06;E10,888318;N48,376605;483,300;300;SW V1-11 (2020-06-17);2019-06-11 14:16:04;original set-up
2020-08-16 14:15:06;SN19019;measure;16,00;14,10;13,45;55606,1;3306,6;748,4;197,3;129,3;88,4;54,4;20,4;27,2;20,4;0,0;0,0;0,0;6,8;0,0;0,0;0,0;0,0;0,0;0,0;0,0;0,0;0,0;0,0;177340911;27,6;38,5;29,1;2020-08-16 12:15:06;E10,888280;N48,376603;483,100;300;SW V1-11 (2020-06-17);2019-06-11 14:16:04;original set-up
2020-08-16 14:20:06;SN19019;measure;14,22;12,44;11,88;49383,6;3111,7;559,0;154,9;107,8;94,3;53,9;13,5;6,7;0,0;20,2;0,0;0,0;0,0;6,7;0,0;0,0;0,0;0,0;0,0;0,0;0,0;0,0;0,0;177340911;27,3;38,8;28,5;2020-08-16 12:20:06;E10,888297;N48,376592;484,100;300;SW V1-11 (2020-06-17);2019-06-11 14:16:04;original set-up
2020-08-16 14:25:06;SN19019;measure;14,59;12,52;12,04;49270,6;2779,4;713,0;99,0;125,4;66,0;52,8;6,6;6,6;6,6;13,2;6,6;0,0;0,0;0,0;0,0;0,0;0,0;0,0;0,0;0,0;0,0;0,0;0,0;177340911;28,0;38,9;28,1;2020-08-16 12:25:06;E10,888343;N48,376590;482,900;300;SW V1-11 (2020-06-17);2019-06-11 14:16:04;original set-up
2020-08-16 14:30:06;SN19019;measure;13,24;12,16;11,55;48944,5;2832,2;522,4;130,6;137,5;103,1;68,7;6,9;6,9;20,6;0,0;0,0;0,0;0,0;0,0;0,0;0,0;0,0;0,0;0,0;0,0;0,0;0,0;0,0;177340911;26,6;38,9;28,3;2020-08-16 12:30:06;E10,888358;N48,376590;484,000;300;SW V1-11 (2020-06-17);2019-06-11 14:16:04;original set-up
2020-08-16 14:35:06;SN19019;measure;14,46;12,81;12,26;50423,4;2917,1;715,4;166,7;222,3;90,3;41,7;6,9;6,9;6,9;6,9;6,9;0,0;0,0;0,0;6,9;0,0;0,0;0,0;0,0;0,0;0,0;0,0;0,0;177340911;27,2;38,7;27,8;2020-08-16 12:35:06;E10,888313;N48,376583;482,700;300;SW V1-11 (2020-06-17);2019-06-11 14:16:04;original set-up
2020-08-16 14:40:06;SN19019;measure;12,56;12,24;11,83;48523,6;3028,4;652,9;104,2;180,6;55,6;34,7;0,0;13,9;0,0;0,0;0,0;0,0;0,0;0,0;0,0;0,0;0,0;0,0;0,0;0,0;0,0;0,0;0,0;177340911;27,3;38,5;27,9;2020-08-16 12:40:06;E10,888337;N48,376543;484,700;300;SW V1-11 (2020-06-17);2019-06-11 14:16:04;original set-up
2020-08-16 14:45:06;SN19019;measure;14,54;13,24;12,50;50721,0;2966,4;700,8;149,7;142,9;108,9;74,8;13,6;27,2;0,0;6,8;0,0;0,0;0,0;0,0;0,0;0,0;0,0;0,0;0,0;0,0;0,0;0,0;0,0;177340911;27,8;38,4;28,1;2020-08-16 12:45:06;E10,888362;N48,376537;487,200;300;SW V1-11 (2020-06-17);2019-06-11 14:16:04;original set-up
2020-08-16 14:50:06;SN19019;measure;14,47;13,17;12,66;51666,9;3105,0;653,3;175,1;134,7;87,6;33,7;6,7;26,9;0,0;0,0;6,7;0,0;0,0;0,0;0,0;0,0;0,0;0,0;0,0;0,0;0,0;0,0;0,0;177340911;27,6;38,3;28,5;2020-08-16 12:50:06;E10,888373;N48,376558;486,600;300;SW V1-11 (2020-06-17);2019-06-11 14:16:04;original set-up
2020-08-16 14:55:06;SN19019;measure;12,96;12,45;11,97;49924,2;2983,2;666,8;116,9;130,6;75,6;48,1;6,9;6,9;6,9;0,0;0,0;0,0;0,0;0,0;0,0;0,0;0,0;0,0;0,0;0,0;0,0;0,0;0,0;177340911;26,7;38,2;28,6;2020-08-16 12:55:06;E10,888377;N48,376550;489,600;300;SW V1-11 (2020-06-17);2019-06-11 14:16:04;original set-up
2020-08-16 15:00:06;SN19019;measure;13,54;13,09;12,48;51329,6;2990,1;744,0;126,3;238,6;98,3;56,2;14,0;0,0;7,0;0,0;0,0;0,0;0,0;0,0;0,0;0,0;0,0;0,0;0,0;0,0;0,0;0,0;0,0;177340911;26,8;38,2;27,8;2020-08-16 13:00:06;E10,888378;N48,376575;489,500;300;SW V1-11 (2020-06-17);2019-06-11 14:16:04;original set-up
2020-08-16 15:05:06;SN19019;measure;15,27;14,48;13,92;56809,0;3709,7;794,4;156,0;127,7;70,9;56,7;14,2;14,2;7,1;0,0;0,0;0,0;0,0;0,0;0,0;0,0;0,0;0,0;0,0;0,0;0,0;0,0;0,0;177340911;27,1;38,0;28,1;2020-08-16 13:05:06;E10,888400;N48,376560;485,900;300;SW V1-11 (2020-06-17);2019-06-11 14:16:04;original set-up
2020-08-16 15:10:06;SN19019;measure;15,41;14,15;13,60;55986,8;3326,9;708,0;185,6;123,7;68,7;55,0;6,9;20,6;0,0;6,9;0,0;0,0;6,9;0,0;0,0;0,0;0,0;0,0;0,0;0,0;0,0;0,0;0,0;177340911;27,2;37,9;29,0;2020-08-16 13:10:06;E10,888453;N48,376600;485,500;300;SW V1-11 (2020-06-17);2019-06-11 14:16:04;original set-up
2020-08-16 15:15:06;SN19019;measure;13,98;12,76;12,26;50574,7;2973,4;707,6;190,5;88,5;88,5;40,8;13,6;0,0;13,6;6,8;0,0;0,0;0,0;0,0;0,0;6,8;0,0;0,0;0,0;0,0;0,0;0,0;0,0;177340911;27,1;37,9;29,0;2020-08-16 13:15:06;E10,888410;N48,376540;489,300;300;SW V1-11 (2020-06-17);2019-06-11 14:16:04;original set-up
2020-08-16 15:20:06;SN19019;measure;12,63;12,40;11,86;48167,7;3079,7;570,6;144,4;110,0;103,1;48,1;6,9;6,9;0,0;0,0;0,0;0,0;0,0;0,0;0,0;0,0;0,0;0,0;0,0;0,0;0,0;0,0;0,0;177340911;27,4;37,9;28,3;2020-08-16 13:20:06;E10,888422;N48,376588;488,400;300;SW V1-11 (2020-06-17);2019-06-11 14:16:04;original set-up
2020-08-16 15:25:06;SN19019;measure;14,24;13,13;12,50;50613,4;3187,1;866,8;206,7;220,0;53,3;66,7;6,7;20,0;13,3;0,0;0,0;0,0;0,0;0,0;0,0;0,0;0,0;0,0;0,0;0,0;0,0;0,0;0,0;177340911;27,4;37,8;28,4;2020-08-16 13:25:06;E10,888435;N48,376573;486,900;300;SW V1-11 (2020-06-17);2019-06-11 14:16:04;original set-up
2020-08-16 15:30:06;SN19019;measure;14,25;13,19;12,65;51376,9;3013,9;666,8;180,0;133,4;73,3;40,0;13,3;26,7;6,7;0,0;0,0;0,0;0,0;0,0;0,0;0,0;0,0;0,0;0,0;0,0;0,0;0,0;0,0;177340911;27,2;37,8;28,1;2020-08-16 13:30:06;E10,888445;N48,376583;485,700;300;SW V1-11 (2020-06-17);2019-06-11 14:16:04;original set-up
2020-08-16 15:35:06;SN19019;measure;12,82;11,45;10,96;44622,9;2650,5;482,5;138,8;152,0;72,7;26,4;26,4;13,2;6,6;6,6;0,0;0,0;0,0;0,0;0,0;0,0;0,0;0,0;0,0;0,0;0,0;0,0;0,0;177340911;27,3;37,8;28,3;2020-08-16 13:35:06;E10,888363;N48,376600;484,500;300;SW V1-11 (2020-06-17);2019-06-11 14:16:04;original set-up
2020-08-16 15:40:06;SN19019;measure;12,28;11,52;10,86;44342,2;2435,9;476,3;74,8;136,1;102,1;74,8;13,6;13,6;6,8;0,0;0,0;0,0;0,0;0,0;6,8;0,0;0,0;0,0;0,0;0,0;0,0;0,0;0,0;177340911;27,2;37,7;28,4;2020-08-16 13:40:06;E10,888472;N48,376575;486,300;300;SW V1-11 (2020-06-17);2019-06-11 14:16:04;original set-up
2020-08-16 15:45:06;SN19019;measure;14,17;11,55;10,92;44414,4;2845,9;536,2;144,4;137,5;110,0;48,1;34,4;0,0;6,9;13,7;0,0;6,9;0,0;0,0;0,0;0,0;0,0;0,0;0,0;0,0;0,0;0,0;0,0;177340911;27,2;37,8;28,3;2020-08-16 13:45:06;E10,888357;N48,376543;486,700;300;SW V1-11 (2020-06-17);2019-06-11 14:16:04;original set-up
2020-08-16 15:50:06;SN19019;measure;13,22;12,28;11,72;48117,5;2430,9;625,1;187,5;104,2;83,3;62,5;0,0;13,9;0,0;0,0;6,9;0,0;0,0;6,9;0,0;0,0;0,0;0,0;0,0;0,0;0,0;0,0;0,0;177340911;27,1;37,8;28,7;2020-08-16 13:50:06;E10,888362;N48,376563;485,800;300;SW V1-11 (2020-06-17);2019-06-11 14:16:04;original set-up
2020-08-16 15:55:06;SN19019;measure;12,56;10,90;10,33;41944,4;2245,2;415,0;183,7;142,9;88,4;54,4;6,8;6,8;0,0;6,8;0,0;6,8;0,0;0,0;0,0;0,0;0,0;0,0;0,0;0,0;0,0;0,0;0,0;177340911;27,3;37,8;28,1;2020-08-16 13:55:06;E10,888275;N48,376553;488,700;300;SW V1-11 (2020-06-17);2019-06-11 14:16:04;original set-up
2020-08-16 16:00:06;SN19019;measure;11,09;10,64;10,11;41292,5;2133,8;414,1;105,3;126,3;84,2;56,2;14,0;0,0;7,0;0,0;0,0;0,0;0,0;0,0;0,0;0,0;0,0;0,0;0,0;0,0;0,0;0,0;0,0;177340911;26,9;37,8;27,8;2020-08-16 14:00:06;E10,888292;N48,376540;489,000;300;SW V1-11 (2020-06-17);2019-06-11 14:16:04;original set-up
2020-08-16 16:05:06;SN19019;measure;9,97;9,43;8,90;36532,6;1472,4;277,8;118,1;145,9;62,5;48,6;20,8;13,9;0,0;0,0;0,0;0,0;0,0;0,0;0,0;0,0;0,0;0,0;0,0;0,0;0,0;0,0;0,0;177340911;26,8;37,8;27,7;2020-08-16 14:05:06;E10,888365;N48,376562;486,700;300;SW V1-11 (2020-06-17);2019-06-11 14:16:04;original set-up
2020-08-16 16:10:06;SN19019;measure;14,40;13,53;12,97;52253,5;3035,3;798,8;236,2;173,6;104,2;27,8;6,9;20,8;6,9;0,0;0,0;0,0;0,0;0,0;0,0;0,0;0,0;0,0;0,0;0,0;0,0;0,0;0,0;177340911;26,9;37,6;27,4;2020-08-16 14:10:06;E10,888390;N48,376565;486,900;300;SW V1-11 (2020-06-17);2019-06-11 14:16:04;original set-up
2020-08-16 16:15:06;SN19019;measure;10,79;10,29;9,82;39835,1;2191,8;532,0;106,4;106,4;113,5;28,4;0,0;21,3;0,0;0,0;0,0;0,0;0,0;0,0;0,0;0,0;0,0;0,0;0,0;0,0;0,0;0,0;0,0;177340911;26,9;37,6;27,7;2020-08-16 14:15:06;E10,888395;N48,376567;485,800;300;SW V1-11 (2020-06-17);2019-06-11 14:16:04;original set-up
2020-08-16 16:20:06;SN19019;measure;10,13;9,39;8,97;36168,8;1636,7;330,0;74,1;67,4;74,1;40,4;13,5;0,0;13,5;0,0;0,0;0,0;0,0;6,7;0,0;0,0;0,0;0,0;0,0;0,0;0,0;0,0;0,0;177340911;27,4;37,6;27,3;2020-08-16 14:20:06;E10,888388;N48,376570;484,800;300;SW V1-11 (2020-06-17);2019-06-11 14:16:04;original set-up
2020-08-16 16:25:06;SN19019;measure;10,85;10,31;9,69;38752,6;1885,8;451,2;107,8;148,2;80,8;60,6;20,2;13,5;0,0;0,0;0,0;0,0;0,0;0,0;0,0;0,0;0,0;0,0;0,0;0,0;0,0;0,0;0,0;177340911;27,6;37,6;27,3;2020-08-16 14:25:06;E10,888390;N48,376555;484,400;300;SW V1-11 (2020-06-17);2019-06-11 14:16:04;original set-up
2020-08-16 16:30:06;SN19019;measure;10,30;9,88;9,32;37492,0;1814,8;494,9;130,6;151,2;68,7;55,0;20,6;0,0;0,0;0,0;0,0;0,0;6,9;0,0;0,0;0,0;0,0;0,0;0,0;0,0;0,0;0,0;0,0;177340911;27,4;37,7;27,5;2020-08-16 14:30:06;E10,888360;N48,376555;484,100;300;SW V1-11 (2020-06-17);2019-06-11 14:16:04;original set-up
2020-08-16 16:35:06;SN19019;measure;10,03;9,04;8,63;34977,5;1251,9;299,4;88,4;142,9;74,8;34,0;6,8;0,0;6,8;0,0;6,8;0,0;0,0;0,0;0,0;0,0;0,0;0,0;0,0;0,0;0,0;0,0;0,0;177340911;27,3;37,7;27,3;2020-08-16 14:35:06;E10,888373;N48,376548;482,200;300;SW V1-11 (2020-06-17);2019-06-11 14:16:04;original set-up
2020-08-16 16:40:06;SN19019;measure;10,17;10,17;9,80;39369,3;1663,5;435,2;105,3;175,5;70,2;28,1;0,0;0,0;0,0;0,0;0,0;0,0;0,0;0,0;0,0;0,0;7,0;0,0;0,0;0,0;0,0;0,0;0,0;177340911;27,4;37,8;26,9;2020-08-16 14:40:06;E10,888383;N48,376565;480,300;300;SW V1-11 (2020-06-17);2019-06-11 14:16:04;original set-up
2020-08-16 16:45:06;SN19019;measure;11,76;9,86;9,39;37693,0;1752,0;439,8;177,3;149,0;78,0;28,4;7,1;14,2;7,1;7,1;7,1;0,0;0,0;0,0;0,0;0,0;0,0;0,0;0,0;0,0;0,0;0,0;0,0;177340911;27,1;37,8;26,6;2020-08-16 14:45:06;E10,888393;N48,376565;480,200;300;SW V1-11 (2020-06-17);2019-06-11 14:16:04;original set-up
2020-08-16 16:50:06;SN19019;measure;9,67;9,12;8,63;34412,8;1564,8;299,4;142,9;102,1;27,2;54,4;20,4;13,6;0,0;0,0;0,0;0,0;0,0;0,0;0,0;0,0;0,0;0,0;0,0;0,0;0,0;0,0;0,0;177340911;27,5;37,8;26,3;2020-08-16 14:50:06;E10,888405;N48,376563;478,600;300;SW V1-11 (2020-06-17);2019-06-11 14:16:04;original set-up
2020-08-16 16:55:06;SN19019;measure;9,60;8,70;8,36;33518,3;1419,4;396,1;99,0;85,8;59,4;26,4;0,0;13,2;13,2;0,0;0,0;0,0;0,0;0,0;0,0;0,0;0,0;0,0;0,0;0,0;0,0;0,0;0,0;177340911;27,3;37,9;26,4;2020-08-16 14:55:06;E10,888365;N48,376590;477,600;300;SW V1-11 (2020-06-17);2019-06-11 14:16:04;original set-up
2020-08-16 17:00:06;SN19019;measure;10,50;8,83;8,33;33511,1;1606,9;286,7;66,7;166,7;86,7;33,3;26,7;0,0;13,3;0,0;6,7;0,0;6,7;0,0;0,0;0,0;0,0;0,0;0,0;0,0;0,0;0,0;0,0;177340911;27,4;37,9;26,8;2020-08-16 15:00:06;E10,888355;N48,376570;477,800;300;SW V1-11 (2020-06-17);2019-06-11 14:16:04;original set-up
2020-08-16 17:05:06;SN19019;measure;11,23;8,95;8,56;34377,1;1627,7;307,2;111,1;98,1;65,4;26,1;13,1;6,5;0,0;6,5;6,5;6,5;0,0;6,5;0,0;0,0;0,0;0,0;0,0;0,0;0,0;0,0;0,0;177340911;27,4;37,9;26,7;2020-08-16 15:05:06;E10,888345;N48,376595;478,000;300;SW V1-11 (2020-06-17);2019-06-11 14:16:04;original set-up
2020-08-16 17:10:06;SN19019;measure;12,72;11,58;11,01;44441,9;1636,1;391,8;96,2;103,1;68,7;68,7;13,7;6,9;6,9;6,9;0,0;0,0;0,0;0,0;0,0;0,0;0,0;0,0;0,0;0,0;0,0;0,0;0,0;177340911;27,6;37,9;27,0;2020-08-16 15:10:06;E10,888397;N48,376570;476,600;300;SW V1-11 (2020-06-17);2019-06-11 14:16:04;original set-up
2020-08-16 17:15:06;SN19019;measure;11,58;10,43;9,92;40112,2;1583,7;340,3;104,2;118,1;41,7;48,6;34,7;6,9;13,9;0,0;0,0;0,0;0,0;0,0;0,0;0,0;0,0;0,0;0,0;0,0;0,0;0,0;0,0;177340911;27,4;38,0;27,0;2020-08-16 15:15:06;E10,888368;N48,376600;477,700;300;SW V1-11 (2020-06-17);2019-06-11 14:16:04;original set-up
2020-08-16 17:20:06;SN19019;measure;11,61;10,10;9,63;38953,4;1728,2;387,8;68,0;136,1;95,3;20,4;27,2;13,6;20,4;0,0;0,0;0,0;0,0;0,0;0,0;0,0;0,0;0,0;0,0;0,0;0,0;0,0;0,0;177340911;27,2;37,9;26,9;2020-08-16 15:20:06;E10,888367;N48,376583;475,900;300;SW V1-11 (2020-06-17);2019-06-11 14:16:04;original set-up
2020-08-16 17:25:06;SN19019;measure;12,68;11,85;11,27;45147,1;2727,8;606,2;168,4;161,6;60,6;53,9;20,2;13,5;6,7;0,0;0,0;0,0;0,0;0,0;6,7;0,0;0,0;0,0;6,7;0,0;0,0;0,0;0,0;177340911;27,2;37,8;26,9;2020-08-16 15:25:06;E10,888333;N48,376563;476,400;300;SW V1-11 (2020-06-17);2019-06-11 14:16:04;original set-up
2020-08-16 17:30:06;SN19019;measure;19,94;18,87;17,79;70194,9;6681,3;1594,7;467,4;357,4;171,8;55,0;41,2;13,7;6,9;0,0;0,0;0,0;0,0;0,0;0,0;6,9;0,0;0,0;0,0;0,0;0,0;0,0;0,0;177340911;27,2;37,7;27,3;2020-08-16 15:30:06;E10,888377;N48,376598;478,400;300;SW V1-11 (2020-06-17);2019-06-11 14:16:04;original set-up
2020-08-16 17:35:06;SN19019;measure;12,04;10,06;9,62;38530,6;2399,2;451,1;150,4;143,8;85,0;19,6;19,6;0,0;6,5;0,0;6,5;6,5;0,0;0,0;0,0;0,0;0,0;0,0;0,0;0,0;0,0;0,0;0,0;177340911;27,4;37,7;27,5;2020-08-16 15:35:06;E10,888362;N48,376595;480,100;300;SW V1-11 (2020-06-17);2019-06-11 14:16:04;original set-up
2020-08-16 17:40:06;SN19019;measure;11,25;8,97;8,56;34619,5;1754,3;297,8;97,1;90,6;77,7;32,4;12,9;0,0;6,5;12,9;0,0;6,5;0,0;0,0;0,0;0,0;0,0;0,0;0,0;0,0;0,0;0,0;0,0;177340911;27,2;37,6;27,6;2020-08-16 15:40:06;E10,888323;N48,376615;479,200;300;SW V1-11 (2020-06-17);2019-06-11 14:16:04;original set-up
2020-08-16 17:45:06;SN19019;measure;31,89;29,93;28,70;113466,1;11361,5;2563,6;582,6;556,7;194,2;77,7;6,5;6,5;0,0;0,0;19,4;0,0;0,0;6,5;0,0;0,0;0,0;0,0;0,0;0,0;0,0;0,0;0,0;177340911;27,2;37,6;27,7;2020-08-16 15:45:06;E10,888335;N48,376612;478,300;300;SW V1-11 (2020-06-17);2019-06-11 14:16:04;original set-up
2020-08-16 17:50:06;SN19019;measure;12,56;10,86;10,29;41574,7;1799,7;369,0;135,9;103,6;110,1;38,8;25,9;6,5;0,0;6,5;6,5;0,0;6,5;0,0;0,0;0,0;0,0;0,0;0,0;0,0;0,0;0,0;0,0;177340911;27,6;37,6;27,9;2020-08-16 15:50:06;E10,888313;N48,376565;479,400;300;SW V1-11 (2020-06-17);2019-06-11 14:16:04;original set-up
2020-08-16 17:55:06;SN19019;measure;18,05;17,02;16,44;67315,9;2132,3;363,1;178,2;105,6;99,0;33,0;26,4;19,8;6,6;0,0;0,0;0,0;0,0;0,0;0,0;0,0;0,0;0,0;0,0;0,0;0,0;0,0;0,0;177340911;27,4;37,6;28,2;2020-08-16 15:55:06;E10,888300;N48,376568;480,500;300;SW V1-11 (2020-06-17);2019-06-11 14:16:04;original set-up
2020-08-16 18:00:06;SN19019;measure;12,18;10,76;10,30;42223,9;2040,8;343,5;80,8;114,5;47,1;60,6;6,7;6,7;0,0;0,0;13,5;0,0;0,0;0,0;0,0;0,0;0,0;0,0;0,0;0,0;0,0;0,0;0,0;177340911;27,1;37,7;28,1;2020-08-16 16:00:06;E10,888325;N48,376538;481,400;300;SW V1-11 (2020-06-17);2019-06-11 14:16:04;original set-up
2020-08-16 18:05:06;SN19019;measure;9,99;9,68;9,24;37756,7;1584,5;396,1;72,6;105,6;46,2;59,4;0,0;13,2;0,0;0,0;0,0;0,0;0,0;0,0;0,0;0,0;0,0;0,0;0,0;0,0;0,0;0,0;0,0;177340911;27,1;37,7;27,8;2020-08-16 16:05:06;E10,888267;N48,376537;484,300;300;SW V1-11 (2020-06-17);2019-06-11 14:16:04;original set-up
2020-08-16 18:10:06;SN19019;measure;10,16;9,85;9,35;38321,3;1512,2;323,1;110,0;96,2;68,7;55,0;13,7;6,9;0,0;0,0;0,0;0,0;0,0;0,0;0,0;0,0;0,0;0,0;0,0;0,0;0,0;0,0;0,0;177340911;27,0;37,7;28,0;2020-08-16 16:10:06;E10,888290;N48,376545;481,300;300;SW V1-11 (2020-06-17);2019-06-11 14:16:04;original set-up
2020-08-16 18:15:06;SN19019;measure;10,51;8,99;8,48;34764,8;1305,5;379,0;70,2;140,4;77,2;42,1;7,0;35,1;0,0;0,0;7,0;0,0;0,0;0,0;0,0;0,0;0,0;0,0;0,0;0,0;0,0;0,0;0,0;177340911;27,0;37,7;28,0;2020-08-16 16:15:06;E10,888317;N48,376535;485,700;300;SW V1-11 (2020-06-17);2019-06-11 14:16:04;original set-up
2020-08-16 18:20:06;SN19019;measure;11,05;9,07;8,77;35661,3;1629,8;282,9;101,0;134,7;67,3;6,7;13,5;0,0;0,0;0,0;0,0;13,5;0,0;0,0;0,0;0,0;0,0;0,0;0,0;0,0;0,0;0,0;0,0;177340911;27,1;37,7;27,6;2020-08-16 16:20:06;E10,888327;N48,376555;486,000;300;SW V1-11 (2020-06-17);2019-06-11 14:16:04;original set-up
2020-08-16 18:25:06;SN19019;measure;11,38;9,40;8,97;36512,4;1596,3;410,9;101,0;114,5;40,4;40,4;26,9;0,0;13,5;6,7;6,7;0,0;0,0;0,0;0,0;0,0;0,0;0,0;0,0;0,0;0,0;0,0;0,0;177340911;27,2;37,8;27,7;2020-08-16 16:25:06;E10,888350;N48,376552;483,200;300;SW V1-11 (2020-06-17);2019-06-11 14:16:04;original set-up
2020-08-16 18:30:06;SN19019;measure;14,69;14,41;13,97;57395,6;2000,4;387,4;133,4;152,4;108,0;12,7;12,7;6,4;0,0;0,0;0,0;0,0;0,0;0,0;0,0;0,0;0,0;0,0;0,0;0,0;0,0;0,0;0,0;177340911;27,1;37,9;27,7;2020-08-16 16:30:06;E10,888333;N48,376573;486,100;300;SW V1-11 (2020-06-17);2019-06-11 14:16:04;original set-up
2020-08-16 18:35:06;SN19019;measure;14,43;13,80;13,07;53308,4;3410,7;628,3;121,8;192,3;89,8;83,3;19,2;6,4;6,4;0,0;0,0;0,0;0,0;0,0;0,0;0,0;0,0;0,0;0,0;0,0;0,0;0,0;0,0;177340911;26,9;38,0;27,5;2020-08-16 16:35:06;E10,888353;N48,376567;481,100;300;SW V1-11 (2020-06-17);2019-06-11 14:16:04;original set-up
2020-08-16 18:40:06;SN19019;measure;10,12;8,73;8,22;33527,5;1423,9;375,1;90,3;76,4;69,5;62,5;13,9;0,0;6,9;0,0;0,0;6,9;0,0;0,0;0,0;0,0;0,0;0,0;0,0;0,0;0,0;0,0;0,0;177340911;26,9;38,0;27,0;2020-08-16 16:40:06;E10,888320;N48,376552;488,000;300;SW V1-11 (2020-06-17);2019-06-11 14:16:04;original set-up
2020-08-16 18:45:06;SN19019;measure;16,75;16,18;15,70;63218,8;5042,7;750,9;148,9;155,4;77,7;32,4;12,9;6,5;6,5;0,0;0,0;0,0;0,0;0,0;0,0;0,0;0,0;0,0;0,0;0,0;0,0;0,0;0,0;177340911;26,8;37,9;26,9;2020-08-16 16:45:06;E10,888340;N48,376610;479,600;300;SW V1-11 (2020-06-17);2019-06-11 14:16:04;original set-up
2020-08-16 18:50:06;SN19019;measure;30,75;29,71;29,11;118458,2;6056,9;984,6;162,0;137,1;105,9;56,1;6,2;6,2;6,2;0,0;6,2;0,0;0,0;0,0;0,0;0,0;0,0;0,0;0,0;0,0;0,0;0,0;0,0;177340911;26,8;37,7;26,9;2020-08-16 16:50:06;E10,888383;N48,376600;477,700;300;SW V1-11 (2020-06-17);2019-06-11 14:16:04;original set-up
2020-08-16 18:55:06;SN19019;measure;15,57;13,77;13,45;54949,5;2058,7;304,3;51,8;174,8;51,8;25,9;0,0;6,5;6,5;6,5;0,0;6,5;0,0;0,0;0,0;0,0;0,0;0,0;0,0;0,0;0,0;0,0;0,0;177340911;26,8;37,6;27,1;2020-08-16 16:55:06;E10,888377;N48,376608;479,200;300;SW V1-11 (2020-06-17);2019-06-11 14:16:04;original set-up
2020-08-16 19:00:06;SN19019;measure;16,81;15,91;15,51;63489,3;2231,0;448,7;130,9;124,6;62,3;24,9;12,5;12,5;0,0;6,2;0,0;0,0;0,0;0,0;0,0;0,0;0,0;0,0;0,0;0,0;0,0;0,0;0,0;177340911;26,6;37,5;27,3;2020-08-16 17:00:06;E10,888335;N48,376585;483,400;300;SW V1-11 (2020-06-17);2019-06-11 14:16:04;original set-up
2020-08-16 19:05:06;SN19019;measure;10,02;8,93;8,58;34883,2;1613,9;436,2;99,7;112,2;56,1;18,7;18,7;6,2;6,2;6,2;0,0;0,0;0,0;0,0;6,2;0,0;0,0;0,0;0,0;0,0;0,0;0,0;0,0;177340911;26,6;37,4;27,4;2020-08-16 17:05:06;E10,888312;N48,376582;480,100;300;SW V1-11 (2020-06-17);2019-06-11 14:16:04;original set-up
2020-08-16 19:10:06;SN19019;measure;24,40;23,60;22,90;92832,0;4967,4;789,1;122,3;159,1;61,2;91,8;18,4;6,1;0,0;6,1;0,0;0,0;0,0;0,0;0,0;0,0;0,0;0,0;0,0;0,0;0,0;0,0;0,0;177340911;26,7;37,3;27,3;2020-08-16 17:10:06;E10,888378;N48,376540;486,800;300;SW V1-11 (2020-06-17);2019-06-11 14:16:04;original set-up
2020-08-16 19:15:06;SN19019;measure;28,27;27,93;27,47;112215,0;6455,4;891,0;181,8;139,4;36,4;42,4;18,2;6,1;0,0;0,0;0,0;0,0;0,0;0,0;0,0;0,0;0,0;0,0;0,0;0,0;0,0;0,0;0,0;177340911;26,4;37,2;27,7;2020-08-16 17:15:06;E10,888445;N48,376468;493,900;300;SW V1-11 (2020-06-17);2019-06-11 14:16:04;original set-up
2020-08-16 19:20:06;SN19019;measure;10,33;9,13;8,61;35211,9;1511,0;299,8;79,5;91,8;97,9;55,1;0,0;12,2;0,0;12,2;0,0;0,0;0,0;0,0;0,0;0,0;0,0;0,0;0,0;0,0;0,0;0,0;6,1;177340911;26,4;37,1;27,8;2020-08-16 17:20:06;E10,888423;N48,376468;499,300;300;SW V1-11 (2020-06-17);2019-06-11 14:16:04;original set-up
2020-08-16 19:25:06;SN19019;measure;25,63;24,57;23,92;97364,5;6158,4;818,3;194,0;175,8;145,5;36,4;18,2;6,1;6,1;6,1;0,0;0,0;0,0;0,0;0,0;0,0;0,0;0,0;0,0;0,0;0,0;0,0;0,0;177340911;26,3;37,0;27,8;2020-08-16 17:25:06;E10,888415;N48,376502;495,100;300;SW V1-11 (2020-06-17);2019-06-11 14:16:04;original set-up
2020-08-16 19:30:06;SN19019;measure;11,22;10,51;10,25;41983,9;1670,1;348,7;67,3;79,5;48,9;12,2;12,2;6,1;6,1;0,0;0,0;0,0;6,1;0,0;0,0;0,0;0,0;0,0;0,0;0,0;0,0;0,0;0,0;177340911;26,3;36,8;28,0;2020-08-16 17:30:06;E10,888450;N48,376503;502,600;300;SW V1-11 (2020-06-17);2019-06-11 14:16:04;original set-up
2020-08-16 19:35:06;SN19019;measure;26,47;24,61;23,95;97922,6;4109,9;624,4;139,4;103,1;72,7;72,7;24,2;18,2;6,1;12,1;0,0;0,0;0,0;0,0;0,0;0,0;0,0;0,0;0,0;0,0;0,0;0,0;0,0;177340911;26,5;36,8;28,1;2020-08-16 17:35:06;E10,888443;N48,376543;494,100;300;SW V1-11 (2020-06-17);2019-06-11 14:16:04;original set-up
2020-08-16 19:40:06;SN19019;measure;34,99;34,01;33,35;137956,8;4396,2;666,8;159,3;135,7;59,0;76,7;29,5;5,9;0,0;0,0;5,9;0,0;0,0;0,0;0,0;0,0;0,0;0,0;0,0;0,0;0,0;0,0;0,0;177340911;26,2;36,7;28,4;2020-08-16 17:40:06;E10,888423;N48,376603;487,400;300;SW V1-11 (2020-06-17);2019-06-11 14:16:04;original set-up
2020-08-16 19:45:06;SN19019;measure;10,77;9,47;8,95;37071,6;1460,8;290,9;169,7;103,0;60,6;48,5;30,3;0,0;0,0;6,1;6,1;0,0;0,0;6,1;0,0;0,0;0,0;0,0;0,0;0,0;0,0;0,0;0,0;177340911;25,9;36,7;28,6;2020-08-16 17:45:06;E10,888423;N48,376550;487,500;300;SW V1-11 (2020-06-17);2019-06-11 14:16:04;original set-up
2020-08-16 19:50:06;SN19019;measure;10,37;8,34;7,87;32495,4;1524,1;362,0;95,3;114,3;38,1;44,5;31,8;12,7;12,7;0,0;0,0;6,4;0,0;6,4;0,0;0,0;0,0;0,0;0,0;0,0;0,0;0,0;0,0;177340911;25,9;36,6;28,7;2020-08-16 17:50:06;E10,888410;N48,376542;485,100;300;SW V1-11 (2020-06-17);2019-06-11 14:16:04;original set-up
2020-08-16 19:55:06;SN19019;measure;9,64;9,02;8,59;35554,3;1836,8;276,8;88,1;125,8;69,2;37,7;6,3;12,6;6,3;0,0;0,0;0,0;0,0;0,0;0,0;0,0;0,0;0,0;0,0;0,0;0,0;0,0;0,0;177340911;25,9;36,5;29,1;2020-08-16 17:55:06;E10,888350;N48,376547;483,700;300;SW V1-11 (2020-06-17);2019-06-11 14:16:04;original set-up
2020-08-16 20:00:06;SN19019;measure;10,59;9,30;8,70;36089,8;1778,1;336,6;146,1;120,7;108,0;50,8;25,4;0,0;0,0;6,4;6,4;0,0;0,0;0,0;0,0;0,0;0,0;0,0;0,0;0,0;0,0;0,0;0,0;177340911;25,9;36,4;29,5;2020-08-16 18:00:06;E10,888415;N48,376517;489,400;300;SW V1-11 (2020-06-17);2019-06-11 14:16:04;original set-up
2020-08-16 20:05:06;SN19019;measure;10,46;9,06;8,66;36141,8;1801,6;410,3;121,8;96,2;38,5;25,6;19,2;32,1;0,0;6,4;0,0;0,0;0,0;0,0;0,0;0,0;0,0;0,0;0,0;0,0;0,0;0,0;0,0;177340911;25,7;36,3;29,8;2020-08-16 18:05:06;E10,888507;N48,376565;480,400;300;SW V1-11 (2020-06-17);2019-06-11 14:16:04;original set-up
2020-08-16 20:10:06;SN19019;measure;10,78;9,42;8,92;37308,7;1750,4;371,9;102,6;134,6;64,1;51,3;12,8;12,8;0,0;12,8;0,0;0,0;0,0;0,0;0,0;0,0;0,0;0,0;0,0;0,0;0,0;0,0;0,0;177340911;25,8;36,2;30,0;2020-08-16 18:10:06;E10,888410;N48,376528;484,300;300;SW V1-11 (2020-06-17);2019-06-11 14:16:04;original set-up
2020-08-16 20:15:06;SN19019;measure;13,46;11,45;10,86;45625,1;2355,9;571,5;95,3;82,6;38,1;63,5;31,8;38,1;6,4;0,0;6,4;0,0;0,0;0,0;0,0;0,0;0,0;0,0;0,0;0,0;0,0;0,0;0,0;177340911;25,6;36,1;30,2;2020-08-16 18:15:06;E10,888323;N48,376563;485,400;300;SW V1-11 (2020-06-17);2019-06-11 14:16:04;original set-up
2020-08-16 20:20:06;SN19019;measure;21,34;20,08;19,56;83204,5;3649,2;557,7;133,4;90,9;97,0;42,4;0,0;36,4;0,0;6,1;0,0;0,0;0,0;0,0;0,0;0,0;6,1;0,0;0,0;0,0;0,0;0,0;0,0;177340911;25,2;36,0;30,3;2020-08-16 18:20:06;E10,888460;N48,376485;484,100;300;SW V1-11 (2020-06-17);2019-06-11 14:16:04;original set-up
2020-08-16 20:25:06;SN19019;measure;13,89;13,01;12,50;53188,2;2542,6;573,3;137,1;143,3;93,5;37,4;6,2;24,9;6,2;0,0;0,0;0,0;0,0;0,0;0,0;0,0;0,0;0,0;0,0;0,0;0,0;0,0;0,0;177340911;25,1;35,9;30,5;2020-08-16 18:25:06;E10,888368;N48,376545;485,600;300;SW V1-11 (2020-06-17);2019-06-11 14:16:04;original set-up
2020-08-16 20:30:06;SN19019;measure;11,82;10,18;9,67;40914,3;1838,6;382,0;155,4;129,5;77,7;51,8;6,5;12,9;19,4;6,5;0,0;0,0;0,0;0,0;0,0;0,0;0,0;0,0;0,0;0,0;0,0;0,0;0,0;177340911;25,2;35,8;30,7;2020-08-16 18:30:06;E10,888415;N48,376507;485,000;300;SW V1-11 (2020-06-17);2019-06-11 14:16:04;original set-up
2020-08-16 20:35:06;SN19019;measure;12,12;9,99;9,22;39008,4;1587,5;419,1;171,5;88,9;127,0;57,2;63,5;6,4;19,1;0,0;6,4;0,0;0,0;0,0;0,0;0,0;0,0;0,0;0,0;0,0;0,0;0,0;0,0;177340911;25,2;35,7;31,0;2020-08-16 18:35:06;E10,888400;N48,376512;485,700;300;SW V1-11 (2020-06-17);2019-06-11 14:16:04;original set-up
2020-08-16 20:40:06;SN19019;measure;12,24;9,75;9,03;38302,5;1718,3;416,8;115,4;102,6;115,4;76,9;25,6;12,8;6,4;0,0;0,0;12,8;0,0;0,0;0,0;0,0;0,0;0,0;0,0;0,0;0,0;0,0;0,0;177340911;25,2;35,6;31,3;2020-08-16 18:40:06;E10,888412;N48,376530;486,900;300;SW V1-11 (2020-06-17);2019-06-11 14:16:04;original set-up
2020-08-16 20:45:06;SN19019;measure;9,39;8,84;8,31;35262,6;1629,1;396,3;106,9;69,2;69,2;62,9;12,6;18,9;0,0;0,0;0,0;0,0;0,0;6,3;0,0;0,0;0,0;0,0;6,3;0,0;0,0;0,0;0,0;177340911;25,2;35,5;31,4;2020-08-16 18:45:06;E10,888295;N48,376600;490,900;300;SW V1-11 (2020-06-17);2019-06-11 14:16:04;original set-up
2020-08-16 20:50:06;SN19019;measure;10,02;9,09;8,62;36743,2;1868,3;333,4;119,5;169,8;88,1;25,2;25,2;6,3;0,0;0,0;6,3;0,0;0,0;0,0;6,3;0,0;0,0;0,0;0,0;0,0;0,0;0,0;0,0;177340911;25,1;35,4;31,6;2020-08-16 18:50:06;E10,888362;N48,376583;487,700;300;SW V1-11 (2020-06-17);2019-06-11 14:16:04;original set-up
2020-08-16 20:55:06;SN19019;measure;9,86;9,00;8,54;36490,8;1707,4;361,4;99,7;118,4;56,1;37,4;31,2;12,5;6,2;0,0;0,0;0,0;0,0;0,0;0,0;0,0;0,0;0,0;0,0;0,0;0,0;0,0;0,0;177340911;25,1;35,4;31,9;2020-08-16 18:55:06;E10,888383;N48,376553;485,400;300;SW V1-11 (2020-06-17);2019-06-11 14:16:04;original set-up
2020-08-16 21:00:06;SN19019;measure;9,52;8,72;8,15;35122,3;1794,8;317,8;124,6;143,3;105,9;49,9;12,5;18,7;6,2;0,0;0,0;0,0;0,0;0,0;0,0;0,0;0,0;0,0;0,0;0,0;0,0;0,0;0,0;177340911;24,8;35,3;32,1;2020-08-16 19:00:06;E10,888357;N48,376572;486,700;300;SW V1-11 (2020-06-17);2019-06-11 14:16:04;original set-up
2020-08-16 21:05:06;SN19019;measure;10,32;9,35;8,77;37791,7;1803,5;374,7;139,7;133,4;114,3;31,8;25,4;31,8;0,0;0,0;0,0;0,0;0,0;0,0;0,0;0,0;0,0;0,0;0,0;0,0;0,0;0,0;0,0;177340911;24,8;35,2;32,3;2020-08-16 19:05:06;E10,888317;N48,376540;486,100;300;SW V1-11 (2020-06-17);2019-06-11 14:16:04;original set-up
2020-08-16 21:10:06;SN19019;measure;13,46;10,98;10,29;44332,8;2243,9;577,0;160,3;121,8;102,6;64,1;38,5;12,8;0,0;6,4;6,4;6,4;0,0;0,0;0,0;0,0;0,0;0,0;0,0;0,0;0,0;0,0;0,0;177340911;24,8;35,1;32,4;2020-08-16 19:10:06;E10,888317;N48,376535;489,400;300;SW V1-11 (2020-06-17);2019-06-11 14:16:04;original set-up
2020-08-16 21:15:06;SN19019;measure;10,57;8,93;8,46;36743,2;1862,0;440,3;119,5;151,0;44,0;50,3;12,6;25,2;12,6;6,3;0,0;0,0;0,0;6,3;0,0;0,0;0,0;0,0;0,0;0,0;0,0;0,0;0,0;177340911;24,6;35,0;32,7;2020-08-16 19:15:06;E10,888325;N48,376542;488,000;300;SW V1-11 (2020-06-17);2019-06-11 14:16:04;original set-up
2020-08-16 21:20:06;SN19019;measure;11,41;9,18;8,61;37758,1;1889,1;388,9;111,1;92,6;74,1;55,6;18,5;43,2;6,2;12,3;0,0;0,0;0,0;0,0;0,0;0,0;0,0;0,0;0,0;0,0;0,0;0,0;0,0;177340911;24,4;34,9;33,0;2020-08-16 19:20:06;E10,888277;N48,376592;498,500;300;SW V1-11 (2020-06-17);2019-06-11 14:16:04;original set-up
2020-08-16 21:25:06;SN19019;measure;9,86;8,90;8,42;37130,9;1870,7;407,5;86,4;117,3;105,0;24,7;30,9;18,5;6,2;0,0;0,0;0,0;0,0;0,0;0,0;0,0;0,0;0,0;0,0;0,0;0,0;0,0;0,0;177340911;24,2;34,8;33,1;2020-08-16 19:25:06;E10,888347;N48,376503;487,900;300;SW V1-11 (2020-06-17);2019-06-11 14:16:04;original set-up
2020-08-16 21:30:06;SN19019;measure;9,99;9,05;8,65;38120,7;1899,2;363,2;65,5;59,5;53,6;53,6;6,0;17,9;0,0;0,0;6,0;0,0;0,0;0,0;0,0;0,0;0,0;0,0;0,0;0,0;0,0;0,0;0,0;177340911;24,2;34,7;33,3;2020-08-16 19:30:06;E10,888332;N48,376597;477,700;300;SW V1-11 (2020-06-17);2019-06-11 14:16:04;original set-up
2020-08-16 21:35:06;SN19019;measure;10,47;9,28;8,76;38436,3;1946,8;500,1;154,8;131,0;47,6;53,6;29,8;11,9;11,9;0,0;0,0;0,0;6,0;0,0;0,0;0,0;0,0;0,0;0,0;0,0;0,0;0,0;0,0;177340911;24,3;34,6;33,6;2020-08-16 19:35:06;E10,888317;N48,376588;476,500;300;SW V1-11 (2020-06-17);2019-06-11 14:16:04;original set-up
2020-08-16 21:40:06;SN19019;measure;11,71;9,40;8,88;38998,8;2198,6;426,5;174,2;180,2;96,1;30,0;18,0;18,0;6,0;0,0;0,0;12,0;0,0;0,0;0,0;0,0;0,0;0,0;0,0;0,0;0,0;0,0;0,0;177340911;24,3;34,5;33,9;2020-08-16 19:40:06;E10,888347;N48,376488;477,000;300;SW V1-11 (2020-06-17);2019-06-11 14:16:04;original set-up
2020-08-16 21:45:06;SN19019;measure;12,05;10,63;10,19;45024,9;2286,2;527,1;114,3;133,4;63,5;31,8;19,1;25,4;6,4;6,4;0,0;0,0;0,0;0,0;0,0;0,0;0,0;0,0;0,0;0,0;0,0;0,0;0,0;177340911;24,3;34,4;34,2;2020-08-16 19:45:06;E10,888442;N48,376558;472,400;300;SW V1-11 (2020-06-17);2019-06-11 14:16:04;original set-up
2020-08-16 21:50:06;SN19019;measure;13,03;12,83;12,45;55139,2;2833,9;525,7;153,9;134,6;96,2;19,2;6,4;6,4;0,0;0,0;0,0;0,0;0,0;0,0;0,0;0,0;0,0;0,0;0,0;0,0;0,0;0,0;0,0;177340911;24,2;34,4;34,4;2020-08-16 19:50:06;E10,888323;N48,376555;485,400;300;SW V1-11 (2020-06-17);2019-06-11 14:16:04;original set-up
2020-08-16 21:55:06;SN19019;measure;12,35;10,81;10,35;45905,5;2339,9;522,1;125,8;94,4;62,9;50,3;18,9;6,3;0,0;6,3;0,0;6,3;0,0;0,0;0,0;0,0;0,0;0,0;0,0;0,0;0,0;0,0;0,0;177340911;24,3;34,3;34,6;2020-08-16 19:55:06;E10,888363;N48,376495;489,000;300;SW V1-11 (2020-06-17);2019-06-11 14:16:04;original set-up
2020-08-16 22:00:06;SN19019;measure;10,98;9,51;9,09;40693,7;1918,6;440,3;88,1;113,2;56,6;50,3;12,6;6,3;0,0;6,3;0,0;6,3;0,0;0,0;0,0;6,3;0,0;0,0;0,0;0,0;0,0;0,0;0,0;177340911;24,1;34,3;34,8;2020-08-16 20:00:06;E10,888317;N48,376463;498,000;300;SW V1-11 (2020-06-17);2019-06-11 14:16:04;original set-up
2020-08-16 22:05:06;SN19019;measure;11,45;9,56;9,05;40241,1;2155,8;382,0;116,5;155,4;97,1;51,8;12,9;0,0;12,9;6,5;0,0;6,5;0,0;0,0;0,0;0,0;0,0;0,0;0,0;0,0;0,0;0,0;0,0;177340911;24,1;34,2;34,7;2020-08-16 20:05:06;E10,888295;N48,376555;496,200;300;SW V1-11 (2020-06-17);2019-06-11 14:16:04;original set-up
2020-08-16 22:10:06;SN19019;measure;10,26;9,44;8,92;39795,8;2152,7;628,7;114,3;139,7;120,7;38,1;19,1;6,4;12,7;0,0;0,0;0,0;0,0;0,0;0,0;0,0;0,0;0,0;0,0;0,0;0,0;0,0;0,0;177340911;24,0;34,1;34,9;2020-08-16 20:10:06;E10,888358;N48,376562;493,500;300;SW V1-11 (2020-06-17);2019-06-11 14:16:04;original set-up
2020-08-16 22:15:06;SN19019;measure;11,37;9,36;8,91;39875,9;2069,6;377,4;106,9;138,4;75,5;44,0;12,6;12,6;6,3;12,6;6,3;0,0;0,0;0,0;0,0;0,0;0,0;0,0;0,0;0,0;0,0;0,0;0,0;177340911;24,0;34,1;35,0;2020-08-16 20:15:06;E10,888192;N48,376492;491,300;300;SW V1-11 (2020-06-17);2019-06-11 14:16:04;original set-up
2020-08-16 22:20:06;SN19019;measure;10,98;9,33;9,00;40405,6;2049,3;360,9;104,0;134,6;73,4;18,4;12,2;6,1;0,0;6,1;12,2;0,0;0,0;0,0;0,0;0,0;0,0;0,0;0,0;0,0;0,0;0,0;0,0;177340911;23,9;34,0;35,1;2020-08-16 20:20:06;E10,888538;N48,376537;489,200;300;SW V1-11 (2020-06-17);2019-06-11 14:16:04;original set-up
2020-08-16 22:25:06;SN19019;measure;12,47;9,91;9,43;42962,5;2191,7;401,3;105,0;111,1;74,1;37,0;37,0;18,5;6,2;12,3;0,0;6,2;0,0;0,0;0,0;0,0;0,0;0,0;0,0;0,0;0,0;0,0;0,0;177340911;23,6;34,0;35,3;2020-08-16 20:25:06;E10,888412;N48,376523;485,400;300;SW V1-11 (2020-06-17);2019-06-11 14:16:04;original set-up
2020-08-16 22:30:06;SN19019;measure;11,13;10,48;10,06;45548,5;2333,8;369,8;163,7;127,3;97,0;30,3;6,1;6,1;12,1;0,0;0,0;0,0;0,0;0,0;0,0;0,0;0,0;0,0;0,0;0,0;0,0;0,0;0,0;177340911;23,8;33,9;35,4;2020-08-16 20:30:06;E10,888392;N48,376512;487,800;300;SW V1-11 (2020-06-17);2019-06-11 14:16:04;original set-up
2020-08-16 22:35:06;SN19019;measure;9,56;9,05;8,63;39332,7;2029,8;418,9;129,8;106,2;76,7;47,2;11,8;0,0;0,0;5,9;0,0;0,0;0,0;0,0;5,9;0,0;0,0;0,0;0,0;0,0;0,0;0,0;0,0;177340911;23,6;33,9;35,6;2020-08-16 20:35:06;E10,888425;N48,376503;486,200;300;SW V1-11 (2020-06-17);2019-06-11 14:16:04;original set-up
2020-08-16 22:40:06;SN19019;measure;10,31;9,36;8,79;40159,5;2376,2;400,1;103,1;194,0;84,9;60,6;18,2;18,2;0,0;6,1;0,0;0,0;0,0;0,0;0,0;0,0;0,0;0,0;0,0;0,0;0,0;0,0;0,0;177340911;23,5;33,8;35,7;2020-08-16 20:40:06;E10,888500;N48,376538;486,300;300;SW V1-11 (2020-06-17);2019-06-11 14:16:04;original set-up
2020-08-16 22:45:06;SN19019;measure;10,50;10,04;9,44;43209,8;2679,2;504,6;96,1;156,2;120,1;66,1;18,0;6,0;0,0;0,0;0,0;0,0;6,0;0,0;0,0;0,0;0,0;0,0;0,0;0,0;0,0;0,0;0,0;177340911;23,5;33,8;35,9;2020-08-16 20:45:06;E10,888467;N48,376520;486,700;300;SW V1-11 (2020-06-17);2019-06-11 14:16:04;original set-up
2020-08-16 22:50:06;SN19019;measure;11,48;10,45;9,93;46129,3;2499,0;492,6;108,1;108,1;72,1;60,1;30,0;6,0;6,0;6,0;0,0;0,0;0,0;0,0;0,0;0,0;0,0;0,0;0,0;0,0;0,0;0,0;0,0;177340911;23,2;33,7;36,0;2020-08-16 20:50:06;E10,888363;N48,376640;482,200;300;SW V1-11 (2020-06-17);2019-06-11 14:16:04;original set-up
2020-08-16 22:55:06;SN19019;measure;11,22;10,57;10,05;46285,5;2607,1;564,7;126,2;156,2;102,1;48,1;18,0;12,0;6,0;0,0;0,0;0,0;0,0;0,0;0,0;0,0;0,0;0,0;0,0;0,0;0,0;0,0;0,0;177340911;23,4;33,7;36,1;2020-08-16 20:55:06;E10,888282;N48,376523;486,900;300;SW V1-11 (2020-06-17);2019-06-11 14:16:04;original set-up
2020-08-16 23:00:06;SN19019;measure;12,00;11,45;10,80;49462,3;3021,8;538,3;97,9;146,8;122,3;85,6;6,1;12,2;6,1;0,0;0,0;0,0;0,0;0,0;0,0;0,0;0,0;0,0;0,0;0,0;0,0;0,0;0,0;177340911;23,4;33,5;36,2;2020-08-16 21:00:06;E10,888372;N48,376512;488,100;300;SW V1-11 (2020-06-17);2019-06-11 14:16:04;original set-up
2020-08-16 23:05:06;SN19019;measure;13,27;10,98;10,49;47935,5;2759,8;500,1;166,7;111,1;105,0;24,7;18,5;30,9;6,2;0,0;6,2;6,2;0,0;0,0;0,0;0,0;0,0;0,0;0,0;0,0;0,0;0,0;0,0;177340911;23,5;33,5;36,3;2020-08-16 21:05:06;E10,888323;N48,376502;490,500;300;SW V1-11 (2020-06-17);2019-06-11 14:16:04;original set-up
2020-08-16 23:10:06;SN19019;measure;11,94;11,18;10,62;48955,2;2782,4;575,9;151,5;169,7;48,5;78,8;18,2;6,1;12,1;0,0;0,0;0,0;0,0;0,0;0,0;0,0;0,0;0,0;0,0;0,0;0,0;0,0;0,0;177340911;23,3;33,4;36,5;2020-08-16 21:10:06;E10,888343;N48,376533;483,500;300;SW V1-11 (2020-06-17);2019-06-11 14:16:04;original set-up
2020-08-16 23:15:06;SN19019;measure;12,47;11,44;11,03;50960,8;2969,7;598,9;160,5;98,8;67,9;30,9;12,3;24,7;0,0;6,2;0,0;0,0;0,0;0,0;0,0;0,0;0,0;0,0;6,2;0,0;0,0;0,0;0,0;177340911;23,2;33,4;36,5;2020-08-16 21:15:06;E10,888338;N48,376527;475,800;300;SW V1-11 (2020-06-17);2019-06-11 14:16:04;original set-up
2020-08-16 23:20:06;SN19019;measure;12,26;11,27;10,71;49500,4;2784,3;561,8;154,3;129,6;86,4;49,4;37,0;12,3;6,2;0,0;0,0;0,0;6,2;0,0;0,0;0,0;0,0;0,0;0,0;0,0;0,0;0,0;0,0;177340911;23,2;33,4;36,6;2020-08-16 21:20:06;E10,888387;N48,376548;484,500;300;SW V1-11 (2020-06-17);2019-06-11 14:16:04;original set-up
2020-08-16 23:25:06;SN19019;measure;11,99;10,98;10,64;49188,9;2661,0;592,7;185,2;92,6;61,7;18,5;12,3;12,3;6,2;6,2;0,0;0,0;0,0;0,0;0,0;0,0;0,0;0,0;0,0;0,0;0,0;0,0;0,0;177340911;23,2;33,3;36,6;2020-08-16 21:25:06;E10,888395;N48,376517;481,900;300;SW V1-11 (2020-06-17);2019-06-11 14:16:04;original set-up
2020-08-16 23:30:06;SN19019;measure;12,35;11,23;10,77;49863,2;3071,0;428,2;165,2;146,8;91,8;42,8;6,1;6,1;12,2;0,0;6,1;0,0;0,0;0,0;0,0;0,0;0,0;0,0;0,0;0,0;0,0;0,0;0,0;177340911;23,2;33,3;36,8;2020-08-16 21:30:06;E10,888323;N48,376497;478,400;300;SW V1-11 (2020-06-17);2019-06-11 14:16:04;original set-up
2020-08-16 23:35:06;SN19019;measure;13,77;11,37;10,74;49994,5;2939,8;491,0;169,7;194,0;115,2;54,6;18,2;24,2;6,1;12,1;0,0;6,1;0,0;0,0;0,0;0,0;0,0;0,0;0,0;0,0;0,0;0,0;0,0;177340911;23,1;33,3;36,9;2020-08-16 21:35:06;E10,888438;N48,376482;483,600;300;SW V1-11 (2020-06-17);2019-06-11 14:16:04;original set-up
2020-08-16 23:40:06;SN19019;measure;12,37;11,52;10,99;51692,3;3193,3;691,3;159,1;110,1;97,9;55,1;24,5;0,0;6,1;6,1;0,0;0,0;0,0;0,0;0,0;0,0;0,0;0,0;0,0;0,0;0,0;0,0;0,0;177340911;23,0;33,2;37,2;2020-08-16 21:40:06;E10,888317;N48,376497;487,700;300;SW V1-11 (2020-06-17);2019-06-11 14:16:04;original set-up
2020-08-16 23:45:06;SN19019;measure;12,45;11,06;10,71;50785,9;2927,9;588,0;103,1;139,4;54,6;36,4;12,1;6,1;6,1;0,0;12,1;0,0;0,0;0,0;0,0;0,0;0,0;0,0;0,0;0,0;0,0;0,0;0,0;177340911;23,0;33,2;37,4;2020-08-16 21:45:06;E10,888387;N48,376497;482,000;300;SW V1-11 (2020-06-17);2019-06-11 14:16:04;original set-up
2020-08-16 23:50:06;SN19019;measure;12,55;10,75;10,34;50205,8;2936,4;593,4;140,7;116,2;79,5;30,6;18,4;18,4;12,2;6,1;6,1;0,0;0,0;0,0;0,0;0,0;0,0;0,0;0,0;0,0;0,0;0,0;0,0;177340911;22,4;33,2;37,2;2020-08-16 21:50:06;E10,888392;N48,376502;481,000;300;SW V1-11 (2020-06-17);2019-06-11 14:16:04;original set-up
2020-08-16 23:55:06;SN19019;measure;11,02;9,76;9,11;43871,9;2506,5;440,6;136,9;208,4;77,4;77,4;35,7;17,9;11,9;0,0;0,0;0,0;6,0;0,0;0,0;0,0;0,0;0,0;0,0;0,0;0,0;0,0;0,0;177340911;22,4;33,1;37,1;2020-08-16 21:55:06;E10,888372;N48,376515;483,100;300;SW V1-11 (2020-06-17);2019-06-11 14:16:04;original set-up
