***begin of header***
date&time [local time];date&time [UTC];longitude [°];lattitude [°];height [m];PM10 [ug/m3];PM4 [ug/m3];PM2.5 [ug/m3];PM1 [ug/m3];0,25 µm;0,28 µm;0,30 µm;0,35 µm;0,40 µm;0,45 µm;0,50 µm;0,58 µm;0,65 µm;0,70 µm;0,80 µm;1,00 µm;1,30 µm;1,60 µm;2,00 µm;2,50 µm;3,00 µm;3,50 µm;4,00 µm;5,00 µm;6,50 µm;7,50 µm;8,50 µm;10,00 µm;12,50 µm;15,00 µm;17,50 µm;20,00 µm;25,00 µm;30,00 µm;32,00 µm;Temp. [°C]; humidity [%rH]; pressure [hPa];serial-No;software-version
***end of header***

2020-08-16 00:02:57;2020-08-15 22:02:44;E10,906860;N48,358303;H490,0;17,9;17,6;17,2;16,4;74843;57738;46142;31869;9263;3100;1867;384;100;110;83;17;91;38;23;10;3;1;0;1;0;0;0;0;0;0;0;0;0;0;0;21,1;0,0;954,3;@@@SRISS;SW V7-0 (2020-04-06)
2020-08-16 00:07:57;2020-08-15 22:07:45;E10,906860;N48,358303;H490,0;18,3;18,0;17,5;16,6;75379;58495;46956;32787;9560;3382;1956;423;121;112;99;15;83;30;25;13;4;3;2;0;0;0;0;0;0;0;0;0;0;0;0;21,1;0,0;954,3;@@@SRISS;SW V7-0 (2020-04-06)
2020-08-16 00:12:57;2020-08-15 22:12:45;E10,906860;N48,358303;H490,0;18,5;18,2;17,7;16,7;75617;58897;47132;33222;9789;3295;1963;385;122;118;83;25;85;51;28;11;5;2;2;0;0;0;0;0;0;0;0;0;0;0;0;20,7;0,0;954,3;@@@SRISS;SW V7-0 (2020-04-06)
2020-08-16 00:17:57;2020-08-15 22:17:45;E10,906860;N48,358303;H490,0;17,9;17,7;17,3;16,3;73908;57694;46694;32395;9689;3312;2007;369;93;120;69;13;85;37;32;13;1;2;1;0;0;0;0;0;0;0;0;0;0;0;0;20,7;0,0;954,3;@@@SRISS;SW V7-0 (2020-04-06)
2020-08-16 00:22:57;2020-08-15 22:22:46;E10,906860;N48,358303;H490,0;18,1;17,8;17,4;16,4;74219;57875;46248;32968;9501;3232;1923;395;109;110;95;20;96;32;29;13;4;3;1;0;0;0;0;0;0;0;0;0;0;0;0;20,9;0,0;954,3;@@@SRISS;SW V7-0 (2020-04-06)
2020-08-16 00:27:57;2020-08-15 22:27:46;E10,906860;N48,358303;H490,0;18,1;17,8;17,4;16,5;74671;58219;46752;33195;9863;3254;2126;377;126;129;78;14;85;35;26;9;3;1;1;1;0;0;0;0;0;0;0;0;0;0;0;20,7;0,0;954,3;@@@SRISS;SW V7-0 (2020-04-06)
2020-08-16 00:32:57;2020-08-15 22:32:46;E10,906860;N48,358303;H490,0;17,8;17,6;17,2;16,4;73920;58004;47095;33048;9907;3259;2006;374;123;91;86;20;89;28;20;11;3;2;1;0;0;0;0;0;0;0;0;0;0;0;0;20,9;0,0;954,3;@@@SRISS;SW V7-0 (2020-04-06)
2020-08-16 00:37:57;2020-08-15 22:37:46;E10,906860;N48,358303;H490,0;18,7;18,3;17,8;16,7;75044;58977;47842;34276;10117;3417;2070;408;123;115;93;26;87;47;34;10;5;2;1;1;0;0;0;0;0;0;0;0;0;0;0;20,9;0,0;954,3;@@@SRISS;SW V7-0 (2020-04-06)
2020-08-16 00:42:58;2020-08-15 22:42:47;E10,906860;N48,358303;H490,0;18,6;17,7;17,3;16,4;73061;58086;47614;34481;9918;3530;1971;395;119;131;80;16;88;26;23;11;4;1;1;1;0;1;0;0;0;0;0;0;0;0;0;20,5;0,0;954,3;@@@SRISS;SW V7-0 (2020-04-06)
2020-08-16 00:47:58;2020-08-15 22:47:47;E10,906860;N48,358303;H490,0;19,0;18,3;17,7;16,8;74713;59156;48088;34866;10352;3543;2158;435;90;114;73;14;85;29;27;15;3;3;3;0;1;0;0;0;0;0;0;0;0;0;0;20,5;0,0;954,3;@@@SRISS;SW V7-0 (2020-04-06)
2020-08-16 00:52:58;2020-08-15 22:52:47;E10,906860;N48,358303;H490,0;18,3;18,1;17,7;16,7;73972;59512;48180;34439;10288;3582;2168;384;149;131;91;27;88;41;33;11;3;2;1;0;0;0;0;0;0;0;0;0;0;0;0;20,7;0,0;954,3;@@@SRISS;SW V7-0 (2020-04-06)
2020-08-16 00:57:58;2020-08-15 22:57:47;E10,906860;N48,358303;H490,0;18,4;18,0;17,5;16,6;73126;58370;47956;34637;10485;3491;2298;418;100;130;83;19;81;45;24;11;4;3;1;1;0;0;0;0;0;0;0;0;0;0;0;20,4;0,0;954,3;@@@SRISS;SW V7-0 (2020-04-06)
2020-08-16 01:02:58;2020-08-15 23:02:48;E10,906860;N48,358303;H490,0;17,9;17,6;17,2;16,4;72546;57574;47013;34435;10286;3597;2100;400;113;106;87;18;67;43;22;9;4;0;3;0;0;0;0;0;0;0;0;0;0;0;0;20,2;0,0;954,3;@@@SRISS;SW V7-0 (2020-04-06)
2020-08-16 01:07:58;2020-08-15 23:07:48;E10,906860;N48,358303;H490,0;18,2;17,9;17,6;16,6;72807;58204;48433;35269;10475;3662;2289;393;110;117;88;14;87;50;27;12;1;2;0;1;0;0;0;0;0;0;0;0;0;0;0;20,5;0,0;954,3;@@@SRISS;SW V7-0 (2020-04-06)
2020-08-16 01:12:58;2020-08-15 23:12:48;E10,906860;N48,358303;H490,0;19,8;18,6;18,1;17,2;74613;60545;50677;37720;11576;4032;2314;434;118;102;84;17;70;40;26;14;4;1;2;0;0;0;0;1;0;0;0;0;0;0;0;20,5;0,0;954,3;@@@SRISS;SW V7-0 (2020-04-06)
2020-08-16 01:17:58;2020-08-15 23:17:49;E10,906860;N48,358303;H490,0;19,3;18,9;18,5;17,5;76016;60648;51568;38500;11685;4216;2306;413;145;121;80;19;83;30;35;13;3;2;1;1;0;0;0;0;0;0;0;0;0;0;0;20,2;0,0;954,3;@@@SRISS;SW V7-0 (2020-04-06)
2020-08-16 01:22:58;2020-08-15 23:22:49;E10,906860;N48,358303;H490,0;19,6;19,4;18,9;17,8;76217;61877;52729;39190;12219;4429;2694;465;139;122;97;15;86;36;37;14;4;4;1;0;0;0;0;0;0;0;0;0;0;0;0;20,0;0,0;952,5;@@@SRISS;SW V7-0 (2020-04-06)
2020-08-16 01:27:58;2020-08-15 23:27:49;E10,906860;N48,358303;H490,0;20,3;19,7;19,2;18,1;77716;62776;53813;40054;12484;4473;2764;465;150;134;106;23;83;48;34;14;2;1;2;1;0;0;0;0;1;0;0;0;0;0;0;19,8;0,0;954,3;@@@SRISS;SW V7-0 (2020-04-06)
2020-08-16 01:32:58;2020-08-15 23:32:49;E10,906860;N48,358303;H490,0;19,5;19,3;18,9;18,0;76776;62462;52862;40980;12777;4633;2793;480;137;118;81;18;81;39;28;8;3;0;2;0;0;0;0;0;0;0;0;0;0;0;0;20,0;0,0;954,3;@@@SRISS;SW V7-0 (2020-04-06)
2020-08-16 01:37:58;2020-08-15 23:37:50;E10,906860;N48,358303;H490,0;19,7;19,5;19,1;18,0;76264;62376;53588;41049;13172;4743;2786;478;149;112;84;15;87;38;32;14;4;2;1;0;0;0;0;0;0;0;0;0;0;0;0;20,0;0,0;954,3;@@@SRISS;SW V7-0 (2020-04-06)
2020-08-16 01:42:58;2020-08-15 23:42:50;E10,906860;N48,358303;H490,0;19,7;19,5;19,0;18,0;75851;62421;53419;40273;12980;4718;2929;483;132;157;103;19;79;41;33;13;3;2;2;0;0;0;0;0;0;0;0;0;0;0;0;20,2;0,0;954,3;@@@SRISS;SW V7-0 (2020-04-06)
2020-08-16 01:47:58;2020-08-15 23:47:50;E10,906860;N48,358303;H490,0;19,9;19,5;19,0;17,9;75630;62160;53378;40880;13063;4754;2860;478;145;116;73;17;89;43;31;17;4;0;2;1;0;0;0;0;0;0;0;0;0;0;0;19,8;0,0;954,3;@@@SRISS;SW V7-0 (2020-04-06)
2020-08-16 01:52:59;2020-08-15 23:52:50;E10,906860;N48,358303;H490,0;19,9;19,6;19,1;18,0;75435;62280;53865;41663;13207;4885;2857;493;144;106;81;20;82;39;37;14;4;2;2;0;0;0;0;0;0;0;0;0;0;0;0;19,8;0,0;954,3;@@@SRISS;SW V7-0 (2020-04-06)
2020-08-16 01:57:59;2020-08-15 23:57:51;E10,906860;N48,358303;H490,0;19,9;19,4;19,0;18,2;75882;63252;55266;42145;13524;5138;2830;473;122;91;87;20;85;36;21;10;3;1;1;0;1;0;0;0;0;0;0;0;0;0;0;19,6;0,0;952,5;@@@SRISS;SW V7-0 (2020-04-06)
2020-08-16 02:02:59;2020-08-16 00:02:51;E10,906860;N48,358303;H490,0;19,9;19,5;19,2;18,3;76603;63041;55700;42579;13794;4963;2884;478;119;134;88;18;73;30;25;10;4;1;1;1;0;0;0;0;0;0;0;0;0;0;0;19,2;0,0;952,5;@@@SRISS;SW V7-0 (2020-04-06)
2020-08-16 02:07:59;2020-08-16 00:07:51;E10,906860;N48,358303;H490,0;20,0;19,9;19,5;18,6;76394;64337;56809;43908;14148;5415;3176;512;123;133;98;16;98;38;23;11;3;1;1;0;0;0;0;0;0;0;0;0;0;0;0;19,4;0,0;952,5;@@@SRISS;SW V7-0 (2020-04-06)
2020-08-16 02:12:59;2020-08-16 00:12:52;E10,906860;N48,358303;H490,0;20,9;20,7;20,4;19,4;79829;66387;58639;45849;14894;5606;3167;546;137;115;103;24;103;44;22;11;3;2;1;0;0;0;0;0;0;0;0;0;0;0;0;19,4;0,0;952,5;@@@SRISS;SW V7-0 (2020-04-06)
2020-08-16 02:17:59;2020-08-16 00:17:52;E10,906860;N48,358303;H490,0;20,1;19,8;19,4;18,4;76209;63875;55931;42811;13534;5063;2988;517;153;132;101;15;83;39;31;15;3;1;0;1;0;0;0;0;0;0;0;0;0;0;0;19,6;0,0;952,5;@@@SRISS;SW V7-0 (2020-04-06)
2020-08-16 02:22:59;2020-08-16 00:22:52;E10,906860;N48,358303;H490,0;19,5;19,3;18,9;17,8;74644;61617;53202;40388;13156;4668;2983;563;122;117;105;16;100;38;28;15;3;3;1;0;0;0;0;0;0;0;0;0;0;0;0;19,8;0,0;952,5;@@@SRISS;SW V7-0 (2020-04-06)
2020-08-16 02:27:59;2020-08-16 00:27:52;E10,906860;N48,358303;H490,0;20,1;18,8;18,5;17,8;74796;61760;52579;40365;13025;4701;2921;491;132;135;84;19;87;33;14;8;2;1;1;1;0;0;0;1;0;0;1;0;0;0;0;19,8;0,0;954,3;@@@SRISS;SW V7-0 (2020-04-06)
2020-08-16 02:32:59;2020-08-16 00:32:53;E10,906860;N48,358303;H490,0;20,0;19,7;19,4;18,5;76376;63936;55560;43147;14194;5175;3205;542;125;130;90;15;73;44;23;11;2;2;0;1;0;0;0;0;0;0;0;0;0;0;0;19,8;0,0;954,3;@@@SRISS;SW V7-0 (2020-04-06)
2020-08-16 02:37:59;2020-08-16 00:37:53;E10,906860;N48,358303;H490,0;20,1;19,9;19,6;18,7;76441;64252;56324;44000;14441;5503;3264;581;137;138;89;13;97;36;23;9;3;1;2;0;0;0;0;0;0;0;0;0;0;0;0;19,6;0,0;952,5;@@@SRISS;SW V7-0 (2020-04-06)
2020-08-16 02:42:59;2020-08-16 00:42:53;E10,906860;N48,358303;H490,0;20,2;20,0;19,7;18,7;76698;64505;57138;44601;14405;5542;3132;558;147;113;94;23;83;30;29;14;2;2;1;0;0;0;0;0;0;0;0;0;0;0;0;19,6;0,0;952,5;@@@SRISS;SW V7-0 (2020-04-06)
2020-08-16 02:47:59;2020-08-16 00:47:53;E10,906860;N48,358303;H490,0;20,1;19,9;19,6;18,7;76712;64135;56826;44219;14263;5388;3264;538;120;104;87;14;94;32;25;13;2;1;1;0;0;0;0;0;0;0;0;0;0;0;0;19,6;0,0;952,5;@@@SRISS;SW V7-0 (2020-04-06)
2020-08-16 02:53:00;2020-08-16 00:52:54;E10,906860;N48,358303;H490,0;20,6;20,1;19,7;18,8;76780;64575;56460;44755;14570;5577;3275;606;152;114;68;17;89;34;25;13;3;2;0;0;1;0;0;0;0;0;0;0;0;0;0;19,2;0,0;952,5;@@@SRISS;SW V7-0 (2020-04-06)
2020-08-16 02:58:00;2020-08-16 00:57:54;E10,906860;N48,358303;H490,0;20,2;20,0;19,7;18,7;76663;64266;56002;44328;14507;5528;3396;602;138;131;73;19;94;38;23;13;2;0;2;0;0;0;0;0;0;0;0;0;0;0;0;19,6;0,0;952,5;@@@SRISS;SW V7-0 (2020-04-06)
2020-08-16 03:03:00;2020-08-16 01:02:54;E10,906860;N48,358303;H490,0;20,6;20,4;20,0;18,8;76984;64791;56424;44478;14607;5491;3408;584;152;120;89;9;111;53;29;11;5;1;2;0;0;0;0;0;0;0;0;0;0;0;0;19,4;0,0;952,5;@@@SRISS;SW V7-0 (2020-04-06)
2020-08-16 03:08:00;2020-08-16 01:07:55;E10,906860;N48,358303;H490,0;20,3;20,1;19,7;18,7;76651;64334;56060;44068;14552;5330;3385;582;156;129;79;20;81;40;33;13;2;1;2;0;0;0;0;0;0;0;0;0;0;0;0;19,0;0,0;954,3;@@@SRISS;SW V7-0 (2020-04-06)
2020-08-16 03:13:00;2020-08-16 01:12:55;E10,906860;N48,358303;H490,0;20,3;20,1;19,8;18,8;77155;64377;56419;44511;14431;5564;3255;575;141;147;92;16;85;42;26;14;3;1;1;0;0;0;0;0;0;0;0;0;0;0;0;18,8;0,0;954,3;@@@SRISS;SW V7-0 (2020-04-06)
2020-08-16 03:18:00;2020-08-16 01:17:55;E10,906860;N48,358303;H490,0;20,4;19,9;19,4;18,6;75905;64033;56431;44500;14387;5491;3259;575;153;120;79;16;81;29;26;9;3;3;2;1;0;0;0;0;0;0;0;0;0;0;0;18,8;0,0;952,5;@@@SRISS;SW V7-0 (2020-04-06)
2020-08-16 03:23:00;2020-08-16 01:22:55;E10,906860;N48,358303;H490,0;20,1;19,7;19,2;18,4;75343;63073;55856;44017;14032;5140;3222;518;148;116;102;21;87;29;20;13;2;2;2;1;0;0;0;0;0;0;0;0;0;0;0;19,0;0,0;952,5;@@@SRISS;SW V7-0 (2020-04-06)
2020-08-16 03:28:00;2020-08-16 01:27:56;E10,906860;N48,358303;H490,0;19,6;19,4;19,0;18,2;74696;63017;55064;43102;13992;5162;3152;549;145;133;97;23;75;33;23;10;3;1;2;0;0;0;0;0;0;0;0;0;0;0;0;19,2;0,0;952,5;@@@SRISS;SW V7-0 (2020-04-06)
2020-08-16 03:33:00;2020-08-16 01:32:56;E10,906860;N48,358303;H490,0;20,1;19,9;19,4;18,4;76025;63650;55212;43015;13862;5195;3106;531;145;156;90;18;65;47;34;15;3;2;1;0;0;0;0;0;0;0;0;0;0;0;0;19,0;0,0;952,5;@@@SRISS;SW V7-0 (2020-04-06)
2020-08-16 03:38:00;2020-08-16 01:37:56;E10,906860;N48,358303;H490,0;21,6;20,8;19,9;18,3;75194;63233;55265;42078;13765;5145;3065;572;148;147;124;26;111;50;50;29;7;3;5;1;0;0;0;0;0;0;0;0;0;0;0;18,6;0,0;952,5;@@@SRISS;SW V7-0 (2020-04-06)
2020-08-16 03:43:00;2020-08-16 01:42:56;E10,906860;N48,358303;H490,0;20,1;19,3;18,8;17,9;74680;61920;53868;41859;13174;4925;3076;509;126;120;92;26;77;39;19;9;4;2;2;1;1;0;0;0;0;0;0;0;0;0;0;18,6;0,0;952,5;@@@SRISS;SW V7-0 (2020-04-06)
2020-08-16 03:48:01;2020-08-16 01:47:57;E10,906860;N48,358303;H490,0;24,8;21,3;19,9;18,4;75754;63247;54949;42545;14026;5162;3228;581;159;130;119;29;118;52;38;17;11;7;11;1;2;1;0;1;0;1;0;0;1;0;0;18,6;0,0;954,3;@@@SRISS;SW V7-0 (2020-04-06)
2020-08-16 03:53:01;2020-08-16 01:52:57;E10,906860;N48,358303;H490,0;25,7;21,8;20,1;18,0;74555;61731;53359;41262;13476;4994;3031;557;190;173;138;24;118;62;59;37;11;9;10;4;1;1;1;0;2;2;0;2;0;0;0;18,8;0,0;952,5;@@@SRISS;SW V7-0 (2020-04-06)
2020-08-16 03:58:01;2020-08-16 01:57:57;E10,906860;N48,358303;H490,0;25,6;21,0;19,5;18,2;75430;62287;53816;41536;13526;4956;3219;533;139;136;119;26;110;50;27;20;6;8;11;4;1;1;1;1;1;0;2;0;1;0;0;18,8;0,0;952,5;@@@SRISS;SW V7-0 (2020-04-06)
2020-08-16 04:03:01;2020-08-16 02:02:58;E10,906860;N48,358303;H490,0;28,3;23,0;20,8;18,1;74941;62323;54596;41814;13378;4891;2969;553;170;164;124;25;151;75;82;54;12;8;10;7;3;0;1;1;0;0;1;2;0;0;0;18,8;0,0;952,5;@@@SRISS;SW V7-0 (2020-04-06)
2020-08-16 04:08:01;2020-08-16 02:07:58;E10,906860;N48,358303;H490,0;25,2;21,1;19,8;18,2;75209;63094;55381;42178;13528;5002;3061;519;132;116;109;24;97;40;49;31;11;6;7;2;1;1;0;2;0;0;0;0;0;1;0;19,0;0,0;952,5;@@@SRISS;SW V7-0 (2020-04-06)
2020-08-16 04:13:01;2020-08-16 02:12:58;E10,906860;N48,358303;H490,0;24,2;21,3;20,1;18,3;75425;62907;55149;43199;13668;5146;2970;525;138;138;116;25;113;54;55;33;6;7;3;4;2;0;1;0;0;1;0;0;0;0;0;18,8;0,0;952,5;@@@SRISS;SW V7-0 (2020-04-06)
2020-08-16 04:18:01;2020-08-16 02:17:58;E10,906860;N48,358303;H490,0;22,4;21,3;20,2;18,5;75456;63360;55694;43697;14169;5320;3197;531;152;151;122;21;126;58;50;25;10;7;6;1;0;0;0;0;1;0;1;0;0;0;0;18,8;0,0;952,5;@@@SRISS;SW V7-0 (2020-04-06)
2020-08-16 04:23:01;2020-08-16 02:22:59;E10,906860;N48,358303;H490,0;19,9;19,6;19,2;18,3;75330;63472;55562;43785;14325;5243;3190;509;134;102;69;17;75;34;25;12;4;2;0;1;0;0;0;0;0;0;0;0;0;0;0;18,8;0,0;952,5;@@@SRISS;SW V7-0 (2020-04-06)
2020-08-16 04:28:01;2020-08-16 02:27:59;E10,906860;N48,358303;H490,0;20,0;19,8;19,4;18,4;75506;63015;55404;43527;14426;5280;3283;537;153;139;82;14;85;29;35;14;2;1;2;0;0;0;0;0;0;0;0;0;0;0;0;18,8;0,0;952,5;@@@SRISS;SW V7-0 (2020-04-06)
2020-08-16 04:33:01;2020-08-16 02:32:59;E10,906860;N48,358303;H490,0;19,7;19,5;19,1;18,1;74338;62876;55029;43400;14108;5118;3173;539;131;106;68;12;82;38;30;11;4;2;1;0;0;0;0;0;0;0;0;0;0;0;0;18,6;0,0;952,5;@@@SRISS;SW V7-0 (2020-04-06)
2020-08-16 04:38:01;2020-08-16 02:37:59;E10,906860;N48,358303;H490,0;21,5;20,0;19,5;18,5;75523;63679;55513;44158;14452;5425;3296;505;152;112;82;20;98;34;29;15;3;2;1;0;1;0;0;1;0;0;0;0;0;0;0;18,8;0,0;952,5;@@@SRISS;SW V7-0 (2020-04-06)
2020-08-16 04:43:01;2020-08-16 02:43:00;E10,906860;N48,358303;H490,0;20,6;20,3;19,9;18,9;76584;64374;57487;46147;15311;5729;3487;556;149;101;83;17;88;36;31;10;4;3;1;0;0;0;0;0;0;0;0;0;0;0;0;18,6;0,0;952,5;@@@SRISS;SW V7-0 (2020-04-06)
2020-08-16 04:48:01;2020-08-16 02:48:00;E10,906860;N48,358303;H490,0;20,8;20,4;20,1;19,2;76472;65068;58289;47171;15915;6175;3666;575;165;125;85;18;75;39;30;9;3;2;0;1;0;0;0;0;0;0;0;0;0;0;0;18,4;0,0;952,5;@@@SRISS;SW V7-0 (2020-04-06)
2020-08-16 04:53:02;2020-08-16 02:53:00;E10,906860;N48,358303;H490,0;20,9;20,6;20,2;19,3;76992;64916;58790;47045;16108;6231;3647;576;165;137;99;20;69;28;26;14;3;2;3;0;0;0;0;0;0;0;0;0;0;0;0;18,2;0,0;952,5;@@@SRISS;SW V7-0 (2020-04-06)
2020-08-16 04:58:02;2020-08-16 02:58:01;E10,906860;N48,358303;H490,0;21,1;20,9;20,5;19,6;77327;65217;59169;49194;16833;6495;4039;633;166;119;103;29;73;45;21;11;4;1;1;0;0;0;0;0;0;0;0;0;0;0;0;18,4;0,0;952,5;@@@SRISS;SW V7-0 (2020-04-06)
2020-08-16 05:03:02;2020-08-16 03:03:01;E10,906860;N48,358303;H490,0;21,8;21,6;21,2;20,1;77795;66193;60920;50659;17652;6988;4449;729;169;149;89;19;103;45;31;13;3;2;1;0;0;0;0;0;0;0;0;0;0;0;0;18,2;0,0;952,5;@@@SRISS;SW V7-0 (2020-04-06)
2020-08-16 05:08:02;2020-08-16 03:08:01;E10,906860;N48,358303;H490,0;22,0;21,7;21,4;20,3;78143;67170;61239;51408;18522;7359;4578;790;182;144;101;23;74;52;22;14;5;1;1;0;0;0;0;0;0;0;0;0;0;0;0;18,4;0,0;952,5;@@@SRISS;SW V7-0 (2020-04-06)
2020-08-16 05:13:02;2020-08-16 03:13:01;E10,906860;N48,358303;H490,0;23,2;22,0;21,4;20,4;78080;66923;61759;51743;18428;7431;4646;745;176;171;84;14;94;31;30;13;4;2;2;2;0;1;0;0;0;0;0;0;0;0;0;18,2;0,0;952,5;@@@SRISS;SW V7-0 (2020-04-06)
2020-08-16 05:18:02;2020-08-16 03:18:02;E10,906860;N48,358303;H490,0;22,2;21,9;21,5;20,5;79046;66748;61765;51971;18667;7483;4686;775;150;134;70;22;94;34;28;14;3;1;2;0;0;0;0;0;0;0;0;0;0;0;0;18,4;0,0;952,5;@@@SRISS;SW V7-0 (2020-04-06)
2020-08-16 05:23:02;2020-08-16 03:22:02;E10,906860;N48,358303;H490,0;25,3;23,0;22,0;20,7;79557;68161;62035;52880;18810;7409;4768;745;183;139;100;24;92;46;32;21;7;6;4;2;1;0;1;0;1;1;0;2;0;0;0;18,4;0,0;952,5;@@@SRISS;SW V7-0 (2020-04-06)
2020-08-16 05:28:02;2020-08-16 03:27:02;E10,906860;N48,358303;H490,0;24,0;22,7;22,2;21,1;80370;68748;64426;54544;19264;7962;4817;795;223;126;112;17;88;34;30;15;4;1;2;1;0;0;1;0;0;1;0;0;0;0;0;18,4;0,0;952,5;@@@SRISS;SW V7-0 (2020-04-06)
2020-08-16 05:33:02;2020-08-16 03:32:02;E10,906860;N48,358303;H490,0;25,9;24,2;23,2;21,8;82597;70287;65036;56085;20166;8159;5239;826;190;164;113;18;97;51;38;23;8;6;6;0;1;1;0;0;0;0;1;0;0;0;0;18,2;0,0;952,5;@@@SRISS;SW V7-0 (2020-04-06)
2020-08-16 05:38:02;2020-08-16 03:37:03;E10,906860;N48,358303;H490,0;26,2;24,5;23,2;21,7;82813;70062;64819;55406;19901;8068;5050;804;197;140;120;17;105;53;41;23;10;6;9;2;1;0;0;0;1;0;0;0;1;0;0;18,2;0,0;952,5;@@@SRISS;SW V7-0 (2020-04-06)
2020-08-16 05:43:02;2020-08-16 03:42:03;E10,906860;N48,358303;H490,0;23,3;23,0;22,6;21,6;83213;69987;64063;54906;19831;8021;5076;769;174;133;94;9;84;35;33;11;3;2;0;1;0;0;0;0;0;0;0;0;0;0;0;18,2;0,0;952,5;@@@SRISS;SW V7-0 (2020-04-06)
2020-08-16 05:48:02;2020-08-16 03:47:03;E10,906860;N48,358303;H490,0;23,0;22,8;22,5;21,7;83026;69988;64299;55028;20106;8215;5302;802;168;155;87;15;92;25;22;11;3;1;1;0;0;0;0;0;0;0;0;0;0;0;0;18,0;0,0;952,5;@@@SRISS;SW V7-0 (2020-04-06)
2020-08-16 05:53:03;2020-08-16 03:52:04;E10,906860;N48,358303;H490,0;23,4;23,1;22,7;21,8;83260;69980;64154;55110;20218;8389;5373;822;198;146;94;30;67;32;29;16;2;2;0;1;0;0;0;0;0;0;0;0;0;0;0;17,8;0,0;952,5;@@@SRISS;SW V7-0 (2020-04-06)
2020-08-16 05:58:03;2020-08-16 03:57:04;E10,906860;N48,358303;H490,0;22,5;22,3;22,0;21,1;80755;68552;62444;53372;19568;7955;5179;824;181;157;73;14;70;37;28;9;2;1;2;0;0;0;0;0;0;0;0;0;0;0;0;17,8;0,0;952,5;@@@SRISS;SW V7-0 (2020-04-06)
2020-08-16 06:03:03;2020-08-16 04:02:04;E10,906860;N48,358303;H490,0;22,5;22,4;22,1;21,1;80785;68150;62102;52990;19855;8095;5219;769;182;132;82;19;87;36;28;12;2;2;0;0;0;0;0;0;0;0;0;0;0;0;0;18,2;0,0;952,5;@@@SRISS;SW V7-0 (2020-04-06)
2020-08-16 06:08:03;2020-08-16 04:07:04;E10,906860;N48,358303;H490,0;24,0;22,8;22,3;21,1;80246;67808;62626;54144;19441;8116;5217;860;186;145;104;27;87;55;31;13;4;2;3;0;0;0;1;0;0;0;0;0;0;0;0;18,2;0,0;952,5;@@@SRISS;SW V7-0 (2020-04-06)
2020-08-16 06:13:03;2020-08-16 04:12:05;E10,906860;N48,358303;H490,0;23,1;22,7;22,3;21,3;80556;68453;63916;54623;20111;8510;5325;810;192;141;94;11;79;45;28;12;2;2;1;1;0;0;0;0;0;0;0;0;0;0;0;18,2;0,0;952,5;@@@SRISS;SW V7-0 (2020-04-06)
2020-08-16 06:18:03;2020-08-16 04:17:05;E10,906860;N48,358303;H490,0;23,3;23,1;22,7;21,7;81376;69285;64450;55810;20884;8848;5673;932;203;126;84;21;70;25;36;12;3;2;1;0;0;0;0;0;0;0;0;0;0;0;0;17,8;0,0;952,5;@@@SRISS;SW V7-0 (2020-04-06)
2020-08-16 06:23:03;2020-08-16 04:22:05;E10,906860;N48,358303;H490,0;23,2;23,0;22,7;21,9;81894;69880;65112;55923;20960;8733;5868;893;172;140;85;18;72;27;23;12;3;3;0;0;0;0;0;0;0;0;0;0;0;0;0;17,8;0,0;952,5;@@@SRISS;SW V7-0 (2020-04-06)
2020-08-16 06:28:03;2020-08-16 04:27:05;E10,906860;N48,358303;H490,0;23,5;23,3;22,9;21,7;81615;68623;63650;55553;20804;8670;5693;923;198;143;114;18;100;45;37;14;4;1;1;0;0;0;0;0;0;0;0;0;0;0;0;18,0;0,0;952,5;@@@SRISS;SW V7-0 (2020-04-06)
2020-08-16 06:33:03;2020-08-16 04:32:06;E10,906860;N48,358303;H490,0;23,5;23,3;22,9;21,9;81701;69285;63994;55845;21063;9062;6046;939;223;156;89;31;93;45;27;12;3;1;1;0;0;0;0;0;0;0;0;0;0;0;0;18,2;0,0;952,5;@@@SRISS;SW V7-0 (2020-04-06)
2020-08-16 06:38:03;2020-08-16 04:37:06;E10,906860;N48,358303;H490,0;23,8;23,6;23,1;22,1;82291;69600;63759;55691;21322;9175;6174;1019;214;154;96;21;77;53;32;11;4;0;3;0;0;0;0;0;0;0;0;0;0;0;0;18,2;0,0;952,5;@@@SRISS;SW V7-0 (2020-04-06)
2020-08-16 06:43:03;2020-08-16 04:42:06;E10,906860;N48,358303;H490,0;24,9;24,2;23,4;22,2;82767;69650;64072;56006;21591;9229;6292;990;214;148;110;15;103;36;33;20;7;5;1;2;0;0;0;0;0;0;0;0;0;0;0;18,2;0,0;952,5;@@@SRISS;SW V7-0 (2020-04-06)
2020-08-16 06:48:03;2020-08-16 04:47:07;E10,906860;N48,358303;H490,0;23,8;23,5;23,1;22,2;82805;69450;64567;56207;21826;9286;6341;967;209;176;76;20;90;30;28;8;2;2;1;1;0;0;0;0;0;0;0;0;0;0;0;18,2;0,0;952,5;@@@SRISS;SW V7-0 (2020-04-06)
2020-08-16 06:53:04;2020-08-16 04:52:07;E10,906860;N48,358303;H490,0;25,0;24,4;23,7;22,6;83930;71330;65325;57083;21811;9485;6279;1044;220;159;101;20;93;44;32;13;8;3;4;0;0;0;0;0;1;0;0;1;0;0;0;18,2;0,0;952,5;@@@SRISS;SW V7-0 (2020-04-06)
2020-08-16 06:58:04;2020-08-16 04:57:07;E10,906860;N48,358303;H490,0;24,2;24,0;23,6;22,6;84910;70732;65470;57105;21470;9399;6306;969;212;171;97;22;76;39;29;14;3;2;1;0;0;0;0;0;0;0;0;0;0;0;0;18,0;0,0;952,5;@@@SRISS;SW V7-0 (2020-04-06)
2020-08-16 07:03:04;2020-08-16 05:02:07;E10,906860;N48,358303;H490,0;26,0;25,3;24,8;23,7;90719;77452;70327;57659;21810;9473;6090;1000;229;152;110;12;68;34;37;17;3;2;2;0;1;0;0;0;0;0;0;0;0;0;0;18,2;0,0;952,5;@@@SRISS;SW V7-0 (2020-04-06)
2020-08-16 07:08:04;2020-08-16 05:07:08;E10,906860;N48,358303;H490,0;26,7;26,6;26,2;25,1;95534;82438;73922;60588;22903;10161;6639;1168;250;177;110;18;72;46;34;12;4;3;0;0;0;0;0;0;0;0;0;0;0;0;0;18,0;0,0;952,5;@@@SRISS;SW V7-0 (2020-04-06)
2020-08-16 07:13:04;2020-08-16 05:12:08;E10,906860;N48,358303;H490,0;24,7;24,5;24,1;23,1;84909;71479;66756;58938;23077;10109;6904;1153;224;175;97;12;85;36;31;10;4;1;2;0;0;0;0;0;0;0;0;0;0;0;0;18,0;0,0;952,5;@@@SRISS;SW V7-0 (2020-04-06)
2020-08-16 07:18:04;2020-08-16 05:17:08;E10,906860;N48,358303;H490,0;24,7;24,5;24,2;23,2;85587;72021;66640;58806;23128;10204;6909;1082;242;174;97;19;82;43;28;11;2;1;1;0;0;0;0;0;0;0;0;0;0;0;0;18,0;0,0;952,5;@@@SRISS;SW V7-0 (2020-04-06)
2020-08-16 07:23:04;2020-08-16 05:22:08;E10,906860;N48,358303;H490,0;25,1;24,9;24,5;23,5;86533;72439;67004;58836;23288;10558;7241;1138;267;175;112;18;84;38;30;9;5;1;1;0;0;0;0;0;0;0;0;0;0;0;0;18,2;0,0;952,5;@@@SRISS;SW V7-0 (2020-04-06)
2020-08-16 07:28:04;2020-08-16 05:27:09;E10,906860;N48,358303;H490,0;25,5;25,3;24,9;23,8;87358;73310;67245;59858;23826;10679;7379;1299;284;169;91;19;91;44;25;15;4;2;1;0;0;0;0;0;0;0;0;0;0;0;0;18,0;0,0;952,5;@@@SRISS;SW V7-0 (2020-04-06)
2020-08-16 07:33:04;2020-08-16 05:32:09;E10,906860;N48,358303;H490,0;25,9;25,4;24,8;23,5;86648;71958;66049;58753;23085;10278;7393;1233;268;186;99;23;86;48;42;22;4;2;2;1;0;0;0;0;0;0;0;0;0;0;0;18,0;0,0;952,5;@@@SRISS;SW V7-0 (2020-04-06)
2020-08-16 07:38:04;2020-08-16 05:37:09;E10,906860;N48,358303;H490,0;25,0;24,8;24,3;23,3;86001;71512;65145;57715;22883;10273;7269;1185;306;186;93;17;73;47;33;13;4;2;1;0;0;0;0;0;0;0;0;0;0;0;0;18,0;0,0;952,5;@@@SRISS;SW V7-0 (2020-04-06)
2020-08-16 07:43:04;2020-08-16 05:42:10;E10,906860;N48,358303;H490,0;26,0;25,4;24,7;23,4;87239;72837;65310;57606;22668;9939;7029;1247;292;186;119;31;97;52;29;17;8;5;2;1;0;0;0;0;0;0;0;0;0;0;0;18,2;0,0;952,5;@@@SRISS;SW V7-0 (2020-04-06)
2020-08-16 07:48:04;2020-08-16 05:47:10;E10,906860;N48,358303;H490,0;26,5;25,2;24,5;23,3;86636;71106;65461;57762;22466;10254;7030;1167;255;200;102;25;93;41;35;17;5;3;4;0;0;0;1;0;0;1;0;0;0;0;0;18,4;0,0;952,5;@@@SRISS;SW V7-0 (2020-04-06)
2020-08-16 07:53:04;2020-08-16 05:52:10;E10,906860;N48,358303;H490,0;24,5;24,1;23,7;22,8;85529;70636;63913;56149;22148;9593;6685;1110;245;175;111;22;96;25;30;12;2;2;1;1;0;0;0;0;0;0;0;0;0;0;0;18,8;0,0;952,5;@@@SRISS;SW V7-0 (2020-04-06)
2020-08-16 07:58:04;2020-08-16 05:57:10;E10,906860;N48,358303;H490,0;24,8;24,5;24,0;22,9;86345;70221;63941;56227;21843;9696;6568;1085;256;177;105;24;90;45;33;14;3;3;2;0;0;0;0;0;0;0;0;0;0;0;0;19,0;0,0;952,5;@@@SRISS;SW V7-0 (2020-04-06)
2020-08-16 08:03:04;2020-08-16 06:02:11;E10,906860;N48,358303;H490,0;24,6;24,2;23,7;22,4;85488;68627;62645;54507;21267;9363;6332;1108;218;147;93;27;97;54;31;18;4;2;3;0;0;0;0;0;0;0;0;0;0;0;0;19,0;0,0;952,5;@@@SRISS;SW V7-0 (2020-04-06)
2020-08-16 08:08:04;2020-08-16 06:07:11;E10,906860;N48,358303;H490,0;24,0;23,7;23,3;22,3;84980;68338;61678;53653;20734;9653;6362;1060;252;192;100;15;92;48;24;13;4;1;2;0;0;0;0;0;0;0;0;0;0;0;0;19,0;0,0;952,5;@@@SRISS;SW V7-0 (2020-04-06)
2020-08-16 08:13:04;2020-08-16 06:12:11;E10,906860;N48,358303;H490,0;24,2;23,9;23,4;22,2;84952;67671;61252;53147;20755;9307;6445;1098;249;187;106;12;93;51;29;13;5;4;2;0;0;0;0;0;0;0;0;0;0;0;0;19,2;0,0;952,5;@@@SRISS;SW V7-0 (2020-04-06)
2020-08-16 08:18:04;2020-08-16 06:17:11;E10,906860;N48,358303;H490,0;24,2;23,8;23,3;22,3;85630;68060;60535;53034;20784;9020;6439;1104;245;160;116;21;91;45;31;12;4;1;2;1;0;0;0;0;0;0;0;0;0;0;0;19,2;0,0;952,5;@@@SRISS;SW V7-0 (2020-04-06)
2020-08-16 08:23:04;2020-08-16 06:22:12;E10,906860;N48,358303;H490,0;24,4;23,5;23,0;21,9;85356;67341;59525;51125;20091;8815;6150;1112;211;167;106;22;107;39;27;16;4;3;1;0;0;1;0;0;0;0;0;0;0;0;0;19,2;0,0;952,5;@@@SRISS;SW V7-0 (2020-04-06)
2020-08-16 08:28:04;2020-08-16 06:27:12;E10,906860;N48,358303;H490,0;22,9;22,7;22,3;21,2;82940;65309;57515;49174;19195;8260;5868;994;232;148;100;23;99;36;35;13;3;3;1;0;0;0;0;0;0;0;0;0;0;0;0;19,4;0,0;952,5;@@@SRISS;SW V7-0 (2020-04-06)
2020-08-16 08:33:04;2020-08-16 06:32:12;E10,906860;N48,358303;H490,0;22,5;22,1;21,7;20,7;81263;63938;56157;48111;18320;7824;5708;986;213;177;93;19;65;57;30;10;4;1;1;1;0;0;0;0;0;0;0;0;0;0;0;20,0;0,0;952,5;@@@SRISS;SW V7-0 (2020-04-06)
2020-08-16 08:38:04;2020-08-16 06:37:13;E10,906860;N48,358303;H490,0;24,9;24,4;23,6;22,0;86355;67599;59876;50868;19701;8834;6070;1068;229;164;125;24;100;58;46;29;6;4;3;0;0;0;0;0;0;0;0;0;0;0;0;20,0;0,0;952,5;@@@SRISS;SW V7-0 (2020-04-06)
2020-08-16 08:43:04;2020-08-16 06:42:13;E10,906860;N48,358303;H490,0;23,0;22,7;22,2;21,2;83220;65366;57596;49391;18907;8309;5785;999;219;169;103;18;87;40;30;14;2;3;2;0;0;0;0;0;0;0;0;0;0;0;0;20,2;0,0;952,5;@@@SRISS;SW V7-0 (2020-04-06)
2020-08-16 08:48:04;2020-08-16 06:47:13;E10,906860;N48,358303;H490,0;22,8;22,4;21,9;20,7;81860;63842;55959;48175;18294;8099;5472;936;218;137;99;21;99;56;33;13;3;3;1;1;0;0;0;0;0;0;0;0;0;0;0;20,9;0,0;952,5;@@@SRISS;SW V7-0 (2020-04-06)
2020-08-16 08:53:05;2020-08-16 06:52:13;E10,906860;N48,358303;H490,0;22,9;22,4;21,7;20,4;80758;62828;54934;46621;17891;7993;5339;964;205;156;101;32;94;48;42;21;7;2;2;1;0;0;0;0;0;0;0;0;0;0;0;22,3;0,0;952,5;@@@SRISS;SW V7-0 (2020-04-06)
2020-08-16 08:58:05;2020-08-16 06:57:14;E10,906860;N48,358303;H490,0;22,5;22,0;21,5;20,4;80953;62716;54678;46556;17646;7963;5411;897;220;185;92;26;126;28;36;13;3;2;2;1;0;0;0;0;0;0;0;0;0;0;0;22,5;0,0;952,5;@@@SRISS;SW V7-0 (2020-04-06)
2020-08-16 09:03:05;2020-08-16 07:02:14;E10,906860;N48,358303;H490,0;23,5;21,9;21,4;20,2;80219;62336;54333;45921;17435;7830;5383;980;209;168;100;28;108;53;30;16;4;2;1;0;1;0;0;1;0;0;0;0;0;0;0;22,7;0,0;952,5;@@@SRISS;SW V7-0 (2020-04-06)
2020-08-16 09:08:05;2020-08-16 07:07:14;E10,906860;N48,358303;H490,0;22,0;21,7;21,1;19,8;78689;60698;53416;45332;17159;7828;5033;916;217;165;110;20;108;44;40;17;5;2;3;0;0;0;0;0;0;0;0;0;0;0;0;23,1;0,0;952,5;@@@SRISS;SW V7-0 (2020-04-06)
2020-08-16 09:13:05;2020-08-16 07:12:14;E10,906860;N48,358303;H490,0;22,3;22,0;21,4;20,2;78723;61336;55106;46745;17856;8105;5511;967;237;180;118;16;107;49;36;17;7;2;2;0;0;0;0;0;0;0;0;0;0;0;0;23,7;0,0;952,5;@@@SRISS;SW V7-0 (2020-04-06)
2020-08-16 09:18:05;2020-08-16 07:17:15;E10,906860;N48,358303;H490,0;21,7;21,2;20,6;19,4;75289;58938;53120;45156;17134;7858;5354;943;221;183;97;19;109;49;35;18;4;4;1;1;0;0;0;0;0;0;0;0;0;0;0;24,6;0,0;952,5;@@@SRISS;SW V7-0 (2020-04-06)
2020-08-16 09:23:05;2020-08-16 07:22:15;E10,906860;N48,358303;H490,0;20,6;20,4;19,9;18,8;73517;57456;51270;43055;16510;7499;5041;908;230;162;124;13;96;66;25;9;6;2;2;0;0;0;0;0;0;0;0;0;0;0;0;24,5;0,0;952,5;@@@SRISS;SW V7-0 (2020-04-06)
2020-08-16 09:28:05;2020-08-16 07:27:15;E10,906860;N48,358303;H490,0;20,1;19,7;19,2;18,0;70743;55747;49698;41553;15463;6998;4735;814;179;177;115;19;107;37;34;15;6;2;3;0;0;0;0;0;0;0;0;0;0;0;0;23,9;0,0;952,5;@@@SRISS;SW V7-0 (2020-04-06)
2020-08-16 09:33:05;2020-08-16 07:32:16;E10,906860;N48,358303;H490,0;20,6;19,8;19,3;18,2;71016;55711;49732;41848;15837;7204;4957;897;220;171;100;20;98;52;34;9;3;2;3;0;1;0;0;0;1;0;0;0;0;0;0;23,9;0,0;952,5;@@@SRISS;SW V7-0 (2020-04-06)
2020-08-16 09:38:05;2020-08-16 07:37:16;E10,906860;N48,358303;H490,0;22,5;21,9;21,2;19,9;74785;59643;55082;47490;18418;8974;5986;1081;226;175;94;21;117;58;32;19;6;3;3;1;0;0;0;0;0;0;0;0;0;0;0;24,5;0,0;952,5;@@@SRISS;SW V7-0 (2020-04-06)
2020-08-16 09:43:05;2020-08-16 07:42:16;E10,906860;N48,358303;H490,0;22,9;21,7;21,1;19,8;73933;58671;54316;47910;18403;8894;6018;1110;260;159;117;23;121;56;37;13;6;3;1;2;0;1;0;0;0;0;0;0;0;0;0;23,9;0,0;952,5;@@@SRISS;SW V7-0 (2020-04-06)
2020-08-16 09:48:05;2020-08-16 07:47:16;E10,906860;N48,358303;H490,0;22,6;20,9;20,2;18,8;70217;57430;52283;45151;17834;8195;5657;1064;254;212;128;18;92;70;33;19;4;2;5;0;1;0;1;0;0;0;0;0;0;0;0;24,3;0,0;952,5;@@@SRISS;SW V7-0 (2020-04-06)
2020-08-16 09:53:05;2020-08-16 07:52:17;E10,906860;N48,358303;H490,0;20,4;19,9;19,3;18,0;68144;55345;50314;42510;16603;7687;5254;948;235;178;110;19;91;52;38;17;4;3;2;1;0;0;0;0;0;0;1;0;0;0;0;25,2;0,0;952,5;@@@SRISS;SW V7-0 (2020-04-06)
2020-08-16 09:58:05;2020-08-16 07:57:17;E10,906860;N48,358303;H490,0;22,0;21,7;21,2;20,0;73617;60228;55185;48516;19425;8954;6500;1227;275;199;117;34;98;46;28;14;6;3;2;0;0;0;0;0;0;0;0;0;0;0;0;25,0;0,0;952,5;@@@SRISS;SW V7-0 (2020-04-06)
2020-08-16 10:03:05;2020-08-16 08:02:17;E10,906860;N48,358303;H490,0;22,8;20,9;20,4;19,2;71903;58939;53977;46209;17840;8282;5523;1057;218;187;106;17;106;53;37;15;4;2;0;1;0;1;0;1;0;1;0;0;0;0;0;24,5;0,0;952,5;@@@SRISS;SW V7-0 (2020-04-06)
2020-08-16 10:08:06;2020-08-16 08:07:18;E10,906860;N48,358303;H490,0;18,9;18,2;17,6;16,5;65642;51897;45775;37689;13549;6213;4041;760;208;161;93;24;90;46;35;15;3;2;2;0;1;0;0;0;1;0;0;0;0;0;0;23,7;0,0;952,5;@@@SRISS;SW V7-0 (2020-04-06)
2020-08-16 10:13:06;2020-08-16 08:12:18;E10,906860;N48,358303;H490,0;17,2;17,0;16,5;15,3;63014;49064;42536;33640;11769;4958;3370;619;157;151;101;20;96;40;46;13;3;1;2;0;0;0;0;0;0;0;0;0;0;0;0;24,6;0,0;952,5;@@@SRISS;SW V7-0 (2020-04-06)
2020-08-16 10:18:06;2020-08-16 08:17:18;E10,906860;N48,358303;H490,0;17,3;16,0;15,6;14,5;60683;47096;39914;31397;10719;4491;2984;550;163;108;94;19;97;37;25;19;3;2;2;0;0;0;0;1;0;0;0;1;0;0;0;25,0;0,0;952,5;@@@SRISS;SW V7-0 (2020-04-06)
2020-08-16 10:23:06;2020-08-16 08:22:18;E10,906860;N48,358303;H490,0;16,3;15,0;14,4;13,3;57817;44432;36437;27262;8921;3564;2473;469;115;117;98;18;78;39;33;14;5;4;1;1;0;0;1;0;0;0;1;0;0;0;1;25,4;0,0;952,5;@@@SRISS;SW V7-0 (2020-04-06)
2020-08-16 10:28:06;2020-08-16 08:27:19;E10,906860;N48,358303;H490,0;14,6;14,3;13,9;13,0;56938;44211;36269;26861;8331;3319;2173;423;126;122;74;15;70;35;28;9;1;3;1;1;0;0;0;0;0;0;0;0;0;0;0;25,0;0,0;952,5;@@@SRISS;SW V7-0 (2020-04-06)
2020-08-16 10:33:06;2020-08-16 08:32:19;E10,906860;N48,358303;H490,0;16,1;14,7;14,2;13,2;57639;44370;36762;26826;8354;3341;2219;431;130;123;75;19;81;37;32;10;4;2;2;1;0;0;0;1;0;0;0;0;0;0;0;25,8;0,0;952,5;@@@SRISS;SW V7-0 (2020-04-06)
2020-08-16 10:38:06;2020-08-16 08:37:19;E10,906860;N48,358303;H490,0;15,9;15,4;14,9;13,9;59913;46772;38598;28700;9242;3634;2415;439;144;132;78;21;96;38;26;13;7;2;2;1;0;0;0;0;0;0;0;0;0;0;0;26,4;0,0;952,5;@@@SRISS;SW V7-0 (2020-04-06)
2020-08-16 10:43:06;2020-08-16 08:42:19;E10,906860;N48,358303;H490,0;16,9;15,6;15,0;13,8;59114;46246;38401;28839;9433;3764;2469;480;151;112;85;13;83;44;37;21;3;2;2;1;0;0;1;0;0;0;0;1;0;0;0;25,2;0,0;952,5;@@@SRISS;SW V7-0 (2020-04-06)
2020-08-16 10:48:06;2020-08-16 08:47:20;E10,906860;N48,358303;H490,0;15,6;15,4;15,0;14,0;59808;46623;38546;29233;9411;3891;2617;473;113;133;95;28;100;45;25;13;5;1;1;0;0;0;0;0;0;0;1;0;0;0;0;25,4;0,0;952,5;@@@SRISS;SW V7-0 (2020-04-06)
2020-08-16 10:53:06;2020-08-16 08:52:20;E10,906860;N48,358303;H490,0;16,0;15,7;15,3;14,3;60607;47444;39339;30133;10012;4137;2807;519;133;143;91;18;92;47;27;11;2;3;2;0;0;0;0;0;0;0;0;0;0;0;0;25,6;0,0;952,5;@@@SRISS;SW V7-0 (2020-04-06)
2020-08-16 10:58:06;2020-08-16 08:57:20;E10,906860;N48,358303;H490,0;24,1;18,8;16,7;13,5;56942;44152;36849;27457;9024;3751;2427;564;189;141;157;35;172;70;109;80;10;7;7;5;1;0;1;2;1;1;0;1;0;0;0;25,8;0,0;952,5;@@@SRISS;SW V7-0 (2020-04-06)
2020-08-16 11:03:07;2020-08-16 09:02:21;E10,906860;N48,358303;H490,0;19,4;17,1;15,9;14,3;59812;46813;40070;30676;10473;4474;2920;561;148;132;103;26;106;56;50;22;9;4;6;3;1;1;0;0;1;0;2;0;1;0;0;26,2;0,0;952,5;@@@SRISS;SW V7-0 (2020-04-06)
2020-08-16 11:08:07;2020-08-16 09:07:21;E10,906860;N48,358303;H490,0;17,7;15,8;15,2;14,1;59980;46910;38907;28984;9800;4096;2806;528;146;104;100;14;85;42;37;14;4;2;3;0;0;1;0;1;0;1;0;0;0;0;0;26,6;0,0;952,5;@@@SRISS;SW V7-0 (2020-04-06)
2020-08-16 11:13:07;2020-08-16 09:12:21;E10,906860;N48,358303;H490,0;15,1;14,8;14,3;13,4;58000;44537;36179;27153;8810;3595;2424;489;108;125;103;17;74;41;23;14;4;2;3;0;0;0;0;0;0;0;0;1;0;1;0;26,4;0,0;952,5;@@@SRISS;SW V7-0 (2020-04-06)
2020-08-16 11:18:07;2020-08-16 09:17:21;E10,906860;N48,358303;H490,0;16,1;15,5;15,0;14,0;60900;45908;37441;28324;9397;3818;2542;525;145;95;72;18;87;39;27;12;6;2;3;1;0;0;0;0;0;0;0;0;0;0;0;26,4;0,0;952,5;@@@SRISS;SW V7-0 (2020-04-06)
2020-08-16 11:23:07;2020-08-16 09:22:22;E10,906860;N48,358303;H490,0;16,2;15,9;15,5;14,5;62221;47449;39487;29615;10024;4090;2789;548;139;137;79;22;93;44;25;13;3;2;2;0;0;0;0;0;0;0;0;0;0;0;0;26,2;0,0;952,5;@@@SRISS;SW V7-0 (2020-04-06)
2020-08-16 11:28:07;2020-08-16 09:27:22;E10,906860;N48,358303;H490,0;16,4;15,7;15,3;14,3;62304;47363;38623;28793;9409;4044;2643;478;146;123;108;7;89;34;30;12;4;2;0;1;1;0;0;0;0;0;0;0;0;0;0;26,2;0,0;952,5;@@@SRISS;SW V7-0 (2020-04-06)
2020-08-16 11:33:07;2020-08-16 09:32:22;E10,906860;N48,358303;H490,0;16,7;15,1;14,5;13,5;60493;44916;36102;26097;8440;3329;2187;463;131;109;89;18;71;46;25;11;6;1;4;1;0;0;1;0;1;0;0;0;0;0;0;26,4;0,0;952,5;@@@SRISS;SW V7-0 (2020-04-06)
2020-08-16 11:38:07;2020-08-16 09:37:22;E10,906860;N48,358303;H490,0;16,9;15,1;14,5;13,4;60651;44188;35012;25184;7936;3159;2049;421;121;95;71;22;77;30;37;22;3;2;2;1;1;0;0;1;0;0;0;0;0;0;0;26,6;0,0;952,5;@@@SRISS;SW V7-0 (2020-04-06)
2020-08-16 11:43:07;2020-08-16 09:42:23;E10,906860;N48,358303;H490,0;15,2;14,2;13,6;12,7;58055;42950;33364;23565;7142;2741;1797;347;115;96;95;21;66;44;24;13;3;2;3;1;0;1;0;0;0;0;0;0;0;0;0;26,4;0,0;952,5;@@@SRISS;SW V7-0 (2020-04-06)
2020-08-16 11:48:07;2020-08-16 09:47:23;E10,906860;N48,358303;H490,0;16,3;15,7;14,8;12,8;58157;42912;33754;23689;7445;2846;1805;404;97;96;102;16;115;59;61;48;3;2;3;1;0;0;0;0;0;0;0;0;0;0;0;27,0;0,0;952,5;@@@SRISS;SW V7-0 (2020-04-06)
2020-08-16 11:53:07;2020-08-16 09:52:23;E10,906860;N48,358303;H490,0;15,0;14,6;14,1;13,0;59737;43093;33801;23688;7575;2919;1882;381;100;122;81;10;77;35;36;17;4;2;1;1;0;0;0;0;0;0;0;0;0;0;0;27,6;0,0;952,5;@@@SRISS;SW V7-0 (2020-04-06)
2020-08-16 11:58:07;2020-08-16 09:57:24;E10,906860;N48,358303;H490,0;15,3;14,6;13,9;12,7;58308;43125;33159;23081;7245;2604;1844;422;111;112;80;21;80;52;33;18;5;3;3;0;1;0;0;0;0;0;0;1;0;0;0;27,6;0,0;952,5;@@@SRISS;SW V7-0 (2020-04-06)
2020-08-16 12:03:07;2020-08-16 10:02:24;E10,906860;N48,358303;H490,0;15,7;15,0;14,4;13,2;60161;45113;34655;24166;7375;2717;1821;386;121;114;93;26;102;47;35;16;4;2;3;0;1;0;0;0;0;0;0;0;0;0;0;27,8;0,0;952,5;@@@SRISS;SW V7-0 (2020-04-06)
2020-08-16 12:08:07;2020-08-16 10:07:24;E10,906860;N48,358303;H490,0;15,9;15,6;15,2;14,0;63437;47224;37195;26277;8018;3178;2188;470;124;124;106;24;87;49;39;14;3;2;1;0;0;0;0;0;0;0;0;0;0;0;0;26,6;0,0;952,5;@@@SRISS;SW V7-0 (2020-04-06)
2020-08-16 12:13:08;2020-08-16 10:12:24;E10,906860;N48,358303;H490,0;14,8;14,5;14,1;13,2;61220;46225;35343;23778;6864;2550;1673;351;122;119;76;12;82;31;30;11;3;2;0;1;0;0;0;0;0;0;0;0;0;0;0;26,8;0,0;952,5;@@@SRISS;SW V7-0 (2020-04-06)
2020-08-16 12:18:08;2020-08-16 10:17:25;E10,906860;N48,358303;H490,0;14,7;14,4;13,8;12,7;58889;44523;33913;22976;6709;2355;1663;326;109;102;84;23;94;38;34;16;4;2;3;0;0;0;0;0;0;1;0;0;0;0;0;26,8;0,0;952,5;@@@SRISS;SW V7-0 (2020-04-06)
2020-08-16 12:23:08;2020-08-16 10:22:25;E10,906860;N48,358303;H490,0;14,2;13,9;13,5;12,6;58034;44158;34175;22786;6829;2534;1624;363;119;106;91;15;93;29;23;10;3;2;1;1;0;0;0;0;0;0;0;0;0;0;0;26,2;0,0;952,5;@@@SRISS;SW V7-0 (2020-04-06)
2020-08-16 12:28:08;2020-08-16 10:27:25;E10,906860;N48,358303;H490,0;13,1;12,9;12,5;11,7;54317;40743;31956;20923;6009;2236;1575;310;93;107;84;16;70;31;21;8;4;0;3;0;0;0;0;0;0;0;0;0;0;0;0;26,0;0,0;950,8;@@@SRISS;SW V7-0 (2020-04-06)
2020-08-16 12:33:08;2020-08-16 10:32:25;E10,906860;N48,358303;H490,0;13,3;12,8;12,3;11,4;53245;40331;30201;19886;5740;2125;1504;345;122;102;84;9;88;39;21;9;4;2;1;2;0;0;0;0;0;0;0;0;0;0;0;26,4;0,0;950,8;@@@SRISS;SW V7-0 (2020-04-06)
2020-08-16 12:38:08;2020-08-16 10:37:26;E10,906860;N48,358303;H490,0;13,8;12,9;12,5;11,5;53781;40578;30525;19945;5749;2079;1431;329;108;126;85;19;77;33;30;12;3;2;2;0;0;1;0;0;0;0;0;0;0;0;0;26,4;0,0;950,8;@@@SRISS;SW V7-0 (2020-04-06)
2020-08-16 12:43:08;2020-08-16 10:42:26;E10,906860;N48,358303;H490,0;13,9;12,4;12,0;11,1;52367;39034;29071;18923;5202;1918;1393;312;108;100;65;20;72;37;24;13;2;1;1;2;0;0;0;1;0;0;1;0;0;0;0;26,2;0,0;952,5;@@@SRISS;SW V7-0 (2020-04-06)
2020-08-16 12:48:08;2020-08-16 10:47:26;E10,906860;N48,358303;H490,0;13,1;12,0;11,7;10,9;51450;38803;29066;18449;5052;1857;1253;293;79;99;73;12;75;36;29;5;3;0;1;0;1;1;0;0;0;0;0;0;0;0;0;26,6;0,0;952,5;@@@SRISS;SW V7-0 (2020-04-06)
2020-08-16 12:53:08;2020-08-16 10:52:27;E10,906860;N48,358303;H490,0;12,5;12,2;11,9;11,1;52940;39864;29421;18588;5211;1879;1258;260;76;82;78;13;57;31;25;8;2;2;1;0;0;0;0;0;1;0;0;0;0;0;0;26,4;0,0;952,5;@@@SRISS;SW V7-0 (2020-04-06)
2020-08-16 12:58:08;2020-08-16 10:57:27;E10,906860;N48,358303;H490,0;14,6;13,4;13,0;12,1;56930;43320;32192;20732;5751;2125;1444;338;87;114;63;14;83;23;25;14;4;3;0;1;0;0;1;0;0;0;0;0;0;0;0;26,6;0,0;952,5;@@@SRISS;SW V7-0 (2020-04-06)
2020-08-16 13:03:08;2020-08-16 11:02:27;E10,906860;N48,358303;H490,0;15,4;13,4;12,9;12,1;57729;42722;31396;20162;5627;1921;1328;329;102;70;71;17;73;41;24;8;3;0;3;1;0;1;0;1;0;1;0;0;0;0;0;27,2;0,0;952,5;@@@SRISS;SW V7-0 (2020-04-06)
2020-08-16 13:08:08;2020-08-16 11:07:27;E10,906860;N48,358303;H490,0;14,5;14,0;13,7;12,9;61736;46328;34393;21999;6042;2148;1436;315;97;89;72;9;64;27;23;10;2;1;1;0;1;0;0;0;0;0;0;0;0;0;0;27,6;0,0;952,5;@@@SRISS;SW V7-0 (2020-04-06)
2020-08-16 13:13:08;2020-08-16 11:12:28;E10,906860;N48,358303;H490,0;15,4;14,3;14,0;13,2;62945;47199;35456;22483;6387;2316;1387;304;102;90;60;13;73;24;26;7;2;1;2;0;0;0;1;0;0;0;0;0;0;0;0;28,2;0,0;952,5;@@@SRISS;SW V7-0 (2020-04-06)
2020-08-16 13:18:08;2020-08-16 11:17:28;E10,906860;N48,358303;H490,0;14,1;13,6;13,1;12,2;58826;43158;31911;19794;5477;2005;1279;284;88;100;60;22;73;30;27;12;4;3;2;1;0;0;0;0;0;0;0;0;0;0;0;28,2;0,0;952,5;@@@SRISS;SW V7-0 (2020-04-06)
2020-08-16 13:23:08;2020-08-16 11:22:28;E10,906860;N48,358303;H490,0;14,8;14,2;13,7;12,9;61655;46089;33774;21393;5865;2082;1399;315;99;110;58;21;66;29;24;12;3;1;3;0;1;0;0;0;0;0;0;0;0;0;0;28,0;0,0;952,5;@@@SRISS;SW V7-0 (2020-04-06)
2020-08-16 13:28:08;2020-08-16 11:27:29;E10,906860;N48,358303;H490,0;15,2;14,9;14,4;13,6;64473;48297;35622;23026;6562;2296;1613;353;96;100;74;11;79;26;29;11;4;1;1;1;0;0;0;0;0;0;0;0;0;0;0;28,2;0,0;952,5;@@@SRISS;SW V7-0 (2020-04-06)
2020-08-16 13:33:08;2020-08-16 11:32:29;E10,906860;N48,358303;H490,0;14,1;13,8;13,4;12,7;60125;45522;33904;21615;6117;2219;1541;348;97;85;70;9;62;22;21;13;2;3;0;1;0;0;0;0;0;0;0;0;0;0;0;28,6;0,0;952,5;@@@SRISS;SW V7-0 (2020-04-06)
2020-08-16 13:38:09;2020-08-16 11:37:29;E10,906860;N48,358303;H490,0;15,0;13,8;13,4;12,5;59477;45204;32980;21313;5899;2224;1464;304;87;97;82;17;64;32;21;13;3;1;2;1;0;1;0;0;1;0;0;0;0;0;0;29,1;0,0;952,5;@@@SRISS;SW V7-0 (2020-04-06)
2020-08-16 13:43:09;2020-08-16 11:42:29;E10,906860;N48,358303;H490,0;14,7;14,1;13,6;12,8;60554;45074;33553;21586;6190;2184;1506;349;114;115;59;11;62;25;27;17;2;1;2;0;1;0;0;0;0;0;0;0;0;0;0;28,9;0,0;952,5;@@@SRISS;SW V7-0 (2020-04-06)
2020-08-16 13:48:09;2020-08-16 11:47:30;E10,906860;N48,358303;H490,0;14,1;13,7;13,3;12,4;58291;43990;32608;21312;6144;2253;1604;389;97;103;89;15;77;31;25;11;4;2;1;1;0;0;0;0;0;0;0;0;0;0;0;28,2;0,0;952,5;@@@SRISS;SW V7-0 (2020-04-06)
2020-08-16 13:53:09;2020-08-16 11:52:30;E10,906860;N48,358303;H490,0;14,9;13,7;13,2;12,2;57289;42973;31623;20881;6142;2258;1555;354;94;112;79;12;75;36;32;9;4;3;3;0;0;0;1;0;0;0;0;0;0;0;0;28,6;0,0;952,5;@@@SRISS;SW V7-0 (2020-04-06)
2020-08-16 13:58:09;2020-08-16 11:57:30;E10,906860;N48,358303;H490,0;15,5;13,8;13,2;12,1;56791;42120;32159;20771;5955;2216;1558;363;113;117;92;16;86;33;29;13;4;4;5;1;0;0;0;1;0;0;0;0;0;0;0;29,3;0,0;952,5;@@@SRISS;SW V7-0 (2020-04-06)
2020-08-16 14:03:09;2020-08-16 12:02:30;E10,906860;N48,358303;H490,0;14,4;13,6;13,0;12,1;56577;41930;31476;20633;5960;2140;1618;349;125;113;66;23;74;31;26;15;6;2;2;1;1;0;0;0;0;0;0;0;0;0;0;29,1;0,0;952,5;@@@SRISS;SW V7-0 (2020-04-06)
2020-08-16 14:08:09;2020-08-16 12:07:31;E10,906860;N48,358303;H490,0;13,7;13,3;12,9;11,9;55880;41567;31364;20526;5873;2248;1606;366;122;82;81;19;74;41;22;13;2;3;3;0;0;0;0;0;0;0;0;0;0;0;0;29,7;0,0;952,5;@@@SRISS;SW V7-0 (2020-04-06)
2020-08-16 14:13:09;2020-08-16 12:12:31;E10,906860;N48,358303;H490,0;13,4;13,0;12,5;11,5;54105;40044;29657;19828;5503;1927;1444;333;112;116;85;25;82;37;28;16;5;2;1;1;0;0;0;0;0;0;0;0;0;0;0;29,7;0,0;952,5;@@@SRISS;SW V7-0 (2020-04-06)
2020-08-16 14:18:09;2020-08-16 12:17:31;E10,906860;N48,358303;H490,0;13,7;13,1;12,5;11,7;54567;40468;31016;20452;5838;2085;1535;345;108;105;80;18;65;33;25;10;2;2;5;1;0;0;0;0;0;0;1;0;0;0;0;30,1;0,0;952,5;@@@SRISS;SW V7-0 (2020-04-06)
2020-08-16 14:23:09;2020-08-16 12:22:32;E10,906860;N48,358303;H490,0;15,1;13,0;12,5;11,6;54078;40403;30795;20202;5810;2158;1559;330;126;96;69;12;77;21;32;15;5;2;1;0;0;0;2;0;1;0;0;0;0;0;0;29,5;0,0;950,8;@@@SRISS;SW V7-0 (2020-04-06)
2020-08-16 14:28:09;2020-08-16 12:27:32;E10,906860;N48,358303;H490,0;15,3;13,3;12,7;11,7;54576;40737;31245;20409;5743;2140;1566;363;103;124;85;18;83;32;30;14;3;3;4;0;0;1;0;1;0;1;0;1;1;0;0;29,3;0,0;950,8;@@@SRISS;SW V7-0 (2020-04-06)
2020-08-16 14:33:09;2020-08-16 12:32:32;E10,906860;N48,358303;H490,0;14,1;13,4;12,7;11,7;54383;40932;30881;20344;5826;2145;1541;364;110;121;82;22;88;16;40;17;4;4;2;2;0;0;0;0;0;0;0;0;0;0;0;30,1;0,0;950,8;@@@SRISS;SW V7-0 (2020-04-06)
2020-08-16 14:38:10;2020-08-16 12:37:32;E10,906860;N48,358303;H490,0;15,0;13,0;12,2;11,1;51722;38675;28841;19070;5693;2043;1371;328;134;99;97;21;87;31;34;18;8;2;3;2;1;0;1;0;0;0;0;0;0;0;0;30,5;0,0;950,8;@@@SRISS;SW V7-0 (2020-04-06)
2020-08-16 14:43:10;2020-08-16 12:42:33;E10,906860;N48,358303;H490,0;13,0;12,1;11,6;10,8;50101;37503;28195;18583;5443;2007;1469;377;107;115;78;20;52;28;27;17;2;3;0;1;0;1;0;0;0;1;0;0;0;0;0;30,7;0,0;952,5;@@@SRISS;SW V7-0 (2020-04-06)
2020-08-16 14:48:10;2020-08-16 12:47:33;E10,906860;N48,358303;H490,0;12,4;11,9;11,5;10,6;49251;37239;28081;18412;5358;1953;1437;348;118;110;70;15;62;33;33;6;5;2;2;1;0;0;0;0;0;0;0;0;0;0;0;30,5;0,0;950,8;@@@SRISS;SW V7-0 (2020-04-06)
2020-08-16 14:53:10;2020-08-16 12:52:33;E10,906860;N48,358303;H490,0;13,7;12,1;11,6;10,7;49781;37539;28514;18850;5535;1969;1420;337;99;102;67;10;65;30;26;15;2;2;3;0;1;0;1;0;0;0;0;0;0;0;0;30,3;0,0;950,8;@@@SRISS;SW V7-0 (2020-04-06)
2020-08-16 14:58:10;2020-08-16 12:57:33;E10,906860;N48,358303;H490,0;12,9;12,0;11,5;10,7;48941;37327;28828;19357;5604;2097;1555;346;118;117;81;14;64;33;24;13;3;3;0;1;0;1;0;0;0;0;0;0;0;0;0;30,7;0,0;950,8;@@@SRISS;SW V7-0 (2020-04-06)
2020-08-16 15:03:10;2020-08-16 13:02:34;E10,906860;N48,358303;H490,0;14,4;12,6;12,0;11,1;50634;38471;29872;19986;5954;2272;1635;366;134;122;82;18;74;38;24;8;4;2;4;1;1;0;1;0;0;0;0;0;0;0;0;30,3;0,0;950,8;@@@SRISS;SW V7-0 (2020-04-06)
2020-08-16 15:08:10;2020-08-16 13:07:34;E10,906860;N48,358303;H490,0;13,7;11,9;11,4;10,7;49149;37036;28350;19386;5506;2033;1445;336;105;108;67;15;66;29;21;12;2;2;2;0;0;1;0;1;0;0;0;0;0;0;0;29,9;0,0;950,8;@@@SRISS;SW V7-0 (2020-04-06)
2020-08-16 15:13:10;2020-08-16 13:12:34;E10,906860;N48,358303;H490,0;12,2;11,6;11,2;10,4;48137;36947;28219;18588;5457;1852;1379;314;120;116;79;15;49;34;19;10;3;2;2;0;1;0;0;0;0;0;0;0;0;0;0;30,5;0,0;950,8;@@@SRISS;SW V7-0 (2020-04-06)
2020-08-16 15:18:10;2020-08-16 13:17:35;E10,906860;N48,358303;H490,0;13,2;11,6;11,1;10,2;47030;35602;27645;18032;5222;1852;1335;346;124;101;86;17;66;37;27;13;3;1;2;2;0;0;1;0;1;0;1;0;0;0;0;30,5;0,0;950,8;@@@SRISS;SW V7-0 (2020-04-06)
2020-08-16 15:23:10;2020-08-16 13:22:35;E10,906860;N48,358303;H490,0;11,1;10,6;10,2;9,4;44170;33369;25074;16335;4617;1553;1147;271;85;95;59;16;58;25;24;13;2;1;3;1;0;0;0;0;0;0;0;0;0;0;0;30,5;0,0;950,8;@@@SRISS;SW V7-0 (2020-04-06)
2020-08-16 15:28:10;2020-08-16 13:27:35;E10,906860;N48,358303;H490,0;11,1;10,5;10,2;9,5;44371;34032;25414;16763;4802;1744;1204;310;74;91;77;4;61;28;19;6;3;1;2;0;1;0;0;0;0;0;0;0;0;0;0;30,5;0,0;950,8;@@@SRISS;SW V7-0 (2020-04-06)
2020-08-16 15:33:11;2020-08-16 13:32:35;E10,906860;N48,358303;H490,0;12,8;10,8;10,3;9,4;44462;33343;24722;16198;4486;1589;1162;282;111;87;56;21;61;25;26;14;3;2;2;1;0;1;0;1;0;1;0;0;0;0;0;30,9;0,0;950,8;@@@SRISS;SW V7-0 (2020-04-06)
2020-08-16 15:38:11;2020-08-16 13:37:36;E10,906860;N48,358303;H490,0;11,2;10,4;9,9;9,0;42785;31960;23997;15251;3995;1493;1039;253;95;96;67;14;50;38;22;15;2;3;2;1;1;0;0;0;0;0;0;0;0;0;0;30,7;0,0;950,8;@@@SRISS;SW V7-0 (2020-04-06)
2020-08-16 15:43:11;2020-08-16 13:42:36;E10,906860;N48,358303;H490,0;11,4;10,0;9,5;8,7;41735;30610;22823;14249;3792;1357;951;271;72;98;65;11;61;34;23;11;4;0;2;2;0;0;1;0;0;0;0;0;0;0;0;31,3;0,0;950,8;@@@SRISS;SW V7-0 (2020-04-06)
2020-08-16 15:48:11;2020-08-16 13:47:36;E10,906860;N48,358303;H490,0;11,9;11,0;10,3;9,2;43903;32446;23961;15275;4228;1426;1054;272;82;91;73;11;57;33;38;20;6;3;3;0;1;0;0;0;1;0;0;0;0;0;0;31,7;0,0;950,8;@@@SRISS;SW V7-0 (2020-04-06)
2020-08-16 15:53:11;2020-08-16 13:52:36;E10,906860;N48,358303;H490,0;12,1;10,7;10,1;9,2;44451;32446;23213;14808;4090;1368;883;227;90;77;62;16;74;32;24;15;5;4;0;2;0;0;1;0;0;0;0;0;0;0;0;30,7;0,0;950,8;@@@SRISS;SW V7-0 (2020-04-06)
2020-08-16 15:58:11;2020-08-16 13:57:37;E10,906860;N48,358303;H490,0;11,5;10,1;9,4;8,5;41371;29745;21965;13584;3651;1176;829;213;63;56;62;12;66;28;24;15;6;2;5;0;1;1;0;0;0;0;0;0;0;0;0;31,3;0,0;950,8;@@@SRISS;SW V7-0 (2020-04-06)
2020-08-16 16:03:11;2020-08-16 14:02:37;E10,906860;N48,358303;H490,0;10,1;9,7;9,2;8,4;40969;29756;21171;12966;3388;1051;780;196;64;75;73;17;61;28;25;11;3;3;2;1;0;0;0;0;0;0;0;0;0;0;0;30,3;0,0;950,8;@@@SRISS;SW V7-0 (2020-04-06)
2020-08-16 16:08:11;2020-08-16 14:07:37;E10,906860;N48,358303;H490,0;10,1;9,5;9,0;8,2;40503;28928;20511;12539;3345;1087;794;193;79;64;58;10;54;26;23;11;4;1;2;2;0;0;0;0;0;0;0;0;0;0;0;30,9;0,0;950,8;@@@SRISS;SW V7-0 (2020-04-06)
2020-08-16 16:13:11;2020-08-16 14:12:37;E10,906860;N48,358303;H490,0;9,7;9,3;8,9;8,0;39314;28058;19677;12320;3246;1071;755;238;89;82;66;15;63;25;27;11;4;3;1;1;0;0;0;0;0;0;0;0;0;0;0;31,3;0,0;950,8;@@@SRISS;SW V7-0 (2020-04-06)
2020-08-16 16:18:11;2020-08-16 14:17:38;E10,906860;N48,358303;H490,0;11,0;9,6;9,1;8,1;39578;28180;20070;12190;3284;1044;667;180;73;86;71;18;56;33;30;19;4;3;3;0;0;0;0;1;0;0;0;0;0;0;0;31,3;0,0;950,8;@@@SRISS;SW V7-0 (2020-04-06)
2020-08-16 16:23:11;2020-08-16 14:22:38;E10,906860;N48,358303;H490,0;9,1;8,6;8,2;7,6;37850;27090;18626;11501;2925;935;618;159;62;79;50;5;49;25;14;11;1;1;2;0;1;0;0;0;0;0;0;0;0;0;0;31,1;0,0;950,8;@@@SRISS;SW V7-0 (2020-04-06)
2020-08-16 16:28:11;2020-08-16 14:27:38;E10,906860;N48,358303;H490,0;8,8;8,3;7,9;7,1;35405;25038;17699;10559;2789;890;547;182;63;59;56;13;58;24;22;12;2;3;2;1;0;0;0;0;0;0;0;0;0;0;0;30,7;0,0;950,8;@@@SRISS;SW V7-0 (2020-04-06)
2020-08-16 16:33:12;2020-08-16 14:32:39;E10,906860;N48,358303;H490,0;9,0;8,3;7,9;7,1;35204;25074;17439;10224;2737;808;557;163;58;74;60;14;59;19;28;10;4;2;1;2;0;0;0;0;1;0;0;0;0;0;1;30,3;0,0;950,8;@@@SRISS;SW V7-0 (2020-04-06)
2020-08-16 16:38:12;2020-08-16 14:37:39;E10,906860;N48,358303;H490,0;9,1;8,3;7,9;7,3;36471;25511;17979;10896;2663;827;581;146;61;58;43;9;49;22;14;9;2;2;2;1;1;0;0;0;0;0;0;0;0;0;0;29,7;0,0;950,8;@@@SRISS;SW V7-0 (2020-04-06)
2020-08-16 16:43:12;2020-08-16 14:42:39;E10,906860;N48,358303;H490,0;9,8;8,5;8,0;7,3;36816;25872;17978;10676;2613;863;551;145;52;66;47;4;53;19;22;12;2;2;2;1;0;0;1;0;0;0;0;0;0;0;0;29,5;0,0;950,8;@@@SRISS;SW V7-0 (2020-04-06)
2020-08-16 16:48:12;2020-08-16 14:47:39;E10,906860;N48,358303;H490,0;9,3;8,7;8,2;7,4;37158;25961;17819;10671;2635;834;629;154;59;62;64;11;68;26;23;11;4;1;3;0;1;0;0;0;0;0;0;0;0;0;0;29,7;0,0;950,8;@@@SRISS;SW V7-0 (2020-04-06)
2020-08-16 16:53:12;2020-08-16 14:52:40;E10,906860;N48,358303;H490,0;10,6;8,7;8,2;7,5;37411;26365;18187;10661;2763;873;612;177;60;70;53;10;54;20;20;15;2;3;1;1;0;1;0;1;0;0;1;0;0;0;0;29,9;0,0;950,8;@@@SRISS;SW V7-0 (2020-04-06)
2020-08-16 16:58:12;2020-08-16 14:57:40;E10,906860;N48,358303;H490,0;10,1;8,6;8,1;7,3;36292;25587;17375;10454;2600;834;597;153;66;66;56;10;65;29;29;13;3;2;2;0;1;0;1;0;0;0;0;0;0;0;0;30,1;0,0;950,8;@@@SRISS;SW V7-0 (2020-04-06)
2020-08-16 17:03:12;2020-08-16 15:02:40;E10,906860;N48,358303;H490,0;8,8;8,2;7,8;7,0;35014;24324;16977;9784;2531;790;556;156;54;59;64;14;57;27;26;15;2;1;1;2;0;0;0;0;0;0;0;0;0;0;0;29,3;0,0;950,8;@@@SRISS;SW V7-0 (2020-04-06)
2020-08-16 17:08:12;2020-08-16 15:07:40;E10,906860;N48,358303;H490,0;9,7;8,6;8,0;7,1;35736;25263;17284;10359;2631;774;546;156;56;65;55;16;47;27;29;15;4;2;3;1;0;1;0;0;0;0;0;0;0;0;0;29,7;0,0;950,8;@@@SRISS;SW V7-0 (2020-04-06)
2020-08-16 17:13:12;2020-08-16 15:12:41;E10,906860;N48,358303;H490,0;9,9;8,5;8,1;7,4;36876;26125;17861;10592;2676;805;607;171;45;66;68;7;52;19;25;11;2;1;2;1;0;0;1;0;1;0;0;0;0;0;0;30,1;0,0;950,8;@@@SRISS;SW V7-0 (2020-04-06)
2020-08-16 17:18:12;2020-08-16 15:17:41;E10,906860;N48,358303;H490,0;9,5;8,8;8,3;7,5;37654;26492;17866;10570;2701;860;626;150;60;57;62;9;60;25;27;10;4;1;4;0;1;0;0;0;0;0;0;0;0;0;0;29,9;0,0;950,8;@@@SRISS;SW V7-0 (2020-04-06)
2020-08-16 17:23:12;2020-08-16 15:22:41;E10,906860;N48,358303;H490,0;9,5;8,6;8,2;7,6;38084;26435;18200;10749;2750;849;603;148;62;56;45;13;47;16;21;11;3;1;1;1;0;1;0;0;0;0;0;0;0;0;0;29,1;0,0;950,8;@@@SRISS;SW V7-0 (2020-04-06)
2020-08-16 17:28:12;2020-08-16 15:27:42;E10,906860;N48,358303;H490,0;9,2;8,8;8,4;7,7;38665;26572;18667;10847;2723;847;576;154;53;64;49;14;60;25;20;10;2;2;2;1;0;0;0;0;0;0;0;0;1;0;0;28,4;0,0;950,8;@@@SRISS;SW V7-0 (2020-04-06)
2020-08-16 17:33:12;2020-08-16 15:32:42;E10,906860;N48,358303;H490,0;10,2;8,8;8,3;7,6;38630;26465;17972;10620;2643;854;570;162;75;70;47;11;52;30;17;12;2;2;2;1;0;0;0;1;0;0;0;0;0;0;0;28,4;0,0;950,8;@@@SRISS;SW V7-0 (2020-04-06)
2020-08-16 17:38:12;2020-08-16 15:37:42;E10,906860;N48,358303;H490,0;9,5;8,9;8,5;7,7;38923;26595;18189;11002;2682;857;628;189;56;61;55;8;52;24;32;8;2;1;2;2;0;0;0;0;0;0;0;0;0;0;0;28,4;0,0;950,8;@@@SRISS;SW V7-0 (2020-04-06)
2020-08-16 17:43:12;2020-08-16 15:42:42;E10,906860;N48,358303;H490,0;10,1;9,3;8,7;7,5;38164;25975;17894;10413;2595;758;568;159;52;81;57;10;64;23;42;30;2;2;1;1;1;0;0;0;0;1;0;0;0;0;0;28,2;0,0;950,8;@@@SRISS;SW V7-0 (2020-04-06)
2020-08-16 17:48:12;2020-08-16 15:47:43;E10,906860;N48,358303;H490,0;10,3;8,7;8,1;7,5;37702;26081;17748;10352;2592;816;598;160;59;58;56;12;53;14;22;10;3;2;5;0;1;0;1;0;0;0;0;0;0;0;0;28,0;0,0;950,8;@@@SRISS;SW V7-0 (2020-04-06)
2020-08-16 17:53:13;2020-08-16 15:52:43;E10,906860;N48,358303;H490,0;10,6;8,6;8,2;7,6;38589;26523;17835;10454;2720;839;556;144;58;85;61;7;42;30;17;6;2;0;3;1;0;1;0;1;0;0;0;1;0;0;0;28,0;0,0;950,8;@@@SRISS;SW V7-0 (2020-04-06)
2020-08-16 17:58:13;2020-08-16 15:57:43;E10,906860;N48,358303;H490,0;9,4;8,7;8,3;7,5;37764;25786;17531;10321;2623;825;540;181;61;59;53;9;63;24;27;11;3;2;1;1;1;0;0;0;0;0;0;0;0;0;0;28,0;0,0;950,8;@@@SRISS;SW V7-0 (2020-04-06)
2020-08-16 18:03:13;2020-08-16 16:02:44;E10,906860;N48,358303;H490,0;10,4;8,9;8,4;7,7;38728;26851;18176;10707;2640;810;564;178;56;62;55;12;62;27;21;10;3;2;3;1;0;0;0;1;0;0;0;0;0;0;0;28,0;0,0;950,8;@@@SRISS;SW V7-0 (2020-04-06)
2020-08-16 18:08:13;2020-08-16 16:07:44;E10,906860;N48,358303;H490,0;9,5;8,8;8,5;7,9;40022;28089;18930;11064;2657;798;556;166;45;56;60;15;50;29;12;9;2;1;1;1;1;0;0;0;0;0;0;0;0;0;0;28,0;0,0;950,8;@@@SRISS;SW V7-0 (2020-04-06)
2020-08-16 18:13:13;2020-08-16 16:12:44;E10,906860;N48,358303;H490,0;10,6;9,3;8,7;7,8;39700;27563;18588;10902;2701;855;565;146;63;67;55;10;66;28;28;12;4;2;3;1;0;0;1;0;0;0;0;0;0;0;0;28,0;0,0;950,8;@@@SRISS;SW V7-0 (2020-04-06)
2020-08-16 18:18:13;2020-08-16 16:17:44;E10,906860;N48,358303;H490,0;10,0;9,0;8,5;7,6;37953;26254;17559;10435;2762;795;617;186;73;85;67;9;74;26;27;15;3;2;2;1;0;1;0;0;0;0;0;0;0;0;0;28,0;0,0;950,8;@@@SRISS;SW V7-0 (2020-04-06)
2020-08-16 18:23:13;2020-08-16 16:22:45;E10,906860;N48,358303;H490,0;10,2;9,0;8,5;7,8;39083;27061;18467;10985;2847;846;618;160;55;74;62;13;64;26;17;8;4;1;3;2;0;1;0;0;0;0;0;0;0;0;0;28,2;0,0;950,8;@@@SRISS;SW V7-0 (2020-04-06)
2020-08-16 18:28:13;2020-08-16 16:27:45;E10,906860;N48,358303;H490,0;9,2;8,7;8,4;7,8;39217;27244;18766;10869;2680;812;626;161;68;70;62;17;60;28;15;7;2;1;1;0;1;0;0;0;0;0;0;0;0;0;0;28,4;0,0;950,8;@@@SRISS;SW V7-0 (2020-04-06)
2020-08-16 18:33:13;2020-08-16 16:32:45;E10,906860;N48,358303;H490,0;13,3;10,7;9,3;7,6;37485;26043;17881;10220;2705;862;683;230;110;122;106;21;108;49;45;30;11;8;8;2;1;0;1;0;1;0;0;0;0;0;0;28,0;0,0;950,8;@@@SRISS;SW V7-0 (2020-04-06)
2020-08-16 18:38:13;2020-08-16 16:37:45;E10,906860;N48,358303;H490,0;8,9;8,5;8,0;7,2;36202;25192;16779;9852;2546;801;605;175;79;65;68;14;63;34;25;10;4;0;3;1;0;0;0;0;0;0;0;0;0;0;0;27,6;0,0;950,8;@@@SRISS;SW V7-0 (2020-04-06)
2020-08-16 18:43:14;2020-08-16 16:42:46;E10,906860;N48,358303;H490,0;10,2;8,7;8,2;7,3;36701;25407;16765;10091;2599;872;643;201;73;68;54;18;63;28;23;14;3;4;2;1;0;0;0;1;0;0;1;0;0;0;0;27,8;0,0;950,8;@@@SRISS;SW V7-0 (2020-04-06)
2020-08-16 18:48:14;2020-08-16 16:47:46;E10,906860;N48,358303;H490,0;9,4;8,4;7,9;7,2;35830;24981;17018;9844;2525;851;598;185;57;86;57;13;78;20;25;9;3;2;2;1;0;1;0;0;0;0;0;0;0;0;0;28,0;0,0;950,8;@@@SRISS;SW V7-0 (2020-04-06)
2020-08-16 18:53:14;2020-08-16 16:52:46;E10,906860;N48,358303;H490,0;8,4;8,2;7,9;7,1;35956;24689;17120;9860;2554;773;540;153;71;66;64;9;39;29;22;13;3;2;1;0;0;0;0;0;0;0;0;0;0;0;0;27,6;0,0;949,0;@@@SRISS;SW V7-0 (2020-04-06)
2020-08-16 18:58:14;2020-08-16 16:57:47;E10,906860;N48,358303;H490,0;8,8;8,3;8,0;7,4;36993;25890;17560;10306;2705;826;627;162;74;80;71;13;58;15;19;9;2;1;1;0;1;0;0;0;0;0;0;0;0;0;0;27,6;0,0;949,0;@@@SRISS;SW V7-0 (2020-04-06)
2020-08-16 19:03:14;2020-08-16 17:02:47;E10,906860;N48,358303;H490,0;9,3;8,8;8,4;7,6;37774;26419;18056;10885;2791;875;651;169;66;84;73;20;53;25;25;12;3;3;2;1;0;0;0;0;0;0;0;0;0;0;0;27,2;0,0;949,0;@@@SRISS;SW V7-0 (2020-04-06)
2020-08-16 19:08:14;2020-08-16 17:07:47;E10,906860;N48,358303;H490,0;9,2;8,8;8,3;7,6;37230;26641;18367;10921;2902;955;734;215;93;89;63;17;73;21;19;10;6;0;3;1;0;0;0;0;0;0;0;0;0;0;0;27,2;0,0;949,0;@@@SRISS;SW V7-0 (2020-04-06)
2020-08-16 19:13:14;2020-08-16 17:12:47;E10,906860;N48,358303;H490,0;9,2;8,5;8,1;7,4;36748;25591;18001;10779;2778;956;750;213;77;68;62;9;56;23;16;9;3;2;1;2;0;0;0;0;1;0;0;0;0;0;0;27,2;0,0;949,0;@@@SRISS;SW V7-0 (2020-04-06)
2020-08-16 19:18:14;2020-08-16 17:17:48;E10,906860;N48,358303;H490,0;9,5;8,6;8,0;7,1;35728;24958;17264;10077;2474;801;608;180;64;68;73;8;53;32;32;11;4;3;3;0;0;1;0;0;0;0;0;0;0;0;0;27,0;0,0;949,0;@@@SRISS;SW V7-0 (2020-04-06)
2020-08-16 19:23:14;2020-08-16 17:22:48;E10,906860;N48,358303;H490,0;9,9;8,4;8,0;7,2;35477;25192;17134;10431;2641;859;628;171;88;81;67;18;64;26;24;10;3;3;2;1;0;0;0;1;0;0;0;0;0;0;0;27,0;0,0;949,0;@@@SRISS;SW V7-0 (2020-04-06)
2020-08-16 19:28:14;2020-08-16 17:27:48;E10,906860;N48,358303;H490,0;9,6;8,4;7,9;7,2;35421;24654;16744;9926;2568;825;674;240;83;95;75;22;67;26;20;11;3;2;2;0;1;1;0;0;0;0;0;0;0;0;0;27,2;0,0;949,0;@@@SRISS;SW V7-0 (2020-04-06)
2020-08-16 19:33:14;2020-08-16 17:32:48;E10,906860;N48,358303;H490,0;9,7;8,4;7,9;7,1;35520;24873;17088;10052;2556;777;652;180;64;73;69;8;55;34;20;12;2;3;2;1;0;0;1;0;0;0;0;0;0;0;0;27,2;0,0;950,8;@@@SRISS;SW V7-0 (2020-04-06)
2020-08-16 19:38:14;2020-08-16 17:37:49;E10,906860;N48,358303;H490,0;9,7;8,7;8,2;7,5;37135;25489;17698;10908;2816;919;716;195;84;81;55;13;66;25;19;13;2;2;2;1;0;1;0;0;0;0;0;0;1;0;0;27,0;0,0;950,8;@@@SRISS;SW V7-0 (2020-04-06)
2020-08-16 19:43:14;2020-08-16 17:42:49;E10,906860;N48,358303;H490,0;9,9;9,1;8,6;7,9;38722;27188;18768;11230;2978;981;851;267;78;101;81;14;59;22;21;11;5;2;2;0;1;0;0;0;1;0;0;0;0;0;0;27,0;0,0;950,8;@@@SRISS;SW V7-0 (2020-04-06)
2020-08-16 19:48:14;2020-08-16 17:47:49;E10,906860;N48,358303;H490,0;10,8;9,4;8,7;7,9;38504;27122;18616;11249;3106;1038;818;278;79;105;80;15;73;28;21;15;4;4;3;1;0;0;1;0;0;0;0;0;0;0;0;27,0;0,0;950,8;@@@SRISS;SW V7-0 (2020-04-06)
2020-08-16 19:53:14;2020-08-16 17:52:50;E10,906860;N48,358303;H490,0;10,0;8,9;8,5;7,7;38142;25990;17656;10864;2838;932;778;276;85;102;67;15;76;35;18;9;3;2;1;2;0;1;0;0;0;0;0;0;0;0;0;27,2;0,0;950,8;@@@SRISS;SW V7-0 (2020-04-06)
2020-08-16 19:58:15;2020-08-16 17:57:50;E10,906860;N48,358303;H490,0;10,7;8,9;8,3;7,4;36886;25732;17421;10148;2780;896;632;181;73;80;57;13;46;38;31;15;3;3;4;0;1;0;0;1;0;1;0;0;0;0;0;27,0;0,0;950,8;@@@SRISS;SW V7-0 (2020-04-06)
2020-08-16 20:03:15;2020-08-16 18:02:50;E10,906860;N48,358303;H490,0;10,9;9,1;8,4;7,5;37606;26166;17783;10437;2658;822;638;178;62;65;70;6;65;27;22;16;6;3;4;1;1;0;1;0;0;0;0;0;0;0;0;26,8;0,0;950,8;@@@SRISS;SW V7-0 (2020-04-06)
2020-08-16 20:08:15;2020-08-16 18:07:50;E10,906860;N48,358303;H490,0;9,8;8,7;8,2;7,5;37455;25522;17884;10470;2684;800;598;146;64;79;69;12;49;27;24;10;4;3;1;1;0;1;0;0;1;0;0;0;0;0;0;26,4;0,0;950,8;@@@SRISS;SW V7-0 (2020-04-06)
2020-08-16 20:13:15;2020-08-16 18:12:51;E10,906860;N48,358303;H490,0;10,9;9,2;8,7;7,7;38549;26624;18314;11173;2927;901;628;190;75;93;70;12;66;26;29;16;4;1;3;0;1;0;0;1;0;0;1;0;0;0;0;26,6;0,0;949,0;@@@SRISS;SW V7-0 (2020-04-06)
2020-08-16 20:18:15;2020-08-16 18:17:51;E10,906860;N48,358303;H490,0;10,8;9,4;8,7;7,7;38553;27130;18695;11076;2944;925;669;183;68;75;52;12;62;36;25;13;4;5;3;2;0;1;0;0;1;0;0;0;0;0;0;26,4;0,0;949,0;@@@SRISS;SW V7-0 (2020-04-06)
2020-08-16 20:23:15;2020-08-16 18:22:51;E10,906860;N48,358303;H490,0;10,8;9,5;9,0;8,1;39479;27271;19082;11873;3391;1208;963;268;99;90;92;15;58;25;26;15;4;2;4;0;0;0;1;0;0;1;0;0;0;0;0;26,2;0,0;949,0;@@@SRISS;SW V7-0 (2020-04-06)
2020-08-16 20:28:15;2020-08-16 18:27:51;E10,906860;N48,358303;H490,0;9,9;9,3;8,8;8,0;38953;27047;18721;11473;3278;1040;1024;361;118;114;101;19;73;33;16;10;3;2;2;2;0;0;0;0;0;0;0;0;0;0;0;26,2;0,0;949,0;@@@SRISS;SW V7-0 (2020-04-06)
2020-08-16 20:33:15;2020-08-16 18:32:52;E10,906860;N48,358303;H490,0;10,1;9,5;9,0;8,1;39533;27289;18465;11092;3270;1092;986;312;114;118;89;13;82;38;24;12;3;2;2;1;0;0;0;0;1;0;0;1;0;1;0;26,0;0,0;950,8;@@@SRISS;SW V7-0 (2020-04-06)
2020-08-16 20:38:15;2020-08-16 18:37:52;E10,906860;N48,358303;H490,0;10,7;9,8;8,9;7,8;38523;26291;17665;10388;3023;959;761;268;102;105;80;22;71;35;32;18;8;4;5;2;0;0;0;0;0;0;0;0;0;0;0;26,2;0,0;952,5;@@@SRISS;SW V7-0 (2020-04-06)
2020-08-16 20:43:15;2020-08-16 18:42:52;E10,906860;N48,358303;H490,0;10,3;9,3;8,7;7,9;39717;27302;18000;10606;2884;909;724;216;87;89;67;22;51;20;27;15;3;3;2;1;0;1;0;0;0;0;1;0;0;0;0;26,2;0,0;952,5;@@@SRISS;SW V7-0 (2020-04-06)
2020-08-16 20:48:15;2020-08-16 18:47:53;E10,906860;N48,358303;H490,0;11,5;9,9;9,2;8,2;41533;27744;18872;10894;2958;922;773;228;102;87;76;11;55;37;29;17;4;3;3;2;0;0;1;0;0;0;0;0;0;0;0;26,0;0,0;950,8;@@@SRISS;SW V7-0 (2020-04-06)
2020-08-16 20:53:15;2020-08-16 18:52:53;E10,906860;N48,358303;H490,0;12,2;10,0;9,1;8,0;40016;27539;18429;10913;2841;846;658;217;59;70;69;16;66;31;34;28;5;4;4;1;0;1;0;1;0;0;0;0;0;0;0;25,8;0,0;950,8;@@@SRISS;SW V7-0 (2020-04-06)
2020-08-16 20:58:15;2020-08-16 18:57:53;E10,906860;N48,358303;H490,0;11,3;9,4;8,8;7,9;39949;27141;18261;10898;2879;871;658;188;68;81;54;14;64;23;27;11;5;4;2;1;1;0;1;0;1;0;0;1;0;0;0;26,0;0,0;950,8;@@@SRISS;SW V7-0 (2020-04-06)
2020-08-16 21:03:15;2020-08-16 19:02:53;E10,906860;N48,358303;H490,0;12,1;10,0;9,2;8,2;40940;27767;18945;10999;3059;988;731;210;70;89;66;11;59;40;33;20;3;3;4;2;1;0;0;1;0;1;0;0;0;0;0;25,8;0,0;950,8;@@@SRISS;SW V7-0 (2020-04-06)
2020-08-16 21:08:16;2020-08-16 19:07:54;E10,906860;N48,358303;H490,0;13,2;11,1;9,9;8,4;42064;28473;19022;11416;3205;1003;722;240;82;113;92;22;89;39;45;30;8;5;5;4;0;1;0;0;1;0;0;0;0;0;0;25,6;0,0;950,8;@@@SRISS;SW V7-0 (2020-04-06)
2020-08-16 21:13:16;2020-08-16 19:12:54;E10,906860;N48,358303;H490,0;16,2;11,9;10,3;8,4;42046;29165;19320;11475;3194;999;752;236;94;78;92;9;96;41;66;38;7;7;10;4;2;0;1;1;0;1;0;0;0;0;0;25,4;0,0;950,8;@@@SRISS;SW V7-0 (2020-04-06)
2020-08-16 21:18:16;2020-08-16 19:17:54;E10,906860;N48,358303;H490,0;14,1;10,8;9,6;8,4;42176;29306;19589;11479;3110;967;759;237;82;97;93;13;67;36;35;20;7;4;8;4;0;0;1;1;0;0;0;0;0;0;0;25,4;0,0;950,8;@@@SRISS;SW V7-0 (2020-04-06)
2020-08-16 21:23:16;2020-08-16 19:22:54;E10,906860;N48,358303;H490,0;13,1;10,6;9,6;8,6;43343;29300;19863;11670;3114;968;710;220;69;78;63;15;66;33;27;18;9;3;6;3;1;0;1;0;1;0;0;0;1;0;0;25,4;0,0;950,8;@@@SRISS;SW V7-0 (2020-04-06)
2020-08-16 21:28:16;2020-08-16 19:27:55;E10,906860;N48,358303;H490,0;10,7;9,8;9,3;8,4;42395;29025;19994;12030;3202;988;738;180;68;68;66;12;53;26;27;12;3;5;2;0;0;1;0;0;0;0;0;0;0;0;0;25,0;0,0;950,8;@@@SRISS;SW V7-0 (2020-04-06)
2020-08-16 21:33:16;2020-08-16 19:32:55;E10,906860;N48,358303;H490,0;10,6;9,9;9,4;8,4;42386;29125;20032;11962;3112;963;682;227;69;73;56;10;62;28;30;16;4;1;3;0;1;0;0;0;0;0;0;0;0;0;0;24,8;0,0;950,8;@@@SRISS;SW V7-0 (2020-04-06)
2020-08-16 21:38:16;2020-08-16 19:37:55;E10,906860;N48,358303;H490,0;10,4;9,9;9,4;8,4;41882;29260;20147;11949;3180;951;681;184;57;86;70;12;69;33;32;17;4;1;3;1;0;0;0;0;0;0;1;0;0;0;0;24,8;0,0;950,8;@@@SRISS;SW V7-0 (2020-04-06)
2020-08-16 21:43:16;2020-08-16 19:42:56;E10,906860;N48,358303;H490,0;9,9;9,6;9,2;8,5;42461;29939;20498;12302;3417;976;670;188;79;71;73;12;50;21;19;13;4;2;2;0;0;0;0;0;0;0;0;0;0;0;0;24,8;0,0;950,8;@@@SRISS;SW V7-0 (2020-04-06)
2020-08-16 21:48:16;2020-08-16 19:47:56;E10,906860;N48,358303;H490,0;11,0;10,5;10,0;9,2;45589;31728;21685;13190;3504;1166;870;242;80;89;79;16;74;29;25;13;2;1;3;1;0;0;0;0;0;0;0;0;0;0;0;24,8;0,0;950,8;@@@SRISS;SW V7-0 (2020-04-06)
2020-08-16 21:53:16;2020-08-16 19:52:56;E10,906860;N48,358303;H490,0;10,4;10,0;9,5;8,7;43134;30199;21019;12824;3524;1047;834;195;86;76;74;25;61;38;20;8;4;3;2;1;0;0;0;0;0;0;0;0;0;0;0;24,8;0,0;950,8;@@@SRISS;SW V7-0 (2020-04-06)
2020-08-16 21:58:16;2020-08-16 19:57:56;E10,906860;N48,358303;H490,0;11,6;10,2;9,5;8,7;43350;30352;21443;12978;3439;1053;746;201;62;76;62;14;56;30;24;11;4;2;3;3;0;1;0;0;0;0;0;0;0;0;0;24,6;0,0;950,8;@@@SRISS;SW V7-0 (2020-04-06)
2020-08-16 22:03:16;2020-08-16 20:02:57;E10,906860;N48,358303;H490,0;11,5;10,7;10,1;9,0;44053;31109;21571;13275;3680;1147;890;268;116;95;85;14;77;38;34;18;4;2;3;2;0;0;0;0;0;0;0;0;0;0;0;24,6;0,0;950,8;@@@SRISS;SW V7-0 (2020-04-06)
2020-08-16 22:08:16;2020-08-16 20:07:57;E10,906860;N48,358303;H490,0;12,0;10,7;10,1;9,2;45657;31754;21949;13495;3620;1179;858;214;86;81;67;17;68;25;27;13;6;2;4;0;0;0;1;0;0;0;0;0;0;0;0;24,6;0,0;950,8;@@@SRISS;SW V7-0 (2020-04-06)
2020-08-16 22:13:16;2020-08-16 20:12:57;E10,906860;N48,358303;H490,0;10,7;10,3;9,9;9,2;45897;31772;21941;13431;3674;1127;913;234;87;75;48;10;44;27;22;12;3;1;2;1;0;0;0;0;0;0;0;0;0;0;0;24,6;0,0;950,8;@@@SRISS;SW V7-0 (2020-04-06)
2020-08-16 22:18:17;2020-08-16 20:17:57;E10,906860;N48,358303;H490,0;12,4;10,6;10,2;9,3;46332;32209;22133;13023;3682;1152;811;251;92;68;64;11;63;38;26;12;3;2;1;1;1;0;0;1;0;0;0;0;0;0;0;24,8;0,0;950,8;@@@SRISS;SW V7-0 (2020-04-06)
2020-08-16 22:23:17;2020-08-16 20:22:58;E10,906860;N48,358303;H490,0;12,0;10,8;10,4;9,7;48504;33716;23326;13922;3869;1169;835;229;81;83;53;16;51;27;20;11;4;1;1;1;0;0;1;0;0;0;0;0;0;0;0;24,6;0,0;950,8;@@@SRISS;SW V7-0 (2020-04-06)
2020-08-16 22:28:17;2020-08-16 20:27:58;E10,906860;N48,358303;H490,0;15,0;12,1;11,1;9,9;48580;33782;23254;14301;4035;1241;955;305;106;102;88;19;80;31;38;25;3;4;6;2;3;0;1;0;0;1;0;0;0;0;0;24,8;0,0;950,8;@@@SRISS;SW V7-0 (2020-04-06)
2020-08-16 22:33:17;2020-08-16 20:32:58;E10,906860;N48,358303;H490,0;12,4;11,4;10,9;9,9;48541;34031;23723;14874;4126;1386;1037;247;92;109;72;16;69;30;33;15;3;2;2;1;0;1;0;0;0;0;0;0;0;0;0;24,8;0,0;950,8;@@@SRISS;SW V7-0 (2020-04-06)
2020-08-16 22:38:17;2020-08-16 20:37:59;E10,906860;N48,358303;H490,0;10,8;10,6;10,3;9,7;47443;32947;23837;14874;4124;1387;1038;235;90;81;63;16;39;23;15;9;5;2;1;0;0;0;0;0;0;0;0;0;0;0;0;24,6;0,0;950,8;@@@SRISS;SW V7-0 (2020-04-06)
2020-08-16 22:43:17;2020-08-16 20:42:59;E10,906860;N48,358303;H490,0;11,5;11,1;10,6;9,7;47318;33227;23938;15277;4253;1413;1036;275;88;95;80;12;64;33;27;11;3;1;3;1;0;0;0;0;0;0;0;0;0;0;0;24,5;0,0;950,8;@@@SRISS;SW V7-0 (2020-04-06)
2020-08-16 22:48:17;2020-08-16 20:47:59;E10,906860;N48,358303;H490,0;11,6;10,9;10,4;9,6;46548;32825;24036;15393;4367;1464;1079;275;79;87;70;7;63;32;25;9;2;1;4;0;1;0;0;0;0;0;0;0;0;0;0;24,5;0,0;950,8;@@@SRISS;SW V7-0 (2020-04-06)
2020-08-16 22:53:17;2020-08-16 20:52:59;E10,906860;N48,358303;H490,0;11,4;11,0;10,5;9,7;47037;33269;24152;15464;4410;1564;1027;285;92;81;52;10;76;23;25;11;4;1;2;1;0;0;0;0;0;0;0;0;0;0;0;24,6;0,0;950,8;@@@SRISS;SW V7-0 (2020-04-06)
2020-08-16 22:58:17;2020-08-16 20:58:00;E10,906860;N48,358303;H490,0;12,0;11,6;11,1;10,3;49426;35850;25938;17291;5047;1681;1216;285;103;85;67;13;54;24;23;14;3;3;1;1;0;0;0;0;0;0;0;0;0;0;0;24,5;0,0;950,8;@@@SRISS;SW V7-0 (2020-04-06)
2020-08-16 23:03:17;2020-08-16 21:03:00;E10,906860;N48,358303;H490,0;11,6;11,2;10,8;10,0;48024;34575;25127;16139;4638;1543;985;237;95;93;61;18;62;32;26;15;3;2;0;1;0;0;0;0;0;0;0;0;0;0;0;24,3;0,0;950,8;@@@SRISS;SW V7-0 (2020-04-06)
2020-08-16 23:08:17;2020-08-16 21:08:00;E10,906860;N48,358303;H490,0;11,9;11,6;11,1;10,2;49075;35443;25752;16610;4835;1538;1125;259;88;91;70;14;93;38;21;8;3;2;4;0;0;0;0;0;0;0;0;0;0;0;0;24,1;0,0;950,8;@@@SRISS;SW V7-0 (2020-04-06)
2020-08-16 23:13:18;2020-08-16 21:13:01;E10,906860;N48,358303;H490,0;11,6;11,2;10,9;10,2;48706;35262;25622;16556;4756;1593;1159;281;100;82;65;9;72;32;18;11;2;1;1;1;0;0;0;0;0;0;0;0;0;0;0;24,3;0,0;950,8;@@@SRISS;SW V7-0 (2020-04-06)
2020-08-16 23:18:18;2020-08-16 21:18:01;E10,906860;N48,358303;H490,0;11,4;11,2;10,8;10,1;48909;35017;25404;16840;4720;1523;1036;259;99;84;61;19;41;31;24;9;3;0;2;0;0;0;0;0;0;0;0;0;0;0;0;23,9;0,0;950,8;@@@SRISS;SW V7-0 (2020-04-06)
2020-08-16 23:23:18;2020-08-16 21:23:01;E10,906860;N48,358303;H490,0;11,6;11,2;10,8;10,1;48672;35259;25487;16918;4785;1524;1057;255;73;86;75;16;47;22;23;10;2;2;2;1;0;0;0;0;0;0;0;0;0;0;0;24,1;0,0;950,8;@@@SRISS;SW V7-0 (2020-04-06)
2020-08-16 23:28:18;2020-08-16 21:28:01;E10,906860;N48,358303;H490,0;11,3;11,2;10,9;10,2;49039;35559;26378;16899;4728;1543;1132;265;82;72;72;8;47;27;17;12;3;1;1;0;0;0;0;0;0;0;0;0;0;0;0;24,1;0,0;950,8;@@@SRISS;SW V7-0 (2020-04-06)
***begin of header***
date&time [local time];date&time [UTC];longitude [°];lattitude [°];height [m];PM10 [ug/m3];PM4 [ug/m3];PM2.5 [ug/m3];PM1 [ug/m3];0,25 µm;0,28 µm;0,30 µm;0,35 µm;0,40 µm;0,45 µm;0,50 µm;0,58 µm;0,65 µm;0,70 µm;0,80 µm;1,00 µm;1,30 µm;1,60 µm;2,00 µm;2,50 µm;3,00 µm;3,50 µm;4,00 µm;5,00 µm;6,50 µm;7,50 µm;8,50 µm;10,00 µm;12,50 µm;15,00 µm;17,50 µm;20,00 µm;25,00 µm;30,00 µm;32,00 µm;Temp. [°C]; humidity [%rH]; pressure [hPa];serial-No;software-version
***end of header***

2020-08-16 23:42:10;2020-08-16 21:42:03;E10,906860;N48,358303;H490,0;11,9;11,5;11,0;10,2;48968;34914;25893;16925;4731;1543;1106;262;100;82;71;24;54;26;29;11;3;2;2;1;0;0;0;0;0;0;0;0;0;0;0;23,9;0,0;950,8;@@@SRISS;SW V7-0 (2020-04-06)
2020-08-16 23:47:10;2020-08-16 21:47:03;E10,906860;N48,358303;H490,0;12,1;11,6;11,0;10,1;48520;35404;25749;16605;4828;1587;1092;255;62;90;74;10;66;35;29;13;3;2;3;1;0;0;0;0;0;0;0;0;0;0;0;23,9;0,0;950,8;@@@SRISS;SW V7-0 (2020-04-06)
2020-08-16 23:52:10;2020-08-16 21:52:03;E10,906860;N48,358303;H490,0;12,0;11,3;10,8;10,0;47944;35050;25355;16505;4749;1554;1145;307;83;89;56;14;51;36;24;11;4;2;1;1;1;0;0;0;0;0;0;0;0;0;0;23,7;0,0;950,8;@@@SRISS;SW V7-0 (2020-04-06)
2020-08-16 23:57:10;2020-08-16 21:57:04;E10,906860;N48,358303;H490,0;12,4;11,3;10,8;10,0;48603;34703;25604;16171;4655;1553;1034;251;78;78;60;12;52;25;26;12;3;1;3;1;0;1;0;0;0;0;0;0;0;0;0;23,1;0,0;950,8;@@@SRISS;SW V7-0 (2020-04-06)
