***begin of header***
date&time [local time];serial-no;type;PM10 [ug/m3];PM2.5 [ug/m3];PM1 [ug/m3];0,35 [um];0,46 [um];0,66 [um];1,0 [um];1,3 [um];1,7 [um];2,3 [um];3,0 [um];4,0 [um];5,2 [um];6,5 [um];8,0 [um];10 [um];12 [um];14 [um];16 [um];18 [um];20 [um];22 [um];25 [um];28 [um];31 [um];34 [um];37 [um];serial-OPC;T-out [°C];T-aerosol [°C];rH [%];date&time [UTC];longitude [°];latitude [°];height [m];time-resolution [s];software-version;last calibration [local time];configuration version
***end of header***
2020-08-17 00:00:06;SN19001;measure;14,11;11,21;10,62;49771,9;2320,2;476,3;122,5;129,3;95,3;68,0;20,4;20,4;13,6;6,8;6,8;6,8;0,0;0,0;0,0;0,0;0,0;0,0;0,0;0,0;0,0;0,0;0,0;177340604;22,5;33,4;35,3;2020-08-16 22:00:06;E10,856092;N48,389545;500,300;300;SW V1-11 (2020-06-17);2019-06-11 14:16:04;original set-up
2020-08-17 00:05:06;SN19001;measure;12,84;10,53;10,01;45811,7;2278,1;437,6;125,0;125,0;83,3;41,7;20,8;34,7;0,0;0,0;6,9;6,9;0,0;0,0;0,0;0,0;0,0;0,0;0,0;0,0;0,0;0,0;0,0;177340604;22,7;33,3;34,9;2020-08-16 22:05:06;E10,856145;N48,389517;499,800;300;SW V1-11 (2020-06-17);2019-06-11 14:16:04;original set-up
2020-08-17 00:10:06;SN19001;measure;10,12;9,28;8,85;40252,9;1803,1;319,8;102,1;74,8;47,6;40,8;27,2;27,2;0,0;0,0;0,0;0,0;0,0;0,0;0,0;0,0;0,0;0,0;0,0;0,0;0,0;0,0;0,0;177340604;22,6;33,2;34,5;2020-08-16 22:10:06;E10,856183;N48,389518;498,600;300;SW V1-11 (2020-06-17);2019-06-11 14:16:04;original set-up
2020-08-17 00:15:06;SN19001;measure;10,57;8,17;7,85;35439,7;1674,1;475,3;85,1;85,1;28,4;14,2;42,6;14,2;14,2;0,0;14,2;0,0;0,0;0,0;0,0;0,0;0,0;0,0;0,0;0,0;0,0;0,0;0,0;177340604;22,4;33,1;33,9;2020-08-16 22:15:06;E10,856153;N48,389583;489,300;300;SW V1-11 (2020-06-17);2019-06-11 14:16:04;original set-up
2020-08-17 00:20:06;SN19001;measure;7,26;6,41;6,08;26780,9;1286,0;306,2;129,3;54,4;40,8;40,8;0,0;13,6;0,0;0,0;6,8;0,0;0,0;0,0;0,0;0,0;0,0;0,0;0,0;0,0;0,0;0,0;0,0;177340604;22,4;33,0;32,9;2020-08-16 22:20:06;E10,856122;N48,389617;488,300;300;SW V1-11 (2020-06-17);2019-06-11 14:16:04;original set-up
2020-08-17 00:25:06;SN19001;measure;6,72;5,71;5,23;22657,0;1347,8;276,7;106,4;92,2;63,8;63,8;7,1;7,1;7,1;7,1;0,0;0,0;0,0;0,0;0,0;0,0;0,0;0,0;0,0;0,0;0,0;0,0;0,0;177340604;22,4;33,0;32,1;2020-08-16 22:25:06;E10,856088;N48,389577;489,400;300;SW V1-11 (2020-06-17);2019-06-11 14:16:04;original set-up
2020-08-17 00:30:06;SN19001;measure;6,57;5,62;5,08;21639,4;1130,1;372,0;105,3;84,2;77,2;63,2;21,1;7,0;14,0;0,0;0,0;0,0;0,0;0,0;0,0;0,0;0,0;0,0;0,0;0,0;0,0;0,0;0,0;177340604;22,4;32,9;31,5;2020-08-16 22:30:06;E10,856050;N48,389617;490,500;300;SW V1-11 (2020-06-17);2019-06-11 14:16:04;original set-up
2020-08-17 00:35:06;SN19001;measure;5,49;5,35;5,01;21300,7;1269,7;269,5;92,2;99,3;42,6;35,5;14,2;0,0;0,0;0,0;0,0;0,0;0,0;0,0;0,0;0,0;0,0;0,0;0,0;0,0;0,0;0,0;0,0;177340604;22,3;32,8;31,2;2020-08-16 22:35:06;E10,856140;N48,389597;489,400;300;SW V1-11 (2020-06-17);2019-06-11 14:16:04;original set-up
2020-08-17 00:40:06;SN19001;measure;9,23;6,24;5,79;24742,5;1248,5;297,9;106,4;78,0;70,9;35,5;14,2;28,4;7,1;14,2;0,0;7,1;0,0;0,0;0,0;0,0;0,0;0,0;0,0;0,0;0,0;0,0;0,0;177340604;22,2;32,8;31,1;2020-08-16 22:40:06;E10,856252;N48,389643;489,500;300;SW V1-11 (2020-06-17);2019-06-11 14:16:04;original set-up
2020-08-17 00:45:06;SN19001;measure;8,74;6,61;6,05;25831,3;1116,2;297,2;116,0;94,2;72,5;43,5;36,2;29,0;14,5;7,2;0,0;0,0;0,0;0,0;0,0;0,0;0,0;0,0;0,0;0,0;0,0;0,0;0,0;177340604;22,4;32,8;31,3;2020-08-16 22:45:06;E10,856245;N48,389533;490,600;300;SW V1-11 (2020-06-17);2019-06-11 14:16:04;original set-up
2020-08-17 00:50:06;SN19001;measure;7,33;6,35;6,10;26389,3;1427,8;297,2;72,5;79,7;43,5;14,5;7,2;14,5;14,5;0,0;0,0;0,0;0,0;0,0;0,0;0,0;0,0;0,0;0,0;0,0;0,0;0,0;0,0;177340604;22,0;32,7;31,6;2020-08-16 22:50:06;E10,856135;N48,389587;491,000;300;SW V1-11 (2020-06-17);2019-06-11 14:16:04;original set-up
2020-08-17 00:55:06;SN19001;measure;7,32;6,65;6,24;26920,3;1532,2;340,5;85,1;106,4;63,8;21,3;35,5;14,2;0,0;0,0;0,0;0,0;0,0;0,0;0,0;0,0;0,0;0,0;0,0;0,0;0,0;0,0;0,0;177340604;22,1;32,7;31,7;2020-08-16 22:55:06;E10,856187;N48,389648;491,900;300;SW V1-11 (2020-06-17);2019-06-11 14:16:04;original set-up
2020-08-17 01:00:06;SN19001;measure;7,38;6,79;6,41;27599,7;1275,6;369,6;65,2;108,7;50,7;50,7;7,2;0,0;0,0;7,2;0,0;0,0;0,0;0,0;0,0;0,0;0,0;0,0;0,0;0,0;0,0;0,0;0,0;177340604;22,2;32,7;31,6;2020-08-16 23:00:06;E10,855987;N48,389465;495,200;300;SW V1-11 (2020-06-17);2019-06-11 14:16:04;original set-up
2020-08-17 01:05:06;SN19001;measure;7,30;6,56;6,18;26875,9;1369,0;340,5;113,5;85,1;63,8;42,6;0,0;7,1;0,0;0,0;7,1;0,0;0,0;0,0;0,0;0,0;0,0;0,0;0,0;0,0;0,0;0,0;0,0;177340604;21,9;32,6;31,8;2020-08-16 23:05:06;E10,856253;N48,389682;499,100;300;SW V1-11 (2020-06-17);2019-06-11 14:16:04;original set-up
2020-08-17 01:10:06;SN19001;measure;8,69;6,76;6,34;27650,9;1390,3;397,2;78,0;56,7;78,0;35,5;14,2;28,4;14,2;0,0;7,1;0,0;0,0;0,0;0,0;0,0;0,0;0,0;0,0;0,0;0,0;0,0;0,0;177340604;21,8;32,6;31,8;2020-08-16 23:10:06;E10,856120;N48,389573;496,000;300;SW V1-11 (2020-06-17);2019-06-11 14:16:04;original set-up
2020-08-17 01:15:06;SN19001;measure;7,99;6,61;6,24;27100,2;1445,9;442,2;91,2;70,2;63,2;28,1;14,0;21,1;7,0;7,0;0,0;0,0;0,0;0,0;0,0;0,0;0,0;0,0;0,0;0,0;0,0;0,0;0,0;177340604;21,8;32,5;31,8;2020-08-16 23:15:06;E10,856145;N48,389648;494,900;300;SW V1-11 (2020-06-17);2019-06-11 14:16:04;original set-up
2020-08-17 01:20:06;SN19001;measure;6,51;6,13;5,88;25408,4;1419,5;380,0;114,7;86,0;50,2;7,2;7,2;14,3;0,0;0,0;0,0;0,0;0,0;0,0;0,0;0,0;0,0;0,0;0,0;0,0;0,0;0,0;0,0;177340604;21,8;32,5;31,8;2020-08-16 23:20:06;E10,856120;N48,389623;494,700;300;SW V1-11 (2020-06-17);2019-06-11 14:16:04;original set-up
2020-08-17 01:25:06;SN19001;measure;6,84;6,44;6,07;26532,3;1256,9;329,5;84,3;61,3;46,0;38,3;23,0;7,7;0,0;0,0;0,0;0,0;0,0;0,0;0,0;0,0;0,0;0,0;0,0;0,0;0,0;0,0;0,0;177340604;21,6;32,4;31,9;2020-08-16 23:25:06;E10,856080;N48,389600;493,500;300;SW V1-11 (2020-06-17);2019-06-11 14:16:04;original set-up
2020-08-17 01:30:06;SN19001;measure;7,42;5,72;5,54;24385,8;1128,4;256,5;51,3;73,3;44,0;14,7;0,0;0,0;14,7;7,3;7,3;0,0;0,0;0,0;0,0;0,0;7,3;0,0;0,0;0,0;0,0;0,0;0,0;177340604;21,7;32,3;32,6;2020-08-16 23:30:06;E10,856118;N48,389562;488,400;300;SW V1-11 (2020-06-17);2019-06-11 14:16:04;original set-up
2020-08-17 01:35:06;SN19001;measure;7,60;5,99;5,61;24450,1;1106,4;359,0;95,3;109,9;73,3;22,0;29,3;0,0;7,3;14,7;0,0;0,0;0,0;0,0;0,0;0,0;0,0;0,0;0,0;0,0;0,0;0,0;0,0;177340604;21,6;32,2;32,2;2020-08-16 23:35:06;E10,856210;N48,389638;487,300;300;SW V1-11 (2020-06-17);2019-06-11 14:16:04;original set-up
2020-08-17 01:40:06;SN19001;measure;7,81;6,09;5,84;25287,1;1260,3;307,8;109,9;58,6;29,3;14,7;22,0;0,0;22,0;0,0;7,3;0,0;0,0;0,0;0,0;0,0;0,0;0,0;0,0;0,0;7,3;0,0;0,0;177340604;21,8;32,2;32,2;2020-08-16 23:40:06;E10,856118;N48,389705;489,900;300;SW V1-11 (2020-06-17);2019-06-11 14:16:04;original set-up
2020-08-17 01:45:06;SN19001;measure;7,49;6,35;5,80;24982,1;1333,5;319,2;120,6;99,3;63,8;78,0;14,2;0,0;0,0;14,2;0,0;0,0;0,0;0,0;0,0;0,0;0,0;0,0;0,0;0,0;0,0;0,0;0,0;177340604;21,9;32,1;32,5;2020-08-16 23:45:06;E10,856078;N48,389683;489,900;300;SW V1-11 (2020-06-17);2019-06-11 14:16:04;original set-up
2020-08-17 01:50:06;SN19001;measure;9,70;7,25;6,78;29410,1;1702,5;404,3;56,7;70,9;70,9;49,7;14,2;28,4;7,1;7,1;0,0;7,1;0,0;0,0;0,0;0,0;0,0;0,0;0,0;0,0;0,0;0,0;0,0;177340604;21,9;32,1;32,6;2020-08-16 23:50:06;E10,856092;N48,389578;490,300;300;SW V1-11 (2020-06-17);2019-06-11 14:16:04;original set-up
2020-08-17 01:55:06;SN19001;measure;9,11;7,98;7,54;32791,3;1743,4;451,5;111,1;83,4;41,7;69,5;6,9;0,0;0,0;6,9;6,9;0,0;0,0;0,0;0,0;0,0;0,0;0,0;0,0;0,0;0,0;0,0;0,0;177340604;21,9;32,1;32,8;2020-08-16 23:55:06;E10,856122;N48,389613;490,500;300;SW V1-11 (2020-06-17);2019-06-11 14:16:04;original set-up
2020-08-17 02:00:06;SN19001;measure;9,09;8,30;7,85;34305,5;1917,1;423,7;104,2;125,0;62,5;41,7;20,8;13,9;6,9;0,0;0,0;0,0;0,0;0,0;0,0;0,0;0,0;0,0;0,0;0,0;0,0;0,0;0,0;177340604;21,8;32,1;32,9;2020-08-17 00:00:06;E10,856155;N48,389662;490,000;300;SW V1-11 (2020-06-17);2019-06-11 14:16:04;original set-up
2020-08-17 02:05:06;SN19001;measure;9,26;8,35;7,85;34671,3;1768,9;387,8;108,9;129,3;88,4;54,4;6,8;13,6;13,6;0,0;0,0;0,0;0,0;0,0;0,0;0,0;0,0;0,0;6,8;0,0;0,0;0,0;0,0;177340604;21,6;32,1;33,2;2020-08-17 00:05:06;E10,856147;N48,389623;490,600;300;SW V1-11 (2020-06-17);2019-06-11 14:16:04;original set-up
2020-08-17 02:10:06;SN19001;measure;9,24;8,26;7,96;35053,3;1771,1;333,4;138,9;118,1;48,6;20,8;6,9;6,9;6,9;6,9;0,0;0,0;0,0;0,0;0,0;0,0;0,0;0,0;0,0;0,0;0,0;0,0;0,0;177340604;21,8;32,1;33,3;2020-08-17 00:10:06;E10,856178;N48,389632;491,000;300;SW V1-11 (2020-06-17);2019-06-11 14:16:04;original set-up
2020-08-17 02:15:06;SN19001;measure;9,90;8,37;8,07;35426,4;2029,1;458,9;114,7;107,5;57,4;7,2;21,5;7,2;14,3;0,0;7,2;0,0;0,0;0,0;0,0;0,0;0,0;0,0;0,0;0,0;0,0;0,0;0,0;177340604;21,8;32,1;33,4;2020-08-17 00:15:06;E10,856175;N48,389583;488,700;300;SW V1-11 (2020-06-17);2019-06-11 14:16:04;original set-up
2020-08-17 02:20:06;SN19001;measure;9,30;8,38;8,02;35444,6;1868,4;507,0;97,2;104,2;83,4;20,8;6,9;13,9;13,9;0,0;0,0;0,0;0,0;0,0;0,0;0,0;0,0;0,0;0,0;0,0;0,0;0,0;0,0;177340604;21,7;32,0;33,5;2020-08-17 00:20:06;E10,856128;N48,389520;485,500;300;SW V1-11 (2020-06-17);2019-06-11 14:16:04;original set-up
2020-08-17 02:25:06;SN19001;measure;10,44;9,18;8,63;38039,8;2347,5;444,5;90,3;69,5;90,3;62,5;20,8;13,9;6,9;6,9;0,0;0,0;0,0;0,0;0,0;0,0;0,0;0,0;0,0;0,0;0,0;0,0;0,0;177340604;21,9;32,0;33,8;2020-08-17 00:25:06;E10,856167;N48,389572;485,900;300;SW V1-11 (2020-06-17);2019-06-11 14:16:04;original set-up
2020-08-17 02:30:06;SN19001;measure;9,79;8,95;8,48;37505,0;2173,9;527,8;138,9;104,2;83,3;41,7;20,8;6,9;0,0;6,9;0,0;0,0;0,0;0,0;0,0;0,0;0,0;0,0;0,0;0,0;0,0;0,0;0,0;177340604;21,8;32,0;33,9;2020-08-17 00:30:06;E10,856115;N48,389637;486,400;300;SW V1-11 (2020-06-17);2019-06-11 14:16:04;original set-up
2020-08-17 02:35:06;SN19001;measure;8,28;7,66;7,18;32193,9;1618,4;333,4;76,4;97,2;76,4;34,7;48,6;6,9;0,0;0,0;0,0;0,0;0,0;0,0;0,0;0,0;0,0;0,0;0,0;0,0;0,0;0,0;0,0;177340604;21,6;32,0;34,0;2020-08-17 00:35:06;E10,856230;N48,389625;486,000;300;SW V1-11 (2020-06-17);2019-06-11 14:16:04;original set-up
2020-08-17 02:40:06;SN19001;measure;9,05;6,75;6,36;28436,2;1625,3;333,4;125,0;125,0;55,6;13,9;20,8;41,7;6,9;13,9;0,0;0,0;0,0;0,0;0,0;0,0;0,0;0,0;0,0;0,0;0,0;0,0;0,0;177340604;21,5;32,0;34,0;2020-08-17 00:40:06;E10,856167;N48,389652;487,400;300;SW V1-11 (2020-06-17);2019-06-11 14:16:04;original set-up
2020-08-17 02:45:06;SN19001;measure;7,34;6,76;6,27;28095,9;1723,6;361,8;106,4;156,0;70,9;42,6;28,4;14,2;0,0;0,0;0,0;0,0;0,0;0,0;0,0;0,0;0,0;0,0;0,0;0,0;0,0;0,0;0,0;177340604;21,4;31,9;34,1;2020-08-17 00:45:06;E10,856135;N48,389618;489,000;300;SW V1-11 (2020-06-17);2019-06-11 14:16:04;original set-up
2020-08-17 02:50:06;SN19001;measure;8,19;6,83;6,35;28511,0;1530,1;343,9;161,4;168,5;63,2;42,1;21,1;14,0;0,0;0,0;0,0;7,0;0,0;0,0;0,0;0,0;0,0;0,0;0,0;0,0;0,0;0,0;0,0;177340604;21,4;31,9;34,2;2020-08-17 00:50:06;E10,856175;N48,389613;489,900;300;SW V1-11 (2020-06-17);2019-06-11 14:16:04;original set-up
2020-08-17 02:55:06;SN19001;measure;8,58;6,71;6,41;28771,7;1553,5;418,5;113,5;99,3;35,5;35,5;7,1;0,0;7,1;14,2;7,1;0,0;0,0;0,0;0,0;0,0;0,0;0,0;0,0;0,0;0,0;0,0;0,0;177340604;21,4;31,9;34,3;2020-08-17 00:55:06;E10,856097;N48,389568;493,700;300;SW V1-11 (2020-06-17);2019-06-11 14:16:04;original set-up
2020-08-17 03:00:06;SN19001;measure;9,59;8,56;8,18;36631,9;2547,9;751,0;161,4;112,3;84,2;21,1;14,0;7,0;7,0;7,0;0,0;0,0;0,0;0,0;0,0;0,0;0,0;0,0;0,0;0,0;0,0;0,0;0,0;177340604;21,3;31,8;34,4;2020-08-17 01:00:06;E10,856207;N48,389613;492,700;300;SW V1-11 (2020-06-17);2019-06-11 14:16:04;original set-up
2020-08-17 03:05:06;SN19001;measure;10,28;7,82;7,34;33191,0;2064,2;404,3;141,9;70,9;78,0;42,6;28,4;14,2;14,2;7,1;0,0;7,1;0,0;0,0;0,0;0,0;0,0;0,0;0,0;0,0;0,0;0,0;0,0;177340604;21,2;31,8;34,4;2020-08-17 01:05:06;E10,856202;N48,389630;492,800;300;SW V1-11 (2020-06-17);2019-06-11 14:16:04;original set-up
2020-08-17 03:10:06;SN19001;measure;7,99;6,94;6,59;29999,0;1635,4;463,3;91,2;112,3;63,2;28,1;7,0;21,1;14,0;0,0;0,0;0,0;0,0;0,0;7,0;0,0;0,0;0,0;0,0;0,0;0,0;0,0;0,0;177340604;21,0;31,7;34,3;2020-08-17 01:10:06;E10,856188;N48,389550;493,000;300;SW V1-11 (2020-06-17);2019-06-11 14:16:04;original set-up
2020-08-17 03:15:06;SN19001;measure;8,41;6,70;6,28;28665,2;1448,3;329,8;114,7;107,5;57,4;43,0;7,2;28,7;0,0;7,2;7,2;0,0;0,0;0,0;7,2;0,0;0,0;0,0;0,0;0,0;0,0;0,0;0,0;177340604;20,9;31,7;34,2;2020-08-17 01:15:06;E10,856143;N48,389703;492,400;300;SW V1-11 (2020-06-17);2019-06-11 14:16:04;original set-up
2020-08-17 03:20:06;SN19001;measure;7,38;6,55;6,24;28649,4;1551,1;442,2;84,2;77,2;56,1;28,1;14,0;7,0;0,0;0,0;7,0;0,0;0,0;0,0;0,0;0,0;0,0;0,0;0,0;0,0;0,0;0,0;0,0;177340604;20,6;31,6;34,1;2020-08-17 01:20:06;E10,856187;N48,389715;491,000;300;SW V1-11 (2020-06-17);2019-06-11 14:16:04;original set-up
2020-08-17 03:25:06;SN19001;measure;9,40;6,50;6,12;28012,5;1458,6;263,9;152,8;118,1;104,2;6,9;20,8;6,9;20,8;13,9;0,0;6,9;0,0;0,0;0,0;0,0;0,0;0,0;0,0;0,0;0,0;0,0;0,0;177340604;20,6;31,4;34,4;2020-08-17 01:25:06;E10,856185;N48,389677;490,800;300;SW V1-11 (2020-06-17);2019-06-11 14:16:04;original set-up
2020-08-17 03:30:06;SN19001;measure;8,31;6,89;6,34;29796,1;1498,4;380,0;100,4;107,5;71,7;57,4;43,0;14,3;7,2;7,2;0,0;0,0;0,0;0,0;0,0;0,0;0,0;0,0;0,0;0,0;0,0;0,0;0,0;177340604;20,1;31,3;34,6;2020-08-17 01:30:06;E10,856257;N48,389717;486,100;300;SW V1-11 (2020-06-17);2019-06-11 14:16:04;original set-up
2020-08-17 03:35:06;SN19001;measure;8,90;6,69;6,15;28824,6;1616,3;492,9;159,5;152,2;116,0;36,2;21,7;21,7;0,0;7,2;14,5;0,0;0,0;0,0;0,0;7,2;0,0;0,0;0,0;0,0;0,0;0,0;0,0;177340604;20,0;31,2;34,8;2020-08-17 01:35:06;E10,856315;N48,389645;486,500;300;SW V1-11 (2020-06-17);2019-06-11 14:16:04;original set-up
2020-08-17 03:40:06;SN19001;measure;7,72;7,03;6,61;31383,6;1890,5;549,6;190,5;161,2;73,3;29,3;14,7;14,7;7,3;0,0;0,0;0,0;0,0;0,0;0,0;0,0;0,0;0,0;7,3;0,0;0,0;0,0;0,0;177340604;19,7;31,0;35,1;2020-08-17 01:40:06;E10,856147;N48,389670;487,200;300;SW V1-11 (2020-06-17);2019-06-11 14:16:04;original set-up
2020-08-17 03:45:06;SN19001;measure;7,53;6,67;6,27;29615,9;1752,1;489,5;106,4;156,1;35,5;49,7;21,3;7,1;14,2;0,0;0,0;0,0;0,0;0,0;0,0;0,0;0,0;0,0;0,0;0,0;0,0;0,0;0,0;177340604;19,8;30,8;35,4;2020-08-17 01:45:06;E10,856173;N48,389615;487,200;300;SW V1-11 (2020-06-17);2019-06-11 14:16:04;original set-up
2020-08-17 03:50:06;SN19001;measure;7,64;6,56;5,93;28124,3;1723,6;468,1;156,0;163,1;113,5;70,9;14,2;21,3;14,2;0,0;0,0;0,0;0,0;0,0;0,0;0,0;0,0;0,0;0,0;0,0;0,0;0,0;0,0;177340604;19,7;30,6;35,8;2020-08-17 01:50:06;E10,856183;N48,389655;486,900;300;SW V1-11 (2020-06-17);2019-06-11 14:16:04;original set-up
2020-08-17 03:55:06;SN19001;measure;8,26;6,34;5,90;27814,1;1631,5;496,6;127,7;205,7;85,1;7,1;28,4;42,6;7,1;0,0;7,1;0,0;0,0;0,0;0,0;0,0;0,0;0,0;0,0;0,0;0,0;0,0;0,0;177340604;19,8;30,4;36,0;2020-08-17 01:55:06;E10,856122;N48,389543;488,400;300;SW V1-11 (2020-06-17);2019-06-11 14:16:04;original set-up
2020-08-17 04:00:06;SN19001;measure;7,19;6,47;5,96;28210,8;1678,0;476,3;168,5;175,9;117,2;29,3;14,7;29,3;0,0;0,0;0,0;0,0;0,0;0,0;0,0;0,0;0,0;0,0;0,0;0,0;0,0;0,0;0,0;177340604;19,6;30,3;36,2;2020-08-17 02:00:06;E10,856148;N48,389590;487,400;300;SW V1-11 (2020-06-17);2019-06-11 14:16:04;original set-up
2020-08-17 04:05:06;SN19001;measure;7,59;6,32;5,80;27520,0;1688,7;463,9;188,4;217,4;123,2;36,2;14,5;7,2;14,5;7,2;0,0;0,0;0,0;0,0;0,0;0,0;0,0;0,0;0,0;0,0;0,0;0,0;0,0;177340604;19,4;30,2;36,2;2020-08-17 02:05:06;E10,856123;N48,389612;488,000;300;SW V1-11 (2020-06-17);2019-06-11 14:16:04;original set-up
2020-08-17 04:10:06;SN19001;measure;8,63;6,31;5,80;27430,2;1828,2;487,5;157,7;164,9;43,0;64,5;14,3;28,7;14,3;0,0;14,3;0,0;0,0;7,2;0,0;0,0;0,0;0,0;0,0;0,0;0,0;0,0;0,0;177340604;19,5;30,1;36,3;2020-08-17 02:10:06;E10,856193;N48,389635;487,800;300;SW V1-11 (2020-06-17);2019-06-11 14:16:04;original set-up
2020-08-17 04:15:06;SN19001;measure;8,31;6,22;5,80;27661,4;1598,9;351,3;172,1;129,1;57,4;50,2;7,2;14,3;0,0;14,3;0,0;7,2;0,0;0,0;0,0;0,0;0,0;0,0;0,0;0,0;0,0;0,0;0,0;177340604;19,5;30,1;36,7;2020-08-17 02:15:06;E10,856210;N48,389582;488,400;300;SW V1-11 (2020-06-17);2019-06-11 14:16:04;original set-up
2020-08-17 04:20:06;SN19001;measure;8,34;6,22;5,67;27344,0;1663,4;357,9;203,5;182,5;35,1;77,2;28,1;7,0;7,0;7,0;14,0;0,0;0,0;0,0;0,0;0,0;0,0;0,0;0,0;0,0;0,0;0,0;0,0;177340604;19,2;30,0;36,9;2020-08-17 02:20:06;E10,856243;N48,389553;490,200;300;SW V1-11 (2020-06-17);2019-06-11 14:16:04;original set-up
2020-08-17 04:25:06;SN19001;measure;8,21;5,85;5,38;25894,1;1701,7;465,4;166,7;145,9;62,5;41,7;27,8;20,8;20,8;6,9;6,9;0,0;0,0;0,0;0,0;0,0;0,0;0,0;0,0;0,0;0,0;0,0;0,0;177340604;19,3;29,9;37,2;2020-08-17 02:25:06;E10,856122;N48,389598;490,100;300;SW V1-11 (2020-06-17);2019-06-11 14:16:04;original set-up
2020-08-17 04:30:06;SN19001;measure;8,53;6,38;5,92;29154,0;1718,9;407,5;177,8;140,8;81,5;51,9;7,4;14,8;7,4;7,4;14,8;0,0;0,0;0,0;0,0;0,0;0,0;0,0;0,0;0,0;0,0;0,0;0,0;177340604;19,1;29,8;37,4;2020-08-17 02:30:06;E10,856157;N48,389587;488,900;300;SW V1-11 (2020-06-17);2019-06-11 14:16:04;original set-up
2020-08-17 04:35:06;SN19001;measure;7,93;6,20;5,79;28561,8;1717,6;362,4;217,4;188,4;58,0;21,7;21,7;21,7;14,5;7,2;0,0;0,0;7,2;0,0;0,0;0,0;0,0;0,0;0,0;0,0;0,0;0,0;0,0;177340604;19,1;29,7;37,7;2020-08-17 02:35:06;E10,856140;N48,389655;489,400;300;SW V1-11 (2020-06-17);2019-06-11 14:16:04;original set-up
2020-08-17 04:40:06;SN19001;measure;7,93;6,33;5,78;28823,0;1677,8;458,9;121,9;157,7;129,1;43,0;28,7;21,5;14,3;7,2;0,0;0,0;0,0;0,0;0,0;0,0;0,0;0,0;0,0;0,0;0,0;0,0;0,0;177340604;19,0;29,6;38,0;2020-08-17 02:40:06;E10,856210;N48,389635;488,900;300;SW V1-11 (2020-06-17);2019-06-11 14:16:04;original set-up
2020-08-17 04:45:06;SN19001;measure;7,52;6,16;5,62;28722,6;2036,2;437,4;121,9;215,1;71,7;64,5;35,8;7,2;0,0;7,2;7,2;0,0;0,0;0,0;0,0;0,0;0,0;0,0;0,0;0,0;0,0;0,0;0,0;177340604;18,6;29,5;38,2;2020-08-17 02:45:06;E10,856265;N48,389652;488,800;300;SW V1-11 (2020-06-17);2019-06-11 14:16:04;original set-up
2020-08-17 04:50:06;SN19001;measure;8,59;6,66;5,93;30111,5;1792,4;530,5;129,0;157,7;136,2;114,7;7,2;14,3;7,2;14,3;7,2;0,0;0,0;0,0;0,0;0,0;0,0;0,0;0,0;0,0;0,0;0,0;0,0;177340604;18,8;29,4;38,5;2020-08-17 02:50:06;E10,856338;N48,389613;489,500;300;SW V1-11 (2020-06-17);2019-06-11 14:16:04;original set-up
2020-08-17 04:55:06;SN19001;measure;6,82;6,51;5,97;30127,9;1871,3;480,4;222,3;114,7;93,2;64,5;21,5;7,2;0,0;0,0;0,0;0,0;0,0;0,0;0,0;0,0;0,0;0,0;0,0;0,0;0,0;0,0;0,0;177340604;18,9;29,3;38,9;2020-08-17 02:55:06;E10,856227;N48,389633;490,600;300;SW V1-11 (2020-06-17);2019-06-11 14:16:04;original set-up
2020-08-17 05:00:06;SN19001;measure;8,82;6,68;5,87;29869,8;1713,6;423,0;200,8;193,6;215,1;28,7;71,7;43,0;21,5;0,0;0,0;0,0;0,0;0,0;0,0;0,0;0,0;0,0;0,0;0,0;0,0;0,0;0,0;177340604;18,8;29,2;39,1;2020-08-17 03:00:06;E10,856180;N48,389638;490,100;300;SW V1-11 (2020-06-17);2019-06-11 14:16:04;original set-up
2020-08-17 05:05:06;SN19001;measure;8,66;6,38;5,74;29081,9;1808,8;645,5;163,1;241,2;113,5;70,9;14,2;35,5;21,3;0,0;0,0;7,1;0,0;0,0;0,0;0,0;0,0;0,0;0,0;0,0;0,0;0,0;0,0;177340604;18,8;29,2;39,3;2020-08-17 03:05:06;E10,856123;N48,389648;490,800;300;SW V1-11 (2020-06-17);2019-06-11 14:16:04;original set-up
2020-08-17 05:10:06;SN19001;measure;7,11;6,01;5,54;28516,3;1816,0;489,5;141,9;212,8;92,2;49,7;14,2;14,2;21,3;0,0;0,0;0,0;0,0;0,0;0,0;0,0;0,0;0,0;0,0;0,0;0,0;0,0;0,0;177340604;18,6;29,1;39,4;2020-08-17 03:10:06;E10,856137;N48,389707;493,400;300;SW V1-11 (2020-06-17);2019-06-11 14:16:04;original set-up
2020-08-17 05:15:06;SN19001;measure;7,86;6,15;5,58;28989,7;1858,4;503,6;149,0;163,1;134,8;49,7;21,3;35,5;14,2;7,1;0,0;0,0;0,0;0,0;0,0;0,0;0,0;0,0;0,0;0,0;0,0;0,0;0,0;177340604;18,5;29,0;39,5;2020-08-17 03:15:06;E10,856265;N48,389632;494,200;300;SW V1-11 (2020-06-17);2019-06-11 14:16:04;original set-up
2020-08-17 05:20:06;SN19001;measure;8,51;6,26;5,75;29961,0;1835,6;472,0;239,7;164,8;89,9;30,0;30,0;45,0;22,5;7,5;0,0;0,0;0,0;0,0;0,0;0,0;0,0;0,0;0,0;0,0;0,0;0,0;0,0;177340604;18,5;29,0;39,8;2020-08-17 03:20:06;E10,856135;N48,389665;494,700;300;SW V1-11 (2020-06-17);2019-06-11 14:16:04;original set-up
2020-08-17 05:25:06;SN19001;measure;8,26;6,19;5,69;29859,5;1853,9;403,0;175,9;139,2;87,9;51,3;29,3;22,0;7,3;7,3;0,0;7,3;0,0;0,0;0,0;0,0;0,0;0,0;0,0;0,0;0,0;0,0;0,0;177340604;18,4;28,9;40,0;2020-08-17 03:25:06;E10,856108;N48,389675;495,300;300;SW V1-11 (2020-06-17);2019-06-11 14:16:04;original set-up
2020-08-17 05:30:06;SN19001;measure;7,32;6,26;5,74;30137,9;1883,2;600,9;146,5;161,2;58,6;51,3;51,3;22,0;7,3;0,0;0,0;0,0;0,0;0,0;0,0;0,0;0,0;0,0;0,0;0,0;0,0;0,0;0,0;177340604;18,4;28,8;40,2;2020-08-17 03:30:06;E10,856093;N48,389663;494,500;300;SW V1-11 (2020-06-17);2019-06-11 14:16:04;original set-up
2020-08-17 05:35:06;SN19001;measure;8,21;6,05;5,55;28488,0;1589,0;524,9;127,7;219,9;70,9;63,8;7,1;28,4;7,1;14,2;7,1;0,0;0,0;0,0;0,0;0,0;0,0;0,0;0,0;0,0;0,0;0,0;0,0;177340604;18,7;28,8;40,2;2020-08-17 03:35:06;E10,856165;N48,389632;494,600;300;SW V1-11 (2020-06-17);2019-06-11 14:16:04;original set-up
2020-08-17 05:40:06;SN19001;measure;6,66;6,40;5,78;29559,0;1853,9;542,2;117,2;146,5;124,6;87,9;14,7;7,3;0,0;0,0;0,0;0,0;0,0;0,0;0,0;0,0;0,0;0,0;0,0;0,0;0,0;0,0;0,0;177340604;18,8;28,7;40,3;2020-08-17 03:40:06;E10,856155;N48,389593;492,500;300;SW V1-11 (2020-06-17);2019-06-11 14:16:04;original set-up
2020-08-17 05:45:06;SN19001;measure;7,73;6,24;5,61;29463,8;2161,6;498,3;153,9;131,9;65,9;73,3;65,9;29,3;0,0;7,3;0,0;0,0;0,0;0,0;0,0;0,0;0,0;0,0;0,0;0,0;0,0;0,0;0,0;177340604;18,4;28,7;40,4;2020-08-17 03:45:06;E10,856085;N48,389608;492,800;300;SW V1-11 (2020-06-17);2019-06-11 14:16:04;original set-up
2020-08-17 05:50:06;SN19001;measure;6,63;6,12;5,55;29444,1;1633,3;629,3;172,3;187,3;119,9;59,9;30,0;15,0;0,0;0,0;0,0;0,0;0,0;0,0;0,0;0,0;0,0;0,0;0,0;0,0;0,0;0,0;0,0;177340604;18,4;28,7;40,6;2020-08-17 03:50:06;E10,856107;N48,389692;493,300;300;SW V1-11 (2020-06-17);2019-06-11 14:16:04;original set-up
2020-08-17 05:55:06;SN19001;measure;6,79;5,98;5,40;28677,9;1963,2;437,1;163,0;148,2;125,9;37,0;66,7;14,8;0,0;0,0;0,0;0,0;0,0;0,0;0,0;0,0;0,0;0,0;0,0;0,0;0,0;0,0;0,0;177340604;18,4;28,7;40,7;2020-08-17 03:55:06;E10,856178;N48,389650;494,300;300;SW V1-11 (2020-06-17);2019-06-11 14:16:04;original set-up
2020-08-17 06:00:06;SN19001;measure;6,26;5,70;5,30;28612,5;1588,3;472,0;127,4;149,8;59,9;52,4;22,5;7,5;7,5;0,0;0,0;0,0;0,0;0,0;0,0;0,0;0,0;0,0;0,0;0,0;0,0;0,0;0,0;177340604;18,2;28,6;40,8;2020-08-17 04:00:06;E10,856098;N48,389645;495,400;300;SW V1-11 (2020-06-17);2019-06-11 14:16:04;original set-up
2020-08-17 06:05:06;SN19001;measure;6,96;5,57;4,99;27486,8;1543,3;516,9;172,3;157,3;134,8;44,9;52,4;15,0;7,5;0,0;7,5;0,0;0,0;0,0;0,0;0,0;0,0;0,0;0,0;0,0;0,0;0,0;0,0;177340604;18,1;28,6;41,0;2020-08-17 04:05:06;E10,856145;N48,389665;497,900;300;SW V1-11 (2020-06-17);2019-06-11 14:16:04;original set-up
2020-08-17 06:10:06;SN19001;measure;5,37;5,20;4,63;25396,4;1580,0;376,9;116,0;188,4;94,2;94,2;21,7;0,0;0,0;0,0;0,0;0,0;0,0;0,0;0,0;0,0;0,0;0,0;7,2;0,0;0,0;0,0;0,0;177340604;18,1;28,6;41,1;2020-08-17 04:10:06;E10,856170;N48,389638;497,100;300;SW V1-11 (2020-06-17);2019-06-11 14:16:04;original set-up
2020-08-17 06:15:06;SN19001;measure;6,22;5,12;4,66;25316,2;1674,4;414,9;126,0;81,5;59,3;81,5;14,8;14,8;7,4;0,0;7,4;0,0;0,0;0,0;0,0;0,0;0,0;0,0;0,0;0,0;0,0;0,0;0,0;177340604;18,2;28,5;41,2;2020-08-17 04:15:06;E10,856115;N48,389822;488,600;300;SW V1-11 (2020-06-17);2019-06-11 14:16:04;original set-up
2020-08-17 06:20:06;SN19001;measure;5,36;4,99;4,59;24353,4;1667,0;507,7;204,6;204,6;128,8;15,2;15,2;0,0;7,6;0,0;0,0;0,0;0,0;0,0;0,0;0,0;0,0;0,0;0,0;0,0;0,0;0,0;0,0;177340604;18,4;28,5;41,3;2020-08-17 04:20:06;E10,856107;N48,389667;485,700;300;SW V1-11 (2020-06-17);2019-06-11 14:16:04;original set-up
2020-08-17 06:25:06;SN19001;measure;5,32;4,84;4,43;24437,7;1513,3;419,5;164,8;67,4;112,4;44,9;15,0;7,5;7,5;0,0;0,0;0,0;0,0;0,0;0,0;0,0;0,0;0,0;0,0;0,0;0,0;0,0;0,0;177340604;18,1;28,4;41,4;2020-08-17 04:25:06;E10,856060;N48,389827;484,100;300;SW V1-11 (2020-06-17);2019-06-11 14:16:04;original set-up
2020-08-17 06:30:06;SN19001;measure;6,37;5,09;4,53;24873,9;1633,3;442,0;194,8;172,3;97,4;52,4;45,0;30,0;0,0;7,5;0,0;0,0;0,0;0,0;0,0;0,0;0,0;0,0;0,0;0,0;0,0;0,0;0,0;177340604;18,1;28,4;41,6;2020-08-17 04:30:06;E10,856205;N48,389665;483,400;300;SW V1-11 (2020-06-17);2019-06-11 14:16:04;original set-up
2020-08-17 06:35:06;SN19001;measure;7,09;5,13;4,63;24800,4;1818,5;484,9;204,6;181,9;121,2;37,9;22,7;15,2;7,6;0,0;7,6;7,6;0,0;0,0;0,0;0,0;0,0;0,0;0,0;0,0;0,0;0,0;0,0;177340604;18,3;28,4;41,6;2020-08-17 04:35:06;E10,856142;N48,389717;476,600;300;SW V1-11 (2020-06-17);2019-06-11 14:16:04;original set-up
2020-08-17 06:40:06;SN19001;measure;5,91;5,05;4,53;24383,7;1507,9;439,5;265,2;234,9;106,1;22,7;45,5;15,2;7,6;0,0;0,0;0,0;0,0;0,0;0,0;0,0;0,0;0,0;0,0;0,0;0,0;0,0;0,0;177340604;18,3;28,4;41,8;2020-08-17 04:40:06;E10,856088;N48,389683;474,800;300;SW V1-11 (2020-06-17);2019-06-11 14:16:04;original set-up
2020-08-17 06:45:06;SN19001;measure;5,11;4,86;4,38;23701,7;1568,5;530,4;128,8;181,9;98,5;60,6;15,2;7,6;0,0;0,0;0,0;0,0;0,0;0,0;0,0;0,0;0,0;0,0;0,0;0,0;0,0;0,0;0,0;177340604;18,3;28,4;41,7;2020-08-17 04:45:06;E10,856125;N48,389690;476,300;300;SW V1-11 (2020-06-17);2019-06-11 14:16:04;original set-up
2020-08-17 06:50:06;SN19001;measure;5,91;4,75;4,22;23171,6;1550,8;472,0;187,3;164,8;112,4;52,4;22,5;30,0;15,0;0,0;0,0;0,0;0,0;7,5;0,0;0,0;0,0;0,0;0,0;0,0;0,0;0,0;0,0;177340604;18,2;28,4;41,8;2020-08-17 04:50:06;E10,856222;N48,389782;477,900;300;SW V1-11 (2020-06-17);2019-06-11 14:16:04;original set-up
2020-08-17 06:55:06;SN19001;measure;5,55;4,48;3,96;21727,2;1550,9;382,1;119,9;134,9;97,4;74,9;22,5;15,0;15,0;0,0;0,0;0,0;7,5;0,0;0,0;0,0;0,0;0,0;0,0;0,0;0,0;0,0;0,0;177340604;18,2;28,4;41,8;2020-08-17 04:55:06;E10,856102;N48,389593;485,300;300;SW V1-11 (2020-06-17);2019-06-11 14:16:04;original set-up
2020-08-17 07:00:06;SN19001;measure;5,62;4,29;3,88;20878,2;1341,0;451,9;177,8;74,1;81,5;44,5;22,2;14,8;14,8;7,4;0,0;0,0;0,0;0,0;0,0;0,0;0,0;0,0;0,0;0,0;0,0;0,0;0,0;177340604;18,4;28,4;41,9;2020-08-17 05:00:06;E10,856153;N48,389668;482,000;300;SW V1-11 (2020-06-17);2019-06-11 14:16:04;original set-up
2020-08-17 07:05:06;SN19001;measure;4,80;4,31;3,77;20017,2;1456,7;318,9;159,4;173,9;108,7;79,7;0,0;14,5;7,2;0,0;0,0;0,0;0,0;0,0;0,0;0,0;0,0;0,0;0,0;0,0;0,0;0,0;0,0;177340604;18,6;28,5;41,9;2020-08-17 05:05:06;E10,856202;N48,389607;480,600;300;SW V1-11 (2020-06-17);2019-06-11 14:16:04;original set-up
2020-08-17 07:10:06;SN19001;measure;6,37;4,41;3,86;20099,3;1260,3;351,7;117,2;153,9;131,9;58,6;22,0;14,7;7,3;0,0;7,3;7,3;0,0;0,0;0,0;0,0;0,0;0,0;0,0;0,0;0,0;0,0;0,0;177340604;18,9;28,5;42,0;2020-08-17 05:10:06;E10,856052;N48,389705;480,800;300;SW V1-11 (2020-06-17);2019-06-11 14:16:04;original set-up
2020-08-17 07:15:06;SN19001;measure;5,09;4,09;3,74;19676,7;1289,1;400,1;111,1;192,6;88,9;22,2;14,8;7,4;7,4;0,0;7,4;0,0;0,0;0,0;0,0;0,0;0,0;0,0;0,0;0,0;0,0;0,0;0,0;177340604;18,8;28,7;41,6;2020-08-17 05:15:06;E10,856153;N48,389647;483,300;300;SW V1-11 (2020-06-17);2019-06-11 14:16:04;original set-up
2020-08-17 07:20:06;SN19001;measure;6,00;4,29;3,80;19876,6;1625,8;464,5;134,9;187,3;119,9;37,5;15,0;37,5;15,0;7,5;0,0;0,0;0,0;0,0;0,0;0,0;0,0;0,0;0,0;0,0;0,0;0,0;0,0;177340604;18,8;28,8;41,2;2020-08-17 05:20:06;E10,856023;N48,389667;484,600;300;SW V1-11 (2020-06-17);2019-06-11 14:16:04;original set-up
2020-08-17 07:25:06;SN19001;measure;5,89;3,99;3,53;18670,4;1462,7;322,6;150,6;186,4;86,0;43,0;21,5;21,5;28,7;7,2;0,0;0,0;0,0;0,0;0,0;0,0;0,0;0,0;0,0;0,0;0,0;0,0;0,0;177340604;18,7;28,9;41,1;2020-08-17 05:25:06;E10,856132;N48,389628;485,800;300;SW V1-11 (2020-06-17);2019-06-11 14:16:04;original set-up
2020-08-17 07:30:06;SN19001;measure;5,29;3,86;3,48;18264,5;1319,1;434,9;152,2;116,0;87,0;36,2;7,2;21,7;0,0;0,0;14,5;0,0;0,0;0,0;0,0;0,0;0,0;0,0;0,0;0,0;0,0;0,0;0,0;177340604;18,8;29,0;40,9;2020-08-17 05:30:06;E10,856090;N48,389650;486,300;300;SW V1-11 (2020-06-17);2019-06-11 14:16:04;original set-up
2020-08-17 07:35:06;SN19001;measure;4,20;3,97;3,42;17840,4;1340,7;354,7;141,9;163,2;70,9;85,1;28,4;0,0;0,0;0,0;0,0;0,0;0,0;0,0;0,0;0,0;0,0;0,0;0,0;0,0;0,0;0,0;0,0;177340604;18,8;29,0;40,7;2020-08-17 05:35:06;E10,855997;N48,389618;487,100;300;SW V1-11 (2020-06-17);2019-06-11 14:16:04;original set-up
2020-08-17 07:40:06;SN19001;measure;5,03;3,59;3,28;16955,8;1091,8;337,1;168,5;131,9;44,0;14,7;29,3;14,7;0,0;7,3;7,3;0,0;0,0;0,0;0,0;0,0;0,0;0,0;0,0;0,0;0,0;0,0;0,0;177340604;18,9;29,0;40,7;2020-08-17 05:40:06;E10,856152;N48,389613;492,900;300;SW V1-11 (2020-06-17);2019-06-11 14:16:04;original set-up
2020-08-17 07:45:06;SN19001;measure;5,71;3,73;3,24;16471,9;1091,1;333,4;121,2;174,3;98,5;37,9;30,3;22,7;22,7;0,0;7,6;0,0;0,0;0,0;0,0;0,0;0,0;0,0;0,0;0,0;0,0;0,0;0,0;177340604;19,1;29,1;40,5;2020-08-17 05:45:06;E10,856133;N48,389627;494,000;300;SW V1-11 (2020-06-17);2019-06-11 14:16:04;original set-up
2020-08-17 07:50:06;SN19001;measure;4,90;3,52;3,08;15893,3;1062,5;263,8;212,5;87,9;58,6;44,0;44,0;0,0;7,3;0,0;0,0;7,3;0,0;0,0;0,0;0,0;0,0;0,0;0,0;0,0;0,0;0,0;0,0;177340604;18,9;29,1;40,5;2020-08-17 05:50:06;E10,856097;N48,389448;494,500;300;SW V1-11 (2020-06-17);2019-06-11 14:16:04;original set-up
2020-08-17 07:55:06;SN19001;measure;4,02;3,46;2,93;15492,7;869,0;359,6;164,8;164,8;134,8;52,4;22,5;7,5;7,5;0,0;0,0;0,0;0,0;0,0;0,0;0,0;0,0;0,0;0,0;0,0;0,0;0,0;0,0;177340604;18,7;29,2;40,3;2020-08-17 05:55:06;E10,856187;N48,389598;494,600;300;SW V1-11 (2020-06-17);2019-06-11 14:16:04;original set-up
2020-08-17 08:00:06;SN19001;measure;6,04;3,79;3,17;16692,5;1161,3;277,2;134,9;142,4;119,9;82,4;22,5;30,0;0,0;7,5;0,0;7,5;15,0;0,0;0,0;0,0;0,0;0,0;0,0;0,0;0,0;0,0;0,0;177340604;18,7;29,3;40,1;2020-08-17 06:00:06;E10,856107;N48,389540;494,900;300;SW V1-11 (2020-06-17);2019-06-11 14:16:04;original set-up
2020-08-17 08:05:06;SN19001;measure;6,39;3,88;3,25;16647,3;1144,2;409,2;159,1;181,9;121,2;68,2;37,9;15,2;15,2;15,2;7,6;0,0;0,0;0,0;0,0;0,0;0,0;0,0;0,0;0,0;0,0;0,0;0,0;177340604;18,9;29,3;40,1;2020-08-17 06:05:06;E10,856097;N48,389683;494,200;300;SW V1-11 (2020-06-17);2019-06-11 14:16:04;original set-up
2020-08-17 08:10:06;SN19001;measure;4,76;3,73;3,39;17638,4;1032,0;333,4;87,3;127,0;79,4;39,7;7,9;7,9;7,9;0,0;7,9;0,0;0,0;0,0;0,0;0,0;0,0;0,0;0,0;0,0;0,0;0,0;0,0;177340604;18,9;29,3;40,2;2020-08-17 06:10:06;E10,856303;N48,389530;499,300;300;SW V1-11 (2020-06-17);2019-06-11 14:16:04;original set-up
2020-08-17 08:15:06;SN19001;measure;4,64;3,72;3,36;17455,9;1325,7;444,5;174,6;95,3;71,4;39,7;7,9;7,9;7,9;7,9;0,0;0,0;0,0;0,0;0,0;0,0;0,0;0,0;0,0;0,0;0,0;0,0;0,0;177340604;18,9;29,3;40,1;2020-08-17 06:15:06;E10,856073;N48,389632;497,700;300;SW V1-11 (2020-06-17);2019-06-11 14:16:04;original set-up
2020-08-17 08:20:06;SN19001;measure;5,59;3,57;3,23;16714,9;935,0;344,9;122,6;107,3;30,7;53,6;7,7;15,3;7,7;15,3;7,7;0,0;0,0;0,0;0,0;0,0;0,0;0,0;0,0;0,0;0,0;0,0;0,0;177340604;18,9;29,3;40,0;2020-08-17 06:20:06;E10,856190;N48,389627;495,100;300;SW V1-11 (2020-06-17);2019-06-11 14:16:04;original set-up
2020-08-17 08:25:06;SN19001;measure;4,97;3,47;3,09;16613,8;1181,0;289,2;128,5;136,6;88,4;40,2;8,0;16,1;8,0;16,1;0,0;0,0;0,0;0,0;0,0;0,0;0,0;0,0;0,0;0,0;0,0;0,0;0,0;177340604;18,6;29,3;40,1;2020-08-17 06:25:06;E10,856077;N48,389597;495,000;300;SW V1-11 (2020-06-17);2019-06-11 14:16:04;original set-up
2020-08-17 08:30:06;SN19001;measure;3,91;3,65;3,27;17281,9;1145,3;353,0;133,4;141,2;39,2;54,9;15,7;7,8;0,0;0,0;0,0;0,0;0,0;0,0;0,0;0,0;0,0;0,0;0,0;0,0;0,0;0,0;0,0;177340604;18,7;29,3;40,0;2020-08-17 06:30:06;E10,856137;N48,389678;494,500;300;SW V1-11 (2020-06-17);2019-06-11 14:16:04;original set-up
2020-08-17 08:35:06;SN19001;measure;4,47;3,62;3,20;16967,8;1042,3;229,9;130,3;137,9;76,6;53,6;7,7;15,3;0,0;0,0;7,7;0,0;0,0;0,0;0,0;0,0;0,0;0,0;0,0;0,0;0,0;0,0;0,0;177340604;18,8;29,3;40,2;2020-08-17 06:35:06;E10,856052;N48,389597;495,100;300;SW V1-11 (2020-06-17);2019-06-11 14:16:04;original set-up
2020-08-17 08:40:06;SN19001;measure;4,78;3,51;2,96;15622,2;996,5;300,4;168,5;146,5;87,9;80,6;22,0;7,3;29,3;0,0;0,0;0,0;0,0;0,0;0,0;0,0;0,0;0,0;0,0;0,0;0,0;0,0;0,0;177340604;18,9;29,3;40,6;2020-08-17 06:40:06;E10,856213;N48,389633;493,700;300;SW V1-11 (2020-06-17);2019-06-11 14:16:04;original set-up
2020-08-17 08:45:06;SN19001;measure;5,09;3,49;3,09;16203,2;1192,8;296,4;140,8;140,8;81,5;37,0;22,2;14,8;22,2;7,4;0,0;0,0;0,0;0,0;0,0;0,0;0,0;0,0;0,0;0,0;0,0;0,0;0,0;177340604;18,9;29,3;40,7;2020-08-17 06:45:06;E10,856378;N48,389677;494,000;300;SW V1-11 (2020-06-17);2019-06-11 14:16:04;original set-up
2020-08-17 08:50:06;SN19001;measure;5,08;3,34;2,93;15342,5;975,0;408,7;186,4;100,4;78,9;28,7;35,8;14,3;7,2;0,0;14,3;0,0;0,0;0,0;0,0;0,0;0,0;0,0;0,0;0,0;0,0;0,0;0,0;177340604;18,9;29,3;40,7;2020-08-17 06:50:06;E10,856062;N48,389553;492,600;300;SW V1-11 (2020-06-17);2019-06-11 14:16:04;original set-up
2020-08-17 08:55:06;SN19001;measure;4,43;3,25;2,85;15447,5;1000,2;348,2;126,0;192,6;59,3;44,5;22,2;14,8;0,0;0,0;0,0;7,4;0,0;0,0;0,0;0,0;0,0;0,0;0,0;0,0;0,0;0,0;0,0;177340604;18,7;29,3;40,7;2020-08-17 06:55:06;E10,856105;N48,389622;493,200;300;SW V1-11 (2020-06-17);2019-06-11 14:16:04;original set-up
2020-08-17 09:00:06;SN19001;measure;4,81;3,63;3,12;17007,1;1093,9;389,6;127,4;97,4;37,5;82,4;52,4;7,5;15,0;0,0;0,0;0,0;7,5;0,0;0,0;7,5;0,0;0,0;0,0;0,0;0,0;0,0;7,5;177340604;18,7;29,3;40,8;2020-08-17 07:00:06;E10,856085;N48,389598;493,000;300;SW V1-11 (2020-06-17);2019-06-11 14:16:04;original set-up
