***begin of header***
date&time [local time];serial-no;type;PM10 [ug/m3];PM2.5 [ug/m3];PM1 [ug/m3];0,35 [um];0,46 [um];0,66 [um];1,0 [um];1,3 [um];1,7 [um];2,3 [um];3,0 [um];4,0 [um];5,2 [um];6,5 [um];8,0 [um];10 [um];12 [um];14 [um];16 [um];18 [um];20 [um];22 [um];25 [um];28 [um];31 [um];34 [um];37 [um];serial-OPC;T-out [°C];T-aerosol [°C];rH [%];date&time [UTC];longitude [°];latitude [°];height [m];time-resolution [s];software-version;last calibration [local time];configuration version
***end of header***
2020-08-16 00:00:06;SN19054;measure;11,68;10,77;10,27;53033,1;3579,0;521,2;151,9;147,7;84,4;50,6;29,5;14,8;4,2;4,2;0,0;0,0;0,0;0,0;0,0;0,0;0,0;0,0;0,0;0,0;0,0;0,0;0,0;177460002;21,1;31,0;41,0;2020-08-15 22:00:06;E10,874277;N48,332912;511,300;300;SW V1-11 (2020-06-17);2019-06-11 14:16:04;original set-up
2020-08-16 00:05:06;SN19054;measure;11,69;10,94;10,47;54863,3;3743,4;595,1;130,8;156,1;99,2;48,5;21,1;10,6;4,2;4,2;0,0;0,0;0,0;0,0;0,0;0,0;0,0;0,0;0,0;0,0;0,0;0,0;0,0;177460002;20,9;31,0;41,0;2020-08-15 22:05:06;E10,874368;N48,332860;514,700;300;SW V1-11 (2020-06-17);2019-06-11 14:16:04;original set-up
2020-08-16 00:10:06;SN19054;measure;11,31;10,69;10,26;54339,4;3825,9;540,2;120,3;156,2;97,1;48,5;10,6;8,4;2,1;2,1;2,1;0,0;2,1;0,0;0,0;0,0;0,0;0,0;0,0;0,0;0,0;0,0;0,0;177460002;20,8;30,9;41,2;2020-08-15 22:10:06;E10,874378;N48,332773;514,700;300;SW V1-11 (2020-06-17);2019-06-11 14:16:04;original set-up
2020-08-16 00:15:06;SN19054;measure;11,61;10,91;10,50;55599,2;3958,9;622,5;132,9;124,5;95,0;44,3;12,7;14,8;6,3;2,1;0,0;0,0;0,0;0,0;0,0;0,0;0,0;0,0;0,0;0,0;0,0;0,0;0,0;177460002;20,8;30,9;41,4;2020-08-15 22:15:06;E10,874312;N48,332828;515,400;300;SW V1-11 (2020-06-17);2019-06-11 14:16:04;original set-up
2020-08-16 00:20:06;SN19054;measure;11,79;10,75;10,37;55040,5;3983,9;578,2;168,8;156,1;76,0;35,9;14,8;8,4;4,2;2,1;4,2;2,1;0,0;0,0;0,0;0,0;2,1;0,0;0,0;0,0;0,0;0,0;0,0;177460002;20,8;30,8;41,5;2020-08-15 22:20:06;E10,874258;N48,332942;513,700;300;SW V1-11 (2020-06-17);2019-06-11 14:16:04;original set-up
2020-08-16 00:25:06;SN19054;measure;11,59;11,08;10,69;56496,1;4273,3;687,9;139,3;124,5;101,3;35,9;8,4;12,7;2,1;0,0;2,1;0,0;0,0;0,0;0,0;0,0;0,0;0,0;0,0;0,0;0,0;0,0;0,0;177460002;20,7;30,7;41,5;2020-08-15 22:25:06;E10,874278;N48,332898;522,100;300;SW V1-11 (2020-06-17);2019-06-11 14:16:04;original set-up
2020-08-16 00:30:06;SN19054;measure;12,07;10,93;10,55;57562,1;4298,3;685,8;139,3;156,1;78,1;35,9;14,8;19,0;10,6;0,0;2,1;2,1;0,0;2,1;2,1;0,0;0,0;0,0;0,0;0,0;0,0;0,0;0,0;177460002;20,4;30,7;41,8;2020-08-15 22:30:06;E10,874285;N48,332937;525,800;300;SW V1-11 (2020-06-17);2019-06-11 14:16:04;original set-up
2020-08-16 00:35:06;SN19054;measure;12,10;11,38;10,94;58960,9;4589,8;643,6;137,2;147,7;109,7;48,5;6,3;16,9;6,3;2,1;0,0;0,0;2,1;0,0;0,0;4,2;0,0;0,0;0,0;0,0;0,0;0,0;0,0;177460002;20,6;30,6;41,9;2020-08-15 22:35:06;E10,874222;N48,332958;508,900;300;SW V1-11 (2020-06-17);2019-06-11 14:16:04;original set-up
2020-08-16 00:40:06;SN19054;measure;13,08;12,00;11,51;60915,0;4792,4;685,8;177,3;164,6;88,6;52,8;21,1;19,0;2,1;6,3;2,1;0,0;0,0;0,0;0,0;0,0;0,0;0,0;0,0;0,0;0,0;0,0;0,0;177460002;20,6;30,6;41,8;2020-08-15 22:40:06;E10,874225;N48,332928;518,400;300;SW V1-11 (2020-06-17);2019-06-11 14:16:04;original set-up
2020-08-16 00:45:06;SN19054;measure;12,91;11,81;11,35;61670,6;4994,7;753,3;143,5;189,9;88,6;54,9;16,9;10,6;12,7;4,2;2,1;0,0;0,0;0,0;0,0;0,0;0,0;0,0;0,0;0,0;0,0;0,0;0,0;177460002;20,4;30,5;42,2;2020-08-15 22:45:06;E10,874230;N48,332930;516,600;300;SW V1-11 (2020-06-17);2019-06-11 14:16:04;original set-up
2020-08-16 00:50:06;SN19054;measure;12,85;12,04;11,58;62558,9;5214,1;755,4;145,6;151,9;105,5;54,9;14,8;8,4;0,0;2,1;6,3;0,0;0,0;0,0;0,0;2,1;0,0;0,0;0,0;0,0;0,0;0,0;0,0;177460002;20,5;30,4;42,3;2020-08-15 22:50:06;E10,874220;N48,332962;510,500;300;SW V1-11 (2020-06-17);2019-06-11 14:16:04;original set-up
2020-08-16 00:55:06;SN19054;measure;13,04;12,11;11,69;63154,0;5279,9;749,1;177,3;160,4;67,5;44,3;27,4;8,4;6,3;6,3;0,0;0,0;0,0;2,1;0,0;0,0;0,0;0,0;0,0;0,0;0,0;0,0;0,0;177460002;20,5;30,4;42,5;2020-08-15 22:55:06;E10,874197;N48,332972;507,400;300;SW V1-11 (2020-06-17);2019-06-11 14:16:04;original set-up
2020-08-16 01:00:06;SN19054;measure;12,99;12,21;11,84;64783,0;5631,9;822,9;170,9;173,0;84,4;31,7;8,4;14,8;4,2;2,1;0,0;2,1;0,0;0,0;0,0;0,0;0,0;0,0;0,0;0,0;0,0;0,0;0,0;177460002;20,4;30,3;42,8;2020-08-15 23:00:06;E10,874277;N48,332942;510,500;300;SW V1-11 (2020-06-17);2019-06-11 14:16:04;original set-up
2020-08-16 01:05:06;SN19054;measure;12,94;12,29;11,89;65578,7;5851,8;810,3;166,7;160,4;76,0;54,9;8,4;6,3;8,4;0,0;0,0;2,1;0,0;2,1;0,0;0,0;0,0;0,0;0,0;0,0;0,0;0,0;0,0;177460002;20,4;30,2;43,1;2020-08-15 23:05:06;E10,874272;N48,332938;510,400;300;SW V1-11 (2020-06-17);2019-06-11 14:16:04;original set-up
2020-08-16 01:10:06;SN19054;measure;12,93;12,09;11,66;64426,5;5533,1;799,8;132,9;166,7;73,9;50,6;31,7;4,2;4,2;2,1;4,2;0,0;0,0;2,1;0,0;0,0;0,0;0,0;0,0;0,0;0,0;0,0;0,0;177460002;20,3;30,2;43,1;2020-08-15 23:10:06;E10,874273;N48,332938;510,300;300;SW V1-11 (2020-06-17);2019-06-11 14:16:04;original set-up
2020-08-16 01:15:06;SN19054;measure;13,04;12,55;12,17;67591,6;6026,5;875,7;158,3;143,5;99,2;35,9;14,8;2,1;4,2;0,0;0,0;2,1;0,0;0,0;0,0;0,0;0,0;0,0;0,0;0,0;0,0;0,0;0,0;177460002;20,2;30,1;43,2;2020-08-15 23:15:06;E10,874270;N48,332937;510,400;300;SW V1-11 (2020-06-17);2019-06-11 14:16:04;original set-up
2020-08-16 01:20:06;SN19054;measure;13,91;12,47;12,10;68017,8;5842,9;797,6;128,7;175,1;82,3;29,5;21,1;21,1;6,3;8,4;4,2;0,0;0,0;2,1;0,0;0,0;0,0;0,0;0,0;0,0;0,0;0,0;0,0;177460002;20,2;30,1;43,4;2020-08-15 23:20:06;E10,874280;N48,332927;510,300;300;SW V1-11 (2020-06-17);2019-06-11 14:16:04;original set-up
2020-08-16 01:25:06;SN19054;measure;13,28;12,58;12,16;68290,4;6301,3;875,8;151,9;149,8;82,3;59,1;10,6;10,6;6,3;2,1;2,1;0,0;0,0;0,0;0,0;0,0;0,0;0,0;0,0;0,0;0,0;0,0;0,0;177460002;20,1;30,0;43,4;2020-08-15 23:25:06;E10,874290;N48,332922;510,300;300;SW V1-11 (2020-06-17);2019-06-11 14:16:04;original set-up
2020-08-16 01:30:06;SN19054;measure;13,10;12,63;12,16;68317,5;6252,3;949,6;156,1;194,1;107,6;54,9;12,7;10,6;6,3;0,0;0,0;0,0;0,0;0,0;0,0;0,0;0,0;0,0;0,0;0,0;0,0;0,0;0,0;177460002;20,1;30,0;43,4;2020-08-15 23:30:06;E10,874292;N48,332935;505,400;300;SW V1-11 (2020-06-17);2019-06-11 14:16:04;original set-up
2020-08-16 01:35:06;SN19054;measure;13,39;12,61;12,21;68216,2;6355,7;865,2;158,3;158,3;97,1;33,8;23,2;12,7;2,1;2,1;0,0;2,1;0,0;0,0;0,0;0,0;0,0;0,0;0,0;0,0;0,0;0,0;0,0;177460002;20,1;29,9;43,5;2020-08-15 23:35:06;E10,874292;N48,332943;506,300;300;SW V1-11 (2020-06-17);2019-06-11 14:16:04;original set-up
2020-08-16 01:40:06;SN19054;measure;13,67;13,03;12,60;70189,6;6719,1;939,1;181,5;143,5;88,6;54,9;14,8;8,4;8,4;2,1;0,0;0,0;0,0;0,0;0,0;0,0;0,0;0,0;0,0;0,0;0,0;0,0;0,0;177460002;20,1;29,8;43,6;2020-08-15 23:40:06;E10,874295;N48,332938;506,600;300;SW V1-11 (2020-06-17);2019-06-11 14:16:04;original set-up
2020-08-16 01:45:06;SN19054;measure;14,04;13,36;12,93;73048,4;7244,1;993,9;162,5;168,8;99,2;50,6;12,7;8,4;6,3;2,1;2,1;0,0;0,0;0,0;0,0;0,0;0,0;0,0;0,0;0,0;0,0;0,0;0,0;177460002;19,9;29,8;43,6;2020-08-15 23:45:06;E10,874287;N48,332913;502,600;300;SW V1-11 (2020-06-17);2019-06-11 14:16:04;original set-up
2020-08-16 01:50:06;SN19054;measure;13,54;12,99;12,57;72902,8;7231,4;981,2;149,8;166,7;80,2;57,0;10,6;19,0;4,2;0,0;0,0;0,0;2,1;0,0;0,0;0,0;0,0;0,0;0,0;0,0;0,0;0,0;0,0;177460002;19,9;29,8;44,2;2020-08-15 23:50:06;E10,874288;N48,332913;502,600;300;SW V1-11 (2020-06-17);2019-06-11 14:16:04;original set-up
2020-08-16 01:55:06;SN19054;measure;13,44;13,15;12,71;72956,2;7485,1;1139,5;194,1;179,4;88,6;57,0;14,8;8,4;0,0;0,0;0,0;0,0;2,1;0,0;0,0;0,0;0,0;0,0;0,0;0,0;0,0;0,0;0,0;177460002;20,0;29,7;44,4;2020-08-15 23:55:06;E10,874287;N48,332925;502,800;300;SW V1-11 (2020-06-17);2019-06-11 14:16:04;original set-up
2020-08-16 02:00:06;SN19054;measure;14,16;13,31;12,86;74329,9;7841,8;1006,6;181,5;154,0;84,4;61,2;19,0;19,0;2,1;6,3;0,0;0,0;0,0;0,0;0,0;0,0;0,0;0,0;0,0;0,0;0,0;0,0;0,0;177460002;19,8;29,7;44,0;2020-08-16 00:00:06;E10,874303;N48,332918;503,200;300;SW V1-11 (2020-06-17);2019-06-11 14:16:04;original set-up
2020-08-16 02:05:06;SN19054;measure;14,86;14,20;13,78;78011,4;8611,4;1141,6;170,9;175,1;84,4;52,8;16,9;6,3;2,1;4,2;2,1;0,0;0,0;0,0;0,0;0,0;0,0;0,0;0,0;0,0;0,0;0,0;0,0;177460002;19,9;29,7;44,0;2020-08-16 00:05:06;E10,874307;N48,332910;502,600;300;SW V1-11 (2020-06-17);2019-06-11 14:16:04;original set-up
2020-08-16 02:10:06;SN19054;measure;13,97;13,11;12,64;74114,0;7860,2;1040,3;162,5;160,4;103,4;61,2;25,3;8,4;2,1;4,2;4,2;0,0;0,0;0,0;0,0;0,0;0,0;0,0;0,0;0,0;0,0;0,0;0,0;177460002;19,8;29,6;44,5;2020-08-16 00:10:06;E10,874305;N48,332910;502,300;300;SW V1-11 (2020-06-17);2019-06-11 14:16:04;original set-up
2020-08-16 02:15:06;SN19054;measure;14,78;14,06;13,66;76707,3;8111,3;1053,0;192,0;170,9;86,5;42,2;10,6;14,8;8,4;0,0;2,1;0,0;0,0;0,0;0,0;0,0;0,0;0,0;0,0;0,0;0,0;0,0;0,0;177460002;19,9;29,6;44,0;2020-08-16 00:15:06;E10,874302;N48,332902;501,500;300;SW V1-11 (2020-06-17);2019-06-11 14:16:04;original set-up
2020-08-16 02:20:06;SN19054;measure;15,80;15,18;14,68;79754,3;9122,1;1190,1;183,6;175,1;86,5;65,4;16,9;12,7;4,2;0,0;2,1;0,0;0,0;0,0;2,1;0,0;0,0;0,0;0,0;0,0;0,0;0,0;0,0;177460002;19,9;29,5;43,6;2020-08-16 00:20:06;E10,874307;N48,332907;500,900;300;SW V1-11 (2020-06-17);2019-06-11 14:16:04;original set-up
2020-08-16 02:25:06;SN19054;measure;14,81;14,39;13,96;78993,6;9015,1;1175,4;208,9;175,2;97,1;48,5;10,6;6,3;4,2;2,1;0,0;0,0;0,0;0,0;0,0;0,0;0,0;0,0;0,0;0,0;0,0;0,0;0,0;177460002;19,8;29,5;44,3;2020-08-16 00:25:06;E10,874282;N48,332902;499,200;300;SW V1-11 (2020-06-17);2019-06-11 14:16:04;original set-up
2020-08-16 02:30:06;SN19054;measure;15,32;14,86;14,41;80252,3;9122,1;1299,8;208,9;227,9;88,6;48,5;14,8;8,4;0,0;0,0;0,0;2,1;0,0;0,0;2,1;0,0;0,0;0,0;0,0;0,0;0,0;0,0;0,0;177460002;19,8;29,4;44,1;2020-08-16 00:30:06;E10,874315;N48,332892;501,100;300;SW V1-11 (2020-06-17);2019-06-11 14:16:04;original set-up
2020-08-16 02:35:06;SN19054;measure;15,37;14,79;14,38;82468,0;9997,8;1264,0;202,6;162,5;109,7;38,0;14,8;8,4;2,1;4,2;0,0;0,0;2,1;2,1;0,0;0,0;0,0;0,0;0,0;0,0;0,0;0,0;0,0;177460002;19,6;29,4;44,3;2020-08-16 00:35:06;E10,874287;N48,332922;502,100;300;SW V1-11 (2020-06-17);2019-06-11 14:16:04;original set-up
2020-08-16 02:40:06;SN19054;measure;13,66;13,02;12,63;73133,4;7552,6;1133,2;177,3;183,6;116,1;35,9;4,2;14,8;8,4;2,1;0,0;0,0;0,0;0,0;0,0;0,0;0,0;0,0;0,0;0,0;0,0;0,0;0,0;177460002;19,4;29,4;43,8;2020-08-16 00:40:06;E10,874300;N48,332933;499,800;300;SW V1-11 (2020-06-17);2019-06-11 14:16:04;original set-up
2020-08-16 02:45:06;SN19054;measure;14,71;14,37;13,92;76373,9;8280,1;1141,6;175,1;196,2;116,1;44,3;16,9;4,2;4,2;0,0;0,0;0,0;0,0;2,1;0,0;0,0;0,0;0,0;0,0;0,0;0,0;0,0;0,0;177460002;19,4;29,3;43,0;2020-08-16 00:45:06;E10,874305;N48,332930;501,600;300;SW V1-11 (2020-06-17);2019-06-11 14:16:04;original set-up
2020-08-16 02:50:06;SN19054;measure;15,61;14,72;14,24;78478,7;9192,3;1278,8;219,5;183,6;82,3;61,2;14,8;12,7;6,3;4,2;2,1;0,0;0,0;0,0;0,0;0,0;0,0;0,0;0,0;0,0;0,0;0,0;0,0;177460002;19,6;29,2;43,6;2020-08-16 00:50:06;E10,874325;N48,332938;502,800;300;SW V1-11 (2020-06-17);2019-06-11 14:16:04;original set-up
2020-08-16 02:55:06;SN19054;measure;10,72;10,10;9,83;56304,0;6666,3;932,7;151,9;114,0;71,7;21,1;12,7;4,2;0,0;2,1;4,2;0,0;4,2;0,0;0,0;0,0;0,0;0,0;0,0;0,0;0,0;0,0;0,0;177460002;19,4;29,2;44,3;2020-08-16 00:55:06;E10,874323;N48,332935;502,700;300;SW V1-11 (2020-06-17);2019-06-11 14:16:04;original set-up
2020-08-16 03:00:06;SN19054;measure;14,91;14,21;13,76;81628,1;9765,7;1434,9;246,9;189,9;95,0;57,0;10,6;10,6;4,2;4,2;2,1;0,0;0,0;0,0;0,0;0,0;0,0;0,0;0,0;0,0;0,0;0,0;0,0;177460002;19,1;29,1;44,3;2020-08-16 01:00:06;E10,874303;N48,332922;502,200;300;SW V1-11 (2020-06-17);2019-06-11 14:16:04;original set-up
2020-08-16 03:05:06;SN19054;measure;15,32;14,99;14,57;83863,3;9800,2;1221,7;188,6;166,7;87,7;52,6;11,0;11,0;2,2;0,0;0,0;0,0;0,0;0,0;0,0;0,0;0,0;0,0;0,0;0,0;0,0;0,0;0,0;177460002;19,1;29,1;43,7;2020-08-16 01:05:06;E10,874345;N48,332875;503,900;300;SW V1-11 (2020-06-17);2019-06-11 14:16:04;original set-up
2020-08-16 03:10:06;SN19054;measure;16,45;15,49;14,94;81677,7;9684,3;1460,6;195,8;195,8;101,1;60,2;25,8;21,5;4,3;2,2;2,2;0,0;0,0;0,0;0,0;0,0;2,2;0,0;0,0;0,0;0,0;0,0;0,0;177460002;19,1;28,9;42,9;2020-08-16 01:10:06;E10,874332;N48,332833;509,300;300;SW V1-11 (2020-06-17);2019-06-11 14:16:04;original set-up
2020-08-16 03:15:06;SN19054;measure;14,84;14,17;13,79;77381,7;8777,6;1254,9;219,4;189,6;85,2;34,1;12,8;8,5;6,4;4,3;0,0;0,0;0,0;2,1;0,0;0,0;0,0;0,0;0,0;0,0;0,0;0,0;0,0;177460002;19,0;28,8;43,5;2020-08-16 01:15:06;E10,874272;N48,332928;506,300;300;SW V1-11 (2020-06-17);2019-06-11 14:16:04;original set-up
2020-08-16 03:20:06;SN19054;measure;15,52;14,51;14,07;81228,6;9725,9;1320,9;208,1;197,5;87,1;55,2;10,6;17,0;2,1;4,2;2,1;2,1;2,1;0,0;0,0;0,0;0,0;0,0;0,0;0,0;0,0;0,0;0,0;177460002;18,9;28,8;44,2;2020-08-16 01:20:06;E10,874308;N48,332883;504,500;300;SW V1-11 (2020-06-17);2019-06-11 14:16:04;original set-up
2020-08-16 03:25:06;SN19054;measure;15,65;15,17;14,71;84900,9;10752,1;1596,2;241,3;184,2;88,9;55,0;14,8;12,7;2,1;2,1;0,0;0,0;0,0;2,1;0,0;0,0;0,0;0,0;0,0;0,0;0,0;0,0;0,0;177460002;19,0;28,7;44,6;2020-08-16 01:25:06;E10,874240;N48,332962;504,000;300;SW V1-11 (2020-06-17);2019-06-11 14:16:04;original set-up
2020-08-16 03:30:06;SN19054;measure;16,92;16,14;15,62;91518,6;13349,6;1964,5;285,8;203,2;116,4;59,3;23,3;10,6;2,1;0,0;6,4;0,0;0,0;0,0;0,0;0,0;0,0;0,0;0,0;0,0;0,0;0,0;0,0;177460002;18,9;28,6;45,0;2020-08-16 01:30:06;E10,874273;N48,332953;508,800;300;SW V1-11 (2020-06-17);2019-06-11 14:16:04;original set-up
2020-08-16 03:35:06;SN19054;measure;17,07;16,11;15,59;92149,6;13374,1;1998,3;294,2;228,6;91,0;67,7;27,5;8,5;2,1;10,6;0,0;0,0;2,1;0,0;0,0;0,0;0,0;0,0;0,0;0,0;0,0;0,0;0,0;177460002;18,8;28,5;45,1;2020-08-16 01:35:06;E10,874300;N48,332932;511,500;300;SW V1-11 (2020-06-17);2019-06-11 14:16:04;original set-up
2020-08-16 03:40:06;SN19054;measure;16,39;15,61;15,11;87725,0;11929,1;1833,3;283,7;203,2;86,8;63,5;19,1;14,8;4,2;2,1;2,1;0,0;2,1;2,1;0,0;2,1;0,0;0,0;0,0;0,0;0,0;0,0;0,0;177460002;18,8;28,5;44,7;2020-08-16 01:40:06;E10,874282;N48,332917;509,100;300;SW V1-11 (2020-06-17);2019-06-11 14:16:04;original set-up
2020-08-16 03:45:06;SN19054;measure;15,62;14,87;14,48;84253,1;11048,6;1700,8;230,0;189,9;92,8;38,0;6,3;14,8;2,1;2,1;4,2;0,0;2,1;0,0;0,0;0,0;0,0;0,0;0,0;0,0;0,0;0,0;0,0;177460002;18,9;28,4;45,3;2020-08-16 01:45:06;E10,874307;N48,332963;511,400;300;SW V1-11 (2020-06-17);2019-06-11 14:16:04;original set-up
2020-08-16 03:50:06;SN19054;measure;17,37;16,72;16,24;93782,4;14482,8;1979,4;316,5;204,7;92,9;57,0;10,6;16,9;2,1;0,0;0,0;2,1;2,1;0,0;0,0;0,0;0,0;0,0;2,1;0,0;0,0;0,0;0,0;177460002;18,9;28,4;45,5;2020-08-16 01:50:06;E10,874298;N48,332975;511,300;300;SW V1-11 (2020-06-17);2019-06-11 14:16:04;original set-up
2020-08-16 03:55:06;SN19054;measure;17,83;17,18;16,72;99522,3;16346,1;2443,7;329,2;202,6;118,2;44,3;19,0;4,2;4,2;0,0;4,2;0,0;4,2;0,0;0,0;0,0;0,0;0,0;0,0;0,0;0,0;0,0;0,0;177460002;18,9;28,4;46,0;2020-08-16 01:55:06;E10,874287;N48,332998;512,100;300;SW V1-11 (2020-06-17);2019-06-11 14:16:04;original set-up
2020-08-16 04:00:06;SN19054;measure;17,45;16,79;16,37;98633,7;15800,6;2407,7;327,1;206,8;82,3;46,4;16,9;8,4;2,1;2,1;4,2;0,0;0,0;0,0;0,0;0,0;0,0;0,0;0,0;0,0;0,0;0,0;0,0;177460002;18,9;28,3;46,3;2020-08-16 02:00:06;E10,874308;N48,332982;511,500;300;SW V1-11 (2020-06-17);2019-06-11 14:16:04;original set-up
2020-08-16 04:05:06;SN19054;measure;17,31;16,77;16,34;97644,2;15531,6;2376,2;287,0;204,7;82,3;52,8;14,8;8,4;2,1;0,0;4,2;0,0;0,0;0,0;0,0;0,0;0,0;0,0;0,0;0,0;0,0;0,0;0,0;177460002;18,8;28,4;45,8;2020-08-16 02:05:06;E10,874332;N48,332978;510,800;300;SW V1-11 (2020-06-17);2019-06-11 14:16:04;original set-up
2020-08-16 04:10:06;SN19054;measure;18,75;17,92;17,39;100912,6;16840,9;2692,5;398,8;187,8;111,8;65,4;8,4;6,3;4,2;2,1;4,2;2,1;0,0;0,0;0,0;0,0;0,0;0,0;0,0;0,0;0,0;0,0;0,0;177460002;18,9;28,4;45,5;2020-08-16 02:10:06;E10,874322;N48,332980;510,900;300;SW V1-11 (2020-06-17);2019-06-11 14:16:04;original set-up
2020-08-16 04:15:06;SN19054;measure;17,95;17,12;16,67;101425,8;16464,3;2639,9;379,8;198,4;84,4;48,5;16,9;14,8;2,1;6,3;2,1;0,0;0,0;0,0;0,0;0,0;0,0;0,0;0,0;0,0;0,0;0,0;0,0;177460002;18,8;28,3;46,1;2020-08-16 02:15:06;E10,874318;N48,332980;510,900;300;SW V1-11 (2020-06-17);2019-06-11 14:16:04;original set-up
2020-08-16 04:20:06;SN19054;measure;19,19;18,12;17,62;103024,8;17334,7;2783,3;346,1;225,8;103,4;48,5;27,4;8,4;4,2;2,1;2,1;4,2;0,0;0,0;0,0;0,0;0,0;0,0;0,0;0,0;0,0;0,0;0,0;177460002;18,9;28,3;45,9;2020-08-16 02:20:06;E10,874320;N48,332978;510,600;300;SW V1-11 (2020-06-17);2019-06-11 14:16:04;original set-up
2020-08-16 04:25:06;SN19054;measure;18,55;17,85;17,31;102917,2;16997,1;2565,9;388,3;208,9;101,3;65,4;27,4;4,2;2,1;4,2;2,1;0,0;2,1;0,0;0,0;0,0;0,0;0,0;0,0;0,0;0,0;0,0;0,0;177460002;18,9;28,3;46,0;2020-08-16 02:25:06;E10,874310;N48,332955;508,800;300;SW V1-11 (2020-06-17);2019-06-11 14:16:04;original set-up
2020-08-16 04:30:06;SN19054;measure;18,17;17,46;16,96;100948,9;16272,3;2395,2;318,7;238,5;99,2;54,9;27,4;6,3;4,2;2,1;0,0;2,1;0,0;0,0;2,1;2,1;0,0;0,0;0,0;0,0;0,0;0,0;0,0;177460002;18,9;28,3;46,1;2020-08-16 02:30:06;E10,874307;N48,332948;506,800;300;SW V1-11 (2020-06-17);2019-06-11 14:16:04;original set-up
2020-08-16 04:35:06;SN19054;measure;17,38;16,97;16,54;100302,8;16220,5;2504,7;384,0;246,9;88,6;40,1;10,6;10,6;2,1;0,0;2,1;0,0;0,0;0,0;0,0;0,0;0,0;0,0;0,0;0,0;0,0;0,0;0,0;177460002;18,8;28,4;46,0;2020-08-16 02:35:06;E10,874308;N48,332948;506,700;300;SW V1-11 (2020-06-17);2019-06-11 14:16:04;original set-up
2020-08-16 04:40:06;SN19054;measure;18,34;17,71;17,21;101774,0;17027,7;2680,0;375,6;208,9;101,3;52,8;14,8;23,2;2,1;2,1;0,0;0,0;0,0;0,0;0,0;0,0;0,0;0,0;0,0;0,0;0,0;0,0;0,0;177460002;18,8;28,4;45,7;2020-08-16 02:40:06;E10,874312;N48,332945;506,600;300;SW V1-11 (2020-06-17);2019-06-11 14:16:04;original set-up
2020-08-16 04:45:06;SN19054;measure;18,67;17,66;17,16;100537,0;17020,3;2481,5;293,3;204,7;80,2;69,6;19,0;10,6;4,2;2,1;4,2;2,1;2,1;0,0;0,0;0,0;0,0;0,0;0,0;0,0;0,0;0,0;0,0;177460002;18,9;28,3;45,8;2020-08-16 02:45:06;E10,874308;N48,332943;506,400;300;SW V1-11 (2020-06-17);2019-06-11 14:16:04;original set-up
2020-08-16 04:50:06;SN19054;measure;16,55;16,10;15,67;99716,5;16567,7;2502,8;352,4;200,5;95,0;52,8;8,4;16,9;2,1;2,1;0,0;0,0;0,0;0,0;0,0;0,0;0,0;0,0;0,0;0,0;0,0;0,0;0,0;177460002;18,4;28,4;45,9;2020-08-16 02:50:06;E10,874315;N48,332940;503,600;300;SW V1-11 (2020-06-17);2019-06-11 14:16:04;original set-up
2020-08-16 04:55:06;SN19054;measure;18,65;18,02;17,45;103244,3;17623,8;2846,6;375,6;208,9;109,7;80,2;12,7;14,8;0,0;6,3;0,0;0,0;0,0;0,0;0,0;0,0;0,0;0,0;0,0;0,0;0,0;0,0;0,0;177460002;18,6;28,3;45,2;2020-08-16 02:55:06;E10,874308;N48,332942;502,600;300;SW V1-11 (2020-06-17);2019-06-11 14:16:04;original set-up
2020-08-16 05:00:06;SN19054;measure;17,96;17,22;16,67;97597,8;16401,0;2578,7;348,2;238,5;86,5;78,1;12,7;14,8;10,6;2,1;0,0;0,0;0,0;0,0;0,0;0,0;0,0;0,0;0,0;0,0;0,0;0,0;0,0;177460002;18,6;28,3;45,1;2020-08-16 03:00:06;E10,874297;N48,332930;502,500;300;SW V1-11 (2020-06-17);2019-06-11 14:16:04;original set-up
2020-08-16 05:05:06;SN19054;measure;17,40;16,82;16,37;98498,8;16464,3;2625,2;350,3;175,2;95,0;50,6;19,0;6,3;0,0;2,1;4,2;0,0;0,0;2,1;0,0;0,0;0,0;0,0;0,0;0,0;0,0;0,0;0,0;177460002;18,4;28,2;45,4;2020-08-16 03:05:06;E10,874292;N48,332888;502,900;300;SW V1-11 (2020-06-17);2019-06-11 14:16:04;original set-up
2020-08-16 05:10:06;SN19054;measure;13,11;12,75;12,43;73818,6;12548,9;1926,5;289,1;143,5;52,8;35,9;10,6;4,2;4,2;2,1;0,0;0,0;0,0;0,0;2,1;0,0;0,0;0,0;0,0;0,0;0,0;0,0;0,0;177460002;18,5;28,2;45,5;2020-08-16 03:10:06;E10,874348;N48,332892;508,300;300;SW V1-11 (2020-06-17);2019-06-11 14:16:04;original set-up
2020-08-16 05:15:06;SN19054;measure;17,94;17,04;16,58;102605,4;18458,5;2827,8;386,2;196,3;99,2;44,3;25,3;10,6;2,1;2,1;4,2;2,1;0,0;0,0;0,0;0,0;0,0;0,0;0,0;0,0;0,0;0,0;0,0;177460002;18,4;28,2;45,9;2020-08-16 03:15:06;E10,874345;N48,332883;507,000;300;SW V1-11 (2020-06-17);2019-06-11 14:16:04;original set-up
2020-08-16 05:20:06;SN19054;measure;17,18;16,21;15,74;102753,1;17823,3;2825,6;358,7;251,1;122,4;48,5;14,8;10,6;4,2;0,0;2,1;6,3;0,0;0,0;0,0;0,0;0,0;0,0;0,0;0,0;0,0;0,0;0,0;177460002;18,2;28,1;46,3;2020-08-16 03:20:06;E10,874347;N48,332895;505,700;300;SW V1-11 (2020-06-17);2019-06-11 14:16:04;original set-up
2020-08-16 05:25:06;SN19054;measure;16,88;15,97;15,44;100796,5;17784,1;2726,3;362,9;225,8;113,9;78,1;23,2;8,4;6,3;2,1;0,0;4,2;2,1;0,0;0,0;2,1;2,1;0,0;0,0;0,0;0,0;0,0;0,0;177460002;18,1;28,1;46,1;2020-08-16 03:25:06;E10,874328;N48,332903;504,400;300;SW V1-11 (2020-06-17);2019-06-11 14:16:04;original set-up
2020-08-16 05:30:06;SN19054;measure;17,25;16,41;15,97;101381,5;17907,7;2910,1;392,5;219,5;88,6;44,3;25,3;6,3;8,4;2,1;4,2;0,0;2,1;0,0;0,0;0,0;0,0;0,0;0,0;0,0;0,0;0,0;0,0;177460002;18,1;28,1;45,9;2020-08-16 03:30:06;E10,874328;N48,332907;503,000;300;SW V1-11 (2020-06-17);2019-06-11 14:16:04;original set-up
2020-08-16 05:35:06;SN19054;measure;16,50;15,75;15,21;101792,5;18128,1;2857,1;337,6;232,1;118,2;82,3;25,3;12,7;6,3;2,1;0,0;2,1;0,0;0,0;0,0;0,0;0,0;0,0;0,0;0,0;0,0;0,0;0,0;177460002;17,9;28,0;46,3;2020-08-16 03:35:06;E10,874323;N48,332907;502,600;300;SW V1-11 (2020-06-17);2019-06-11 14:16:04;original set-up
2020-08-16 05:40:06;SN19054;measure;17,47;16,63;16,14;104375,9;19735,2;3144,3;445,3;206,8;82,3;65,4;21,1;16,9;4,2;2,1;4,2;0,0;2,1;0,0;0,0;0,0;0,0;0,0;0,0;0,0;0,0;0,0;0,0;177460002;18,1;28,0;46,2;2020-08-16 03:40:06;E10,874315;N48,332907;502,100;300;SW V1-11 (2020-06-17);2019-06-11 14:16:04;original set-up
2020-08-16 05:45:06;SN19054;measure;19,15;17,93;17,37;108289,6;21877,8;3583,0;445,2;217,3;139,3;46,4;35,9;19,0;0,0;4,2;2,1;4,2;2,1;0,0;0,0;0,0;0,0;0,0;0,0;0,0;0,0;0,0;0,0;177460002;18,1;27,9;46,1;2020-08-16 03:45:06;E10,874323;N48,332903;500,700;300;SW V1-11 (2020-06-17);2019-06-11 14:16:04;original set-up
2020-08-16 05:50:06;SN19054;measure;18,58;17,56;16,99;108423,4;22522,9;3929,3;514,9;291,2;107,6;65,4;23,2;16,9;12,7;4,2;2,1;0,0;0,0;0,0;0,0;0,0;0,0;0,0;0,0;0,0;0,0;0,0;0,0;177460002;18,1;27,9;46,4;2020-08-16 03:50:06;E10,874312;N48,332867;491,300;300;SW V1-11 (2020-06-17);2019-06-11 14:16:04;original set-up
2020-08-16 05:55:06;SN19054;measure;18,30;17,53;16,94;108670,3;23244,6;4169,9;601,4;289,1;111,8;71,7;16,9;16,9;4,2;6,3;0,0;0,0;2,1;2,1;0,0;0,0;0,0;0,0;0,0;0,0;0,0;0,0;0,0;177460002;17,9;27,8;46,4;2020-08-16 03:55:06;E10,874330;N48,332875;492,300;300;SW V1-11 (2020-06-17);2019-06-11 14:16:04;original set-up
2020-08-16 06:00:06;SN19054;measure;19,80;18,68;18,11;112313,6;25036,7;4477,7;595,1;312,3;80,2;73,9;14,8;10,6;6,3;6,3;4,2;2,1;0,0;2,1;0,0;0,0;0,0;0,0;0,0;0,0;0,0;0,0;0,0;177460002;18,1;27,8;46,4;2020-08-16 04:00:06;E10,874320;N48,332883;493,200;300;SW V1-11 (2020-06-17);2019-06-11 14:16:04;original set-up
2020-08-16 06:05:06;SN19054;measure;19,09;17,54;16,94;113918,6;26093,5;4617,3;647,9;299,7;151,9;63,3;23,2;14,8;8,4;8,4;6,3;4,2;0,0;0,0;0,0;0,0;0,0;0,0;0,0;0,0;0,0;0,0;0,0;177460002;17,8;27,8;46,9;2020-08-16 04:05:06;E10,874243;N48,332945;497,400;300;SW V1-11 (2020-06-17);2019-06-11 14:16:04;original set-up
2020-08-16 06:10:06;SN19054;measure;18,85;17,81;17,23;111539,2;24726,5;4424,9;578,2;325,0;124,5;61,2;21,1;14,8;4,2;8,4;4,2;0,0;0,0;0,0;0,0;0,0;0,0;0,0;0,0;0,0;0,0;0,0;0,0;177460002;17,9;27,7;46,9;2020-08-16 04:10:06;E10,874310;N48,332965;506,000;300;SW V1-11 (2020-06-17);2019-06-11 14:16:04;original set-up
2020-08-16 06:15:06;SN19054;measure;17,25;16,73;16,20;109183,1;22501,8;3996,8;523,3;274,3;118,2;65,4;14,8;14,8;4,2;2,1;0,0;0,0;2,1;0,0;0,0;0,0;0,0;0,0;0,0;0,0;0,0;0,0;0,0;177460002;17,8;27,7;47,0;2020-08-16 04:15:06;E10,874312;N48,332963;506,500;300;SW V1-11 (2020-06-17);2019-06-11 14:16:04;original set-up
2020-08-16 06:20:06;SN19054;measure;18,96;17,85;17,35;109839,4;23405,0;4091,8;506,5;291,2;111,8;40,1;19,0;16,9;8,4;6,3;4,2;0,0;0,0;0,0;0,0;0,0;0,0;0,0;0,0;0,0;0,0;0,0;0,0;177460002;17,9;27,7;46,5;2020-08-16 04:20:06;E10,874307;N48,332970;505,400;300;SW V1-11 (2020-06-17);2019-06-11 14:16:04;original set-up
2020-08-16 06:25:06;SN19054;measure;18,93;18,35;17,81;110684,6;24101,9;4365,9;588,7;301,7;116,1;52,8;14,8;6,3;4,2;2,1;0,0;2,1;0,0;0,0;0,0;0,0;0,0;0,0;0,0;0,0;0,0;0,0;0,0;177460002;18,1;27,7;46,5;2020-08-16 04:25:06;E10,874337;N48,332918;504,700;300;SW V1-11 (2020-06-17);2019-06-11 14:16:04;original set-up
2020-08-16 06:30:06;SN19054;measure;19,53;18,06;17,48;110879,8;23945,2;4267,0;639,4;259,6;107,6;61,2;23,2;12,7;12,7;0,0;2,1;8,4;0,0;0,0;0,0;0,0;0,0;0,0;0,0;0,0;0,0;0,0;0,0;177460002;18,0;27,8;46,5;2020-08-16 04:30:06;E10,874282;N48,332927;499,900;300;SW V1-11 (2020-06-17);2019-06-11 14:16:04;original set-up
2020-08-16 06:35:06;SN19054;measure;18,22;17,36;16,75;112138,5;25000,8;4458,7;616,2;263,8;120,3;73,9;31,7;23,2;2,1;2,1;4,2;0,0;0,0;0,0;0,0;0,0;0,0;0,0;0,0;0,0;0,0;0,0;0,0;177460002;17,9;27,9;46,7;2020-08-16 04:35:06;E10,874333;N48,332908;502,200;300;SW V1-11 (2020-06-17);2019-06-11 14:16:04;original set-up
2020-08-16 06:40:06;SN19054;measure;18,62;17,81;17,24;110805,9;24941,3;4653,1;631,0;320,8;92,9;57,0;29,5;19,0;2,1;4,2;2,1;0,0;0,0;0,0;0,0;0,0;0,0;0,0;0,0;0,0;0,0;0,0;0,0;177460002;18,1;27,9;46,5;2020-08-16 04:40:06;E10,874327;N48,332935;503,800;300;SW V1-11 (2020-06-17);2019-06-11 14:16:04;original set-up
2020-08-16 06:45:06;SN19054;measure;18,74;17,78;17,12;110127,5;25768,9;4659,2;668,9;312,3;116,1;78,1;29,5;23,2;0,0;2,1;2,1;2,1;4,2;0,0;0,0;0,0;0,0;0,0;0,0;0,0;0,0;0,0;0,0;177460002;18,1;28,0;46,6;2020-08-16 04:45:06;E10,874320;N48,332937;503,800;300;SW V1-11 (2020-06-17);2019-06-11 14:16:04;original set-up
2020-08-16 06:50:06;SN19054;measure;20,42;18,50;17,85;114920,9;30244,4;6674,8;918,0;411,5;109,7;50,6;27,4;14,8;2,1;12,7;2,1;10,6;0,0;4,2;0,0;0,0;0,0;0,0;0,0;0,0;0,0;0,0;0,0;177460002;18,1;28,1;46,4;2020-08-16 04:50:06;E10,874303;N48,332948;500,300;300;SW V1-11 (2020-06-17);2019-06-11 14:16:04;original set-up
2020-08-16 06:55:06;SN19054;measure;23,85;18,43;17,63;115599,1;31626,6;7104,8;1040,3;424,1;145,6;76,0;23,2;46,4;16,9;14,8;23,2;27,4;19,0;21,1;12,7;12,7;6,3;4,2;4,2;14,8;4,2;0,0;0,0;177460002;18,0;28,2;46,3;2020-08-16 04:55:06;E10,874300;N48,332947;500,400;300;SW V1-11 (2020-06-17);2019-06-11 14:16:04;original set-up
2020-08-16 07:00:06;SN19054;measure;23,15;18,79;17,93;115452,7;33466,7;8327,1;1299,9;462,1;128,7;82,3;19,0;33,8;10,6;12,7;33,8;12,7;16,9;19,0;12,7;19,0;29,5;16,9;27,4;4,2;0,0;2,1;4,2;177460002;18,0;28,2;46,2;2020-08-16 05:00:06;E10,874277;N48,332940;499,700;300;SW V1-11 (2020-06-17);2019-06-11 14:16:04;original set-up
2020-08-16 07:05:06;SN19054;measure;24,59;17,96;17,12;116035,9;35521,9;8761,2;1333,6;559,2;128,7;59,1;42,2;33,8;35,9;14,8;33,8;29,5;38,0;31,7;35,9;33,8;21,1;27,4;33,8;14,8;10,6;8,4;8,4;177460002;17,9;28,2;46,3;2020-08-16 05:05:06;E10,874273;N48,332938;499,700;300;SW V1-11 (2020-06-17);2019-06-11 14:16:04;original set-up
2020-08-16 07:10:06;SN19054;measure;58,95;17,90;17,12;115389,4;31286,8;7090,5;1074,1;301,8;95,0;80,2;38,0;82,3;88,6;118,2;265,9;206,8;251,1;236,3;225,8;217,4;274,3;289,1;236,3;179,4;90,7;90,7;287,0;177460002;18,1;28,3;46,3;2020-08-16 05:10:06;E10,874282;N48,332925;499,700;300;SW V1-11 (2020-06-17);2019-06-11 14:16:04;original set-up
2020-08-16 07:15:06;SN19054;measure;59,58;17,45;16,74;113760,3;28727,1;6531,3;861,0;308,1;67,5;78,1;35,9;95,0;130,8;170,9;236,3;192,0;268,0;242,7;306,0;350,3;327,1;415,7;365,1;293,3;194,1;124,5;261,7;177460002;18,1;28,4;46,3;2020-08-16 05:15:06;E10,874282;N48,332918;500,200;300;SW V1-11 (2020-06-17);2019-06-11 14:16:04;original set-up
2020-08-16 07:20:06;SN19054;measure;62,37;16,14;15,40;111874,7;28655,5;6258,6;841,9;259,5;92,8;80,2;67,5;101,3;137,2;162,5;316,5;232,1;284,9;297,5;289,1;335,5;329,2;422,0;312,3;189,9;154,0;95,0;299,6;177460002;17,9;28,5;46,1;2020-08-16 05:20:06;E10,874282;N48,332918;500,200;300;SW V1-11 (2020-06-17);2019-06-11 14:16:04;original set-up
2020-08-16 07:25:06;SN19054;measure;55,70;17,39;16,61;110215,0;28334,6;6487,0;945,4;308,1;92,9;67,5;48,5;97,1;109,7;101,3;246,9;179,4;213,1;189,9;278,6;310,2;261,7;339,8;232,1;185,7;97,1;54,9;99,2;177460002;18,2;28,6;46,0;2020-08-16 05:25:06;E10,874272;N48,332922;500,000;300;SW V1-11 (2020-06-17);2019-06-11 14:16:04;original set-up
2020-08-16 07:30:06;SN19054;measure;92,09;16,75;15,70;109116,8;26868,2;5912,6;793,4;337,6;113,9;116,1;97,1;189,9;246,9;236,3;500,1;360,8;384,0;339,7;405,1;367,2;344,0;422,0;303,9;194,1;162,5;124,5;327,1;177460002;18,2;28,7;46,0;2020-08-16 05:30:06;E10,874265;N48,332923;500,000;300;SW V1-11 (2020-06-17);2019-06-11 14:16:04;original set-up
2020-08-16 07:35:06;SN19054;measure;87,05;17,49;16,27;110568,5;27440,1;5921,0;833,5;335,5;139,3;139,3;113,9;221,6;204,7;230,0;419,9;333,4;344,0;348,2;339,7;325,0;369,3;371,4;295,4;261,7;128,7;105,5;257,4;177460002;18,3;28,8;45,7;2020-08-16 05:35:06;E10,874278;N48,332920;499,800;300;SW V1-11 (2020-06-17);2019-06-11 14:16:04;original set-up
2020-08-16 07:40:06;SN19054;measure;76,14;16,09;15,22;107027,7;25452,3;5382,9;749,1;278,5;86,5;113,9;80,2;124,5;162,5;192,0;409,4;289,1;358,7;360,8;360,8;405,1;460,0;510,7;360,8;274,3;211,0;126,6;312,3;177460002;18,2;29,0;45,6;2020-08-16 05:40:06;E10,874275;N48,332922;500,000;300;SW V1-11 (2020-06-17);2019-06-11 14:16:04;original set-up
2020-08-16 07:45:06;SN19054;measure;56,84;16,18;15,54;107509,7;24529,7;5225,0;715,4;244,8;63,3;86,5;40,1;63,3;95,0;132,9;249,0;215,2;223,7;240,6;249,0;217,4;200,5;272,2;189,9;149,8;84,4;63,3;120,3;177460002;18,3;29,0;45,3;2020-08-16 05:45:06;E10,874263;N48,332920;502,700;300;SW V1-11 (2020-06-17);2019-06-11 14:16:04;original set-up
2020-08-16 07:50:06;SN19054;measure;50,86;15,86;15,29;106969,5;24171,0;5222,9;730,2;213,1;65,4;57,0;31,7;84,4;80,2;97,1;259,6;166,7;187,8;223,7;183,6;257,5;211,0;280,7;215,2;143,5;86,5;54,9;173,0;177460002;18,3;29,1;45,2;2020-08-16 05:50:06;E10,874262;N48,332945;501,600;300;SW V1-11 (2020-06-17);2019-06-11 14:16:04;original set-up
2020-08-16 07:55:06;SN19054;measure;53,53;17,14;16,45;106179,5;24846,7;5167,7;671,0;255,3;90,7;69,6;35,9;90,7;116,1;135,0;179,4;168,8;179,4;189,9;223,7;187,8;179,4;253,2;194,1;120,3;116,1;71,7;206,8;177460002;18,7;29,2;45,0;2020-08-16 05:55:06;E10,874267;N48,332940;501,800;300;SW V1-11 (2020-06-17);2019-06-11 14:16:04;original set-up
2020-08-16 08:00:06;SN19054;measure;56,49;18,41;17,62;107680,6;25230,4;5396,0;761,8;244,8;92,9;86,5;52,8;61,2;78,1;139,3;217,4;158,3;158,3;145,6;147,7;141,4;128,7;141,4;105,5;73,9;59,1;46,4;130,8;177460002;19,1;29,4;44,8;2020-08-16 06:00:06;E10,874273;N48,332935;501,600;300;SW V1-11 (2020-06-17);2019-06-11 14:16:04;original set-up
2020-08-16 08:05:06;SN19054;measure;27,95;18,28;17,75;109732,9;25633,8;5397,7;780,7;282,8;86,5;31,7;14,8;23,2;29,5;16,9;46,4;50,6;50,6;57,0;38,0;31,7;40,1;29,5;23,2;21,1;16,9;2,1;27,4;177460002;19,1;29,6;44,6;2020-08-16 06:05:06;E10,874332;N48,332902;507,600;300;SW V1-11 (2020-06-17);2019-06-11 14:16:04;original set-up
2020-08-16 08:10:06;SN19054;measure;38,35;20,27;19,56;108083,7;25059,4;5043,5;730,2;265,9;78,1;59,1;29,5;48,5;46,4;44,3;86,5;67,5;88,6;73,9;76,0;61,2;90,7;63,3;67,5;40,1;21,1;27,4;54,9;177460002;19,9;29,9;44,2;2020-08-16 06:10:06;E10,874313;N48,332920;508,200;300;SW V1-11 (2020-06-17);2019-06-11 14:16:04;original set-up
2020-08-16 08:15:06;SN19054;measure;21,52;17,90;17,49;103923,7;22019,2;4220,3;517,0;187,8;61,2;29,5;19,0;12,7;8,4;14,8;14,8;14,8;10,6;16,9;10,6;16,9;12,7;12,7;25,3;4,2;0,0;2,1;10,6;177460002;19,6;30,1;43,8;2020-08-16 06:15:06;E10,874298;N48,332935;506,900;300;SW V1-11 (2020-06-17);2019-06-11 14:16:04;original set-up
2020-08-16 08:20:06;SN19054;measure;21,59;21,25;20,82;105152,5;21539,5;3994,7;438,9;208,9;52,8;33,8;12,7;2,1;0,0;0,0;2,1;0,0;2,1;0,0;4,2;2,1;2,1;4,2;0,0;4,2;0,0;2,1;0,0;177460002;21,1;30,5;42,9;2020-08-16 06:20:06;E10,874260;N48,332950;506,700;300;SW V1-11 (2020-06-17);2019-06-11 14:16:04;original set-up
2020-08-16 08:25:06;SN19054;measure;20,76;20,39;20,03;98063,9;17001,3;2705,2;388,3;118,2;54,9;19,0;10,6;10,6;2,1;0,0;0,0;0,0;0,0;0,0;0,0;0,0;0,0;0,0;0,0;0,0;0,0;0,0;0,0;177460002;21,6;30,8;42,1;2020-08-16 06:25:06;E10,874243;N48,332963;507,400;300;SW V1-11 (2020-06-17);2019-06-11 14:16:04;original set-up
2020-08-16 08:30:06;SN19054;measure;18,64;18,39;18,13;92339,1;14538,8;2329,6;253,2;137,2;35,9;21,1;2,1;2,1;2,1;2,1;0,0;0,0;0,0;0,0;0,0;0,0;0,0;0,0;0,0;0,0;0,0;0,0;0,0;177460002;21,5;31,4;41,7;2020-08-16 06:30:06;E10,874323;N48,332932;507,000;300;SW V1-11 (2020-06-17);2019-06-11 14:16:04;original set-up
2020-08-16 08:35:06;SN19054;measure;19,21;18,74;18,48;87909,5;12452,7;1878,1;170,9;90,7;38,0;23,2;8,4;4,2;0,0;0,0;4,2;0,0;0,0;0,0;0,0;0,0;0,0;0,0;0,0;0,0;0,0;0,0;0,0;177460002;22,6;32,1;40,2;2020-08-16 06:35:06;E10,874323;N48,332933;507,500;300;SW V1-11 (2020-06-17);2019-06-11 14:16:04;original set-up
2020-08-16 08:40:06;SN19054;measure;19,48;19,18;18,88;89492,2;12695,4;2019,5;217,4;126,6;42,2;14,8;14,8;8,4;0,0;0,0;0,0;0,0;0,0;0,0;0,0;0,0;0,0;0,0;0,0;0,0;0,0;0,0;0,0;177460002;23,0;32,9;39,3;2020-08-16 06:40:06;E10,874313;N48,332948;503,700;300;SW V1-11 (2020-06-17);2019-06-11 14:16:04;original set-up
2020-08-16 08:45:06;SN19054;measure;19,70;19,08;18,77;85892,7;11616,2;1696,5;208,9;101,3;48,5;25,3;4,2;6,3;8,4;2,1;0,0;0,0;0,0;0,0;0,0;0,0;0,0;0,0;0,0;0,0;0,0;0,0;0,0;177460002;23,8;33,8;37,7;2020-08-16 06:45:06;E10,874310;N48,332902;500,400;300;SW V1-11 (2020-06-17);2019-06-11 14:16:04;original set-up
2020-08-16 08:50:06;SN19054;measure;18,41;17,87;17,50;83041,1;10604,1;1565,8;198,4;105,5;76,0;23,2;19,0;4,2;4,2;2,1;0,0;0,0;0,0;0,0;0,0;0,0;0,0;0,0;0,0;0,0;0,0;0,0;0,0;177460002;23,3;34,6;36,1;2020-08-16 06:50:06;E10,874322;N48,332917;502,200;300;SW V1-11 (2020-06-17);2019-06-11 14:16:04;original set-up
2020-08-16 08:55:06;SN19054;measure;19,00;18,23;17,84;79975,9;10067,4;1597,4;196,2;113,9;48,5;31,7;14,8;16,9;0,0;4,2;0,0;0,0;0,0;0,0;0,0;0,0;0,0;0,0;0,0;0,0;0,0;0,0;0,0;177460002;24,6;35,5;34,7;2020-08-16 06:55:06;E10,874323;N48,332913;501,500;300;SW V1-11 (2020-06-17);2019-06-11 14:16:04;original set-up
2020-08-16 09:00:06;SN19054;measure;18,56;17,75;17,35;77826,7;9785,3;1390,7;158,3;84,4;63,3;38,0;16,9;6,3;8,4;2,1;0,0;0,0;2,1;0,0;0,0;0,0;0,0;2,1;0,0;0,0;0,0;0,0;0,0;177460002;24,8;36,3;33,7;2020-08-16 07:00:06;E10,874338;N48,332943;504,100;300;SW V1-11 (2020-06-17);2019-06-11 14:16:04;original set-up
2020-08-16 09:05:06;SN19054;measure;16,56;16,15;15,76;73305,8;8524,9;1325,2;183,6;139,3;63,3;35,9;8,4;8,4;4,2;0,0;0,0;0,0;0,0;0,0;0,0;0,0;0,0;0,0;0,0;0,0;0,0;0,0;0,0;177460002;24,2;37,1;32,5;2020-08-16 07:05:06;E10,874355;N48,332942;506,900;300;SW V1-11 (2020-06-17);2019-06-11 14:16:04;original set-up
2020-08-16 09:10:06;SN19054;measure;16,52;15,76;15,34;70220,5;7635,8;1140,7;168,9;109,7;61,4;43,9;13,2;11,0;0,0;2,2;0,0;2,2;0,0;0,0;0,0;0,0;0,0;0,0;0,0;0,0;0,0;0,0;0,0;177460002;24,7;37,8;31,5;2020-08-16 07:10:06;E10,874333;N48,332945;505,000;300;SW V1-11 (2020-06-17);2019-06-11 14:16:04;original set-up
2020-08-16 09:15:06;SN19054;measure;15,77;15,12;14,66;66564,0;6800,0;1110,7;167,3;120,4;73,6;46,8;8,9;11,2;8,9;0,0;0,0;0,0;0,0;0,0;0,0;2,2;0,0;0,0;0,0;0,0;0,0;0,0;0,0;177460002;24,9;38,4;30,4;2020-08-16 07:15:06;E10,874325;N48,332942;504,300;300;SW V1-11 (2020-06-17);2019-06-11 14:16:04;original set-up
2020-08-16 09:20:06;SN19054;measure;15,67;14,92;14,45;63868,6;6370,6;966,4;198,2;103,6;76,6;36,0;20,3;13,5;6,8;0,0;0,0;0,0;0,0;0,0;0,0;0,0;0,0;0,0;0,0;0,0;0,0;0,0;0,0;177460002;25,5;38,9;29,5;2020-08-16 07:20:06;E10,874335;N48,332973;505,200;300;SW V1-11 (2020-06-17);2019-06-11 14:16:04;original set-up
2020-08-16 09:25:06;SN19054;measure;15,48;14,47;13,93;60303,1;5859,2;1017,2;171,8;110,8;61,0;61,0;18,1;13,6;2,3;2,3;0,0;2,3;0,0;0,0;0,0;0,0;0,0;0,0;0,0;0,0;0,0;0,0;0,0;177460002;26,2;39,3;29,2;2020-08-16 07:25:06;E10,874305;N48,332987;500,800;300;SW V1-11 (2020-06-17);2019-06-11 14:16:04;original set-up
2020-08-16 09:30:06;SN19054;measure;13,59;12,94;12,42;55162,1;4971,8;766,6;117,9;131,6;90,7;49,9;13,6;15,9;4,5;0,0;0,0;0,0;0,0;0,0;0,0;0,0;0,0;0,0;0,0;0,0;0,0;0,0;0,0;177460002;25,8;39,7;28,8;2020-08-16 07:30:06;E10,874275;N48,332970;498,600;300;SW V1-11 (2020-06-17);2019-06-11 14:16:04;original set-up
2020-08-16 09:35:06;SN19054;measure;12,88;11,87;11,43;49389,6;4384,4;739,4;138,4;152,0;70,3;40,8;11,3;4,5;0,0;4,5;2,3;2,3;0,0;0,0;0,0;0,0;0,0;0,0;0,0;0,0;0,0;0,0;0,0;177460002;26,4;40,1;28,0;2020-08-16 07:35:06;E10,874283;N48,332960;497,300;300;SW V1-11 (2020-06-17);2019-06-11 14:16:04;original set-up
2020-08-16 09:40:06;SN19054;measure;11,23;10,60;10,14;43447,0;3352,4;555,7;113,4;158,8;74,8;45,4;9,1;4,5;2,3;2,3;2,3;0,0;0,0;0,0;0,0;0,0;0,0;0,0;0,0;0,0;0,0;0,0;0,0;177460002;26,9;40,4;27,6;2020-08-16 07:40:06;E10,874293;N48,332970;505,300;300;SW V1-11 (2020-06-17);2019-06-11 14:16:04;original set-up
2020-08-16 09:45:06;SN19054;measure;10,84;9,95;9,45;40311,9;2827,4;591,4;124,9;117,8;75,4;47,1;21,2;9,4;4,7;0,0;2,4;0,0;2,4;0,0;2,4;0,0;0,0;0,0;0,0;0,0;0,0;0,0;0,0;177460002;26,9;40,6;27,0;2020-08-16 07:45:06;E10,874288;N48,332973;503,600;300;SW V1-11 (2020-06-17);2019-06-11 14:16:04;original set-up
2020-08-16 09:50:06;SN19054;measure;10,77;10,05;9,56;40550,4;2988,8;551,7;189,5;110,3;67,2;43,2;21,6;4,8;9,6;0,0;0,0;0,0;0,0;0,0;0,0;0,0;0,0;0,0;0,0;0,0;0,0;0,0;0,0;177460002;26,8;40,8;26,5;2020-08-16 07:50:06;E10,874282;N48,332970;504,100;300;SW V1-11 (2020-06-17);2019-06-11 14:16:04;original set-up
2020-08-16 09:55:06;SN19054;measure;11,06;9,57;9,18;39863,0;2722,8;538,8;130,5;128,0;87,0;24,2;4,8;9,7;9,7;4,8;2,4;2,4;0,0;0,0;0,0;0,0;0,0;0,0;0,0;0,0;0,0;0,0;0,0;177460002;26,0;40,9;26,1;2020-08-16 07:55:06;E10,874280;N48,332958;503,600;300;SW V1-11 (2020-06-17);2019-06-11 14:16:04;original set-up
2020-08-16 10:00:06;SN19054;measure;9,84;9,71;9,26;39232,1;2892,7;630,4;152,8;123,7;87,3;38,8;7,3;2,4;0,0;0,0;0,0;0,0;0,0;0,0;0,0;0,0;2,4;0,0;0,0;0,0;0,0;0,0;0,0;177460002;26,8;41,0;26,1;2020-08-16 08:00:06;E10,874292;N48,332937;502,900;300;SW V1-11 (2020-06-17);2019-06-11 14:16:04;original set-up
2020-08-16 10:05:06;SN19054;measure;9,94;9,37;9,00;37949,3;2718,5;501,4;99,8;129,0;65,7;31,6;7,3;4,9;0,0;2,4;2,4;0,0;0,0;0,0;0,0;0,0;0,0;0,0;0,0;0,0;0,0;0,0;0,0;177460002;27,3;41,0;26,5;2020-08-16 08:05:06;E10,874288;N48,332955;503,400;300;SW V1-11 (2020-06-17);2019-06-11 14:16:04;original set-up
2020-08-16 10:10:06;SN19054;measure;10,07;9,65;9,15;38460,4;2686,8;503,8;114,4;129,0;46,2;70,6;4,9;7,3;4,9;0,0;0,0;0,0;0,0;0,0;0,0;0,0;0,0;2,4;0,0;0,0;0,0;0,0;0,0;177460002;27,2;41,1;25,9;2020-08-16 08:10:06;E10,874283;N48,332958;504,800;300;SW V1-11 (2020-06-17);2019-06-11 14:16:04;original set-up
2020-08-16 10:15:06;SN19054;measure;10,73;10,07;9,65;40482,5;2896,0;550,0;126,5;148,4;65,7;34,1;14,6;2,4;2,4;4,9;0,0;0,0;0,0;0,0;0,0;0,0;0,0;0,0;0,0;0,0;0,0;0,0;0,0;177460002;27,2;41,3;25,6;2020-08-16 08:15:06;E10,874298;N48,332988;506,000;300;SW V1-11 (2020-06-17);2019-06-11 14:16:04;original set-up
2020-08-16 10:20:06;SN19054;measure;10,56;9,90;9,45;40308,6;2952,6;495,0;113,7;121,2;65,7;42,9;15,2;10,1;2,5;2,5;0,0;0,0;0,0;0,0;0,0;0,0;0,0;0,0;0,0;0,0;0,0;0,0;0,0;177460002;26,4;41,4;25,3;2020-08-16 08:20:06;E10,874298;N48,332982;506,200;300;SW V1-11 (2020-06-17);2019-06-11 14:16:04;original set-up
2020-08-16 10:25:06;SN19054;measure;10,37;10,11;9,70;40823,8;2821,1;570,2;94,2;116,5;79,3;32,2;14,9;0,0;2,5;0,0;0,0;0,0;0,0;0,0;0,0;0,0;0,0;0,0;0,0;0,0;0,0;0,0;0,0;177460002;27,0;41,3;25,4;2020-08-16 08:25:06;E10,874298;N48,332982;506,200;300;SW V1-11 (2020-06-17);2019-06-11 14:16:04;original set-up
2020-08-16 10:30:06;SN19054;measure;10,60;9,75;9,32;37860,0;2467,9;563,5;105,8;155,0;73,8;29,5;7,4;14,8;9,8;0,0;0,0;0,0;0,0;2,5;0,0;0,0;0,0;0,0;0,0;0,0;0,0;0,0;0,0;177460002;28,3;41,2;25,2;2020-08-16 08:30:06;E10,874298;N48,332972;506,400;300;SW V1-11 (2020-06-17);2019-06-11 14:16:04;original set-up
2020-08-16 10:35:06;SN19054;measure;10,75;9,85;9,38;38304,3;2429,6;497,7;100,5;149,5;83,4;29,4;19,6;9,8;2,5;4,9;0,0;0,0;0,0;0,0;0,0;0,0;0,0;0,0;0,0;0,0;0,0;0,0;0,0;177460002;28,3;41,2;25,4;2020-08-16 08:35:06;E10,874300;N48,332968;506,100;300;SW V1-11 (2020-06-17);2019-06-11 14:16:04;original set-up
2020-08-16 10:40:06;SN19054;measure;9,81;9,10;8,74;35795,0;2250,5;409,2;101,0;118,7;60,6;25,3;10,1;5,1;2,5;5,1;0,0;0,0;0,0;0,0;0,0;0,0;0,0;0,0;0,0;0,0;0,0;0,0;0,0;177460002;28,4;41,4;25,3;2020-08-16 08:40:06;E10,874303;N48,332968;506,200;300;SW V1-11 (2020-06-17);2019-06-11 14:16:04;original set-up
2020-08-16 10:45:06;SN19054;measure;9,80;9,18;8,72;35806,4;2248,3;418,9;106,6;106,6;69,4;37,2;19,8;9,9;0,0;2,5;0,0;0,0;0,0;0,0;0,0;0,0;0,0;0,0;0,0;0,0;0,0;0,0;0,0;177460002;28,4;41,5;25,4;2020-08-16 08:45:06;E10,874302;N48,332968;506,300;300;SW V1-11 (2020-06-17);2019-06-11 14:16:04;original set-up
2020-08-16 10:50:06;SN19054;measure;9,89;8,79;8,38;34265,0;2032,5;487,2;115,7;118,1;66,4;39,4;2,5;7,4;2,5;4,9;4,9;0,0;0,0;0,0;0,0;0,0;0,0;0,0;0,0;0,0;0,0;0,0;0,0;177460002;28,4;41,6;25,1;2020-08-16 08:50:06;E10,874303;N48,332955;506,600;300;SW V1-11 (2020-06-17);2019-06-11 14:16:04;original set-up
2020-08-16 10:55:06;SN19054;measure;9,74;8,92;8,53;35099,3;2218,6;443,7;131,8;124,2;68,5;30,4;10,1;0,0;2,5;5,1;2,5;0,0;0,0;0,0;0,0;0,0;0,0;0,0;0,0;0,0;0,0;0,0;0,0;177460002;28,2;41,8;25,1;2020-08-16 08:55:06;E10,874305;N48,332953;506,700;300;SW V1-11 (2020-06-17);2019-06-11 14:16:04;original set-up
2020-08-16 11:00:06;SN19054;measure;10,95;9,29;8,83;36220,9;2268,1;460,8;108,1;110,7;59,2;41,2;23,2;5,1;2,6;5,1;5,1;2,6;0,0;0,0;0,0;0,0;0,0;0,0;0,0;0,0;0,0;0,0;0,0;177460002;28,3;42,0;24,7;2020-08-16 09:00:06;E10,874302;N48,332953;506,400;300;SW V1-11 (2020-06-17);2019-06-11 14:16:04;original set-up
2020-08-16 11:05:06;SN19054;measure;10,30;9,59;9,20;36899,6;2247,0;506,0;140,1;124,5;62,3;28,5;10,4;2,6;7,8;2,6;0,0;0,0;0,0;0,0;0,0;0,0;0,0;0,0;0,0;0,0;0,0;0,0;0,0;177460002;29,5;42,0;24,7;2020-08-16 09:05:06;E10,874293;N48,332955;506,100;300;SW V1-11 (2020-06-17);2019-06-11 14:16:04;original set-up
2020-08-16 11:10:06;SN19054;measure;9,66;9,07;8,73;35652,4;2206,7;382,5;98,1;98,1;62,9;25,2;5,0;10,1;2,5;2,5;0,0;0,0;0,0;0,0;0,0;0,0;0,0;0,0;0,0;0,0;0,0;0,0;0,0;177460002;28,9;42,1;25,0;2020-08-16 09:10:06;E10,874303;N48,332952;506,300;300;SW V1-11 (2020-06-17);2019-06-11 14:16:04;original set-up
2020-08-16 11:15:06;SN19054;measure;9,37;8,64;8,21;34014,0;2087,3;401,6;104,1;91,7;74,4;37,2;9,9;9,9;0,0;2,5;2,5;0,0;0,0;0,0;0,0;0,0;0,0;0,0;0,0;0,0;0,0;0,0;0,0;177460002;28,0;42,4;24,3;2020-08-16 09:15:06;E10,874300;N48,332950;506,000;300;SW V1-11 (2020-06-17);2019-06-11 14:16:04;original set-up
2020-08-16 11:20:06;SN19054;measure;9,82;9,35;8,80;35912,9;2064,2;420,0;117,1;112,0;76,4;61,1;15,3;5,1;0,0;2,5;0,0;0,0;0,0;0,0;0,0;2,5;0,0;0,0;0,0;0,0;0,0;0,0;0,0;177460002;28,5;42,6;23,8;2020-08-16 09:20:06;E10,874343;N48,332930;509,200;300;SW V1-11 (2020-06-17);2019-06-11 14:16:04;original set-up
2020-08-16 11:25:06;SN19054;measure;9,90;8,86;8,44;34058,3;1884,5;419,6;85,0;118,4;72,1;28,3;15,4;12,9;7,7;0,0;2,6;0,0;0,0;0,0;2,6;0,0;0,0;0,0;0,0;0,0;0,0;0,0;0,0;177460002;29,3;42,5;24,0;2020-08-16 09:25:06;E10,874332;N48,332930;509,000;300;SW V1-11 (2020-06-17);2019-06-11 14:16:04;original set-up
2020-08-16 11:30:06;SN19054;measure;9,63;8,46;8,03;32733,0;2005,5;356,0;110,3;110,3;62,7;37,6;17,5;2,5;2,5;5,0;5,0;0,0;0,0;0,0;2,5;0,0;0,0;0,0;0,0;0,0;0,0;0,0;0,0;177460002;28,8;42,5;24,2;2020-08-16 09:30:06;E10,874335;N48,332930;509,000;300;SW V1-11 (2020-06-17);2019-06-11 14:16:04;original set-up
2020-08-16 11:35:06;SN19054;measure;9,41;8,86;8,34;33278,4;1957,1;396,0;81,8;102,2;86,9;51,1;12,8;7,7;0,0;0,0;2,6;0,0;0,0;0,0;0,0;0,0;0,0;0,0;0,0;0,0;0,0;0,0;0,0;177460002;29,6;42,6;23,5;2020-08-16 09:35:06;E10,874330;N48,332932;508,800;300;SW V1-11 (2020-06-17);2019-06-11 14:16:04;original set-up
2020-08-16 11:40:06;SN19054;measure;9,54;8,83;8,40;33740,6;1860,8;351,5;111,1;113,7;75,0;38,8;5,2;5,2;7,8;2,6;0,0;0,0;0,0;0,0;0,0;0,0;0,0;0,0;0,0;0,0;0,0;0,0;0,0;177460002;29,4;42,5;23,8;2020-08-16 09:40:06;E10,874332;N48,332932;508,500;300;SW V1-11 (2020-06-17);2019-06-11 14:16:04;original set-up
2020-08-16 11:45:06;SN19054;measure;10,58;9,10;8,69;34833,9;2025,6;401,1;115,3;100,3;52,6;40,1;10,0;2,5;7,5;2,5;5,0;2,5;0,0;0,0;0,0;0,0;0,0;0,0;0,0;0,0;0,0;0,0;0,0;177460002;29,8;42,7;24,0;2020-08-16 09:45:06;E10,874332;N48,332932;508,000;300;SW V1-11 (2020-06-17);2019-06-11 14:16:04;original set-up
2020-08-16 11:50:06;SN19054;measure;9,71;9,30;8,87;36186,6;2057,0;361,6;84,6;102,6;64,1;38,5;15,4;10,3;0,0;0,0;0,0;0,0;0,0;0,0;0,0;0,0;0,0;0,0;0,0;0,0;0,0;0,0;0,0;177460002;29,2;42,9;24,1;2020-08-16 09:50:06;E10,874328;N48,332932;507,100;300;SW V1-11 (2020-06-17);2019-06-11 14:16:04;original set-up
2020-08-16 11:55:06;SN19054;measure;10,10;9,41;8,98;36583,4;2277,1;403,2;95,6;85,3;59,4;38,8;15,5;12,9;5,2;0,0;0,0;0,0;0,0;0,0;0,0;0,0;0,0;0,0;0,0;0,0;0,0;0,0;0,0;177460002;29,2;43,2;23,7;2020-08-16 09:55:06;E10,874333;N48,332948;503,700;300;SW V1-11 (2020-06-17);2019-06-11 14:16:04;original set-up
2020-08-16 12:00:06;SN19054;measure;10,97;9,48;8,97;36811,5;2153,5;425,5;88,2;127,1;85,6;49,3;10,4;13,0;2,6;5,2;2,6;2,6;0,0;0,0;0,0;0,0;0,0;0,0;0,0;0,0;0,0;0,0;0,0;177460002;28,8;43,4;23,5;2020-08-16 10:00:06;E10,874305;N48,332900;504,100;300;SW V1-11 (2020-06-17);2019-06-11 14:16:04;original set-up
2020-08-16 12:05:06;SN19054;measure;10,38;9,61;9,18;37223,6;2154,1;463,6;122,4;125,0;59,9;36,5;10,4;13,0;0,0;0,0;0,0;2,6;0,0;0,0;0,0;0,0;0,0;0,0;0,0;0,0;0,0;0,0;0,0;177460002;29,3;43,4;23,4;2020-08-16 10:05:06;E10,874288;N48,332942;502,500;300;SW V1-11 (2020-06-17);2019-06-11 14:16:04;original set-up
2020-08-16 12:10:06;SN19054;measure;9,28;8,10;7,66;30605,1;1633,1;336,0;75,5;93,8;49,5;46,9;10,4;18,2;5,2;5,2;0,0;0,0;0,0;0,0;0,0;0,0;0,0;0,0;0,0;0,0;0,0;0,0;0,0;177460002;30,2;43,4;23,3;2020-08-16 10:10:06;E10,874290;N48,332937;501,500;300;SW V1-11 (2020-06-17);2019-06-11 14:16:04;original set-up
2020-08-16 12:15:06;SN19054;measure;9,50;8,87;8,43;33879,5;1992,4;442,8;113,4;94,5;64,8;32,4;24,3;5,4;5,4;0,0;0,0;0,0;0,0;0,0;0,0;0,0;0,0;0,0;0,0;0,0;0,0;0,0;0,0;177460002;29,5;43,6;22,8;2020-08-16 10:15:06;E10,874293;N48,332930;499,700;300;SW V1-11 (2020-06-17);2019-06-11 14:16:04;original set-up
2020-08-16 12:20:06;SN19054;measure;8,30;8,05;7,62;30768,8;1737,0;356,7;109,8;112,5;65,9;38,4;11,0;5,5;0,0;0,0;0,0;0,0;0,0;0,0;0,0;0,0;0,0;0,0;0,0;0,0;0,0;0,0;0,0;177460002;28,9;43,7;22,2;2020-08-16 10:20:06;E10,874288;N48,332935;499,700;300;SW V1-11 (2020-06-17);2019-06-11 14:16:04;original set-up
2020-08-16 12:25:06;SN19054;measure;7,81;7,36;7,01;27859,0;1496,8;390,1;107,9;99,6;80,2;16,6;2,8;13,8;0,0;0,0;0,0;0,0;2,8;0,0;0,0;0,0;0,0;0,0;0,0;0,0;0,0;0,0;0,0;177460002;29,3;43,6;21,6;2020-08-16 10:25:06;E10,874267;N48,332932;498,800;300;SW V1-11 (2020-06-17);2019-06-11 14:16:04;original set-up
2020-08-16 12:30:06;SN19054;measure;8,60;8,01;7,56;29917,1;1567,0;447,3;113,9;88,9;66,7;47,2;8,3;0,0;5,6;0,0;2,8;0,0;0,0;0,0;0,0;0,0;0,0;0,0;0,0;0,0;0,0;0,0;0,0;177460002;29,8;43,5;22,0;2020-08-16 10:30:06;E10,874263;N48,332930;498,000;300;SW V1-11 (2020-06-17);2019-06-11 14:16:04;original set-up
2020-08-16 12:35:06;SN19054;measure;8,68;8,21;7,68;30641,5;1817,2;386,2;144,5;127,8;91,7;47,2;8,3;5,6;5,6;0,0;0,0;0,0;0,0;0,0;0,0;0,0;0,0;0,0;0,0;0,0;0,0;0,0;0,0;177460002;29,2;43,5;22,1;2020-08-16 10:35:06;E10,874285;N48,332942;496,600;300;SW V1-11 (2020-06-17);2019-06-11 14:16:04;original set-up
2020-08-16 12:40:06;SN19054;measure;8,74;7,74;7,35;29160,6;1699,1;382,2;133,9;108,8;61,4;30,7;8,4;2,8;2,8;2,8;5,6;0,0;0,0;0,0;0,0;0,0;0,0;0,0;0,0;0,0;0,0;0,0;0,0;177460002;29,7;43,5;22,3;2020-08-16 10:40:06;E10,874285;N48,332942;497,000;300;SW V1-11 (2020-06-17);2019-06-11 14:16:04;original set-up
2020-08-16 12:45:06;SN19054;measure;7,54;6,91;6,53;26009,7;1372,8;334,8;86,5;89,3;64,2;33,5;5,6;8,4;8,4;0,0;0,0;0,0;0,0;0,0;0,0;0,0;0,0;0,0;0,0;0,0;0,0;0,0;0,0;177460002;29,6;43,5;22,2;2020-08-16 10:45:06;E10,874283;N48,332940;496,900;300;SW V1-11 (2020-06-17);2019-06-11 14:16:04;original set-up
2020-08-16 12:50:06;SN19054;measure;8,64;7,74;7,32;28769,2;1649,0;412,9;106,0;125,6;53,0;36,3;11,2;5,6;0,0;8,4;0,0;0,0;0,0;0,0;0,0;0,0;0,0;0,0;0,0;0,0;0,0;0,0;0,0;177460002;29,8;43,5;21,4;2020-08-16 10:50:06;E10,874282;N48,332942;496,900;300;SW V1-11 (2020-06-17);2019-06-11 14:16:04;original set-up
2020-08-16 12:55:06;SN19054;measure;8,06;6,86;6,46;25318,9;1403,3;315,3;89,3;108,8;50,2;41,8;2,8;11,2;2,8;0,0;8,4;0,0;0,0;0,0;0,0;0,0;0,0;0,0;0,0;0,0;0,0;0,0;0,0;177460002;30,1;43,4;21,6;2020-08-16 10:55:06;E10,874293;N48,332935;496,200;300;SW V1-11 (2020-06-17);2019-06-11 14:16:04;original set-up
2020-08-16 13:00:06;SN19054;measure;7,92;7,27;6,80;26641,3;1554,0;373,9;139,5;89,3;58,6;41,8;16,7;8,4;0,0;0,0;2,8;0,0;0,0;0,0;0,0;0,0;0,0;0,0;0,0;0,0;0,0;0,0;0,0;177460002;29,9;43,4;21,6;2020-08-16 11:00:06;E10,874292;N48,332937;496,200;300;SW V1-11 (2020-06-17);2019-06-11 14:16:04;original set-up
2020-08-16 13:05:06;SN19054;measure;8,38;7,77;7,35;29058,4;1646,8;377,9;94,5;91,8;78,3;37,8;8,1;2,7;5,4;2,7;0,0;0,0;0,0;0,0;0,0;0,0;0,0;0,0;0,0;0,0;0,0;0,0;0,0;177460002;29,8;43,4;22,0;2020-08-16 11:05:06;E10,874288;N48,332937;496,300;300;SW V1-11 (2020-06-17);2019-06-11 14:16:04;original set-up
2020-08-16 13:10:06;SN19054;measure;9,15;7,91;7,50;29401,5;1731,6;414,4;107,0;85,1;57,6;35,7;8,2;11,0;5,5;0,0;2,7;2,7;0,0;0,0;0,0;2,7;0,0;0,0;0,0;0,0;0,0;0,0;0,0;177460002;30,6;43,5;22,1;2020-08-16 11:10:06;E10,874288;N48,332938;496,400;300;SW V1-11 (2020-06-17);2019-06-11 14:16:04;original set-up
2020-08-16 13:15:06;SN19054;measure;8,64;8,28;7,85;31101,0;1787,5;437,2;110,7;107,9;58,1;47,0;2,8;8,3;2,8;0,0;0,0;0,0;0,0;0,0;0,0;0,0;0,0;0,0;0,0;0,0;0,0;0,0;0,0;177460002;29,9;43,6;22,2;2020-08-16 11:15:06;E10,874285;N48,332938;496,300;300;SW V1-11 (2020-06-17);2019-06-11 14:16:04;original set-up
2020-08-16 13:20:06;SN19054;measure;10,37;8,88;8,42;33270,5;2028,2;364,0;155,6;108,4;47,2;41,7;16,7;8,3;5,6;2,8;2,8;2,8;0,0;0,0;0,0;0,0;0,0;0,0;0,0;0,0;0,0;0,0;0,0;177460002;29,9;43,7;21,9;2020-08-16 11:20:06;E10,874283;N48,332938;496,300;300;SW V1-11 (2020-06-17);2019-06-11 14:16:04;original set-up
2020-08-16 13:25:06;SN19054;measure;9,49;8,86;8,49;33495,9;1736,9;392,6;110,2;107,5;43,0;21,5;16,1;18,8;0,0;0,0;0,0;0,0;0,0;0,0;0,0;0,0;0,0;0,0;0,0;0,0;0,0;0,0;0,0;177460002;30,5;43,9;22,0;2020-08-16 11:25:06;E10,874283;N48,332940;496,400;300;SW V1-11 (2020-06-17);2019-06-11 14:16:04;original set-up
2020-08-16 13:30:06;SN19054;measure;9,57;8,45;8,16;32228,2;1749,1;426,0;113,8;92,6;50,3;10,6;15,9;2,6;10,6;5,3;0,0;0,0;0,0;0,0;0,0;2,6;0,0;0,0;0,0;0,0;0,0;0,0;0,0;177460002;30,3;43,7;22,1;2020-08-16 11:30:06;E10,874290;N48,332947;497,100;300;SW V1-11 (2020-06-17);2019-06-11 14:16:04;original set-up
2020-08-16 13:35:06;SN19054;measure;9,69;8,63;8,22;32668,0;1727,4;378,0;94,5;89,3;39,4;44,6;18,4;2,6;5,3;2,6;0,0;2,6;0,0;0,0;0,0;0,0;0,0;0,0;0,0;0,0;0,0;0,0;0,0;177460002;30,0;43,7;22,2;2020-08-16 11:35:06;E10,874312;N48,332948;504,600;300;SW V1-11 (2020-06-17);2019-06-11 14:16:04;original set-up
2020-08-16 13:40:06;SN19054;measure;9,64;9,06;8,59;33679,9;1903,6;407,9;120,3;94,1;73,2;31,4;26,1;2,6;5,2;0,0;0,0;0,0;0,0;0,0;0,0;0,0;0,0;0,0;0,0;0,0;0,0;0,0;0,0;177460002;30,5;43,7;21,8;2020-08-16 11:40:06;E10,874298;N48,332955;504,300;300;SW V1-11 (2020-06-17);2019-06-11 14:16:04;original set-up
2020-08-16 13:45:06;SN19054;measure;9,75;8,98;8,61;34223,8;1801,7;436,7;83,7;70,6;62,8;31,4;15,7;0,0;2,6;0,0;5,2;0,0;0,0;0,0;0,0;2,6;0,0;0,0;0,0;0,0;0,0;0,0;0,0;177460002;29,9;43,6;22,1;2020-08-16 11:45:06;E10,874318;N48,332945;505,700;300;SW V1-11 (2020-06-17);2019-06-11 14:16:04;original set-up
2020-08-16 13:50:06;SN19054;measure;9,51;8,63;8,23;32500,2;1707,6;316,4;91,5;117,7;54,9;31,4;5,2;20,9;2,6;2,6;0,0;0,0;0,0;0,0;0,0;0,0;0,0;0,0;0,0;0,0;0,0;0,0;0,0;177460002;30,4;43,5;22,3;2020-08-16 11:50:06;E10,874312;N48,332958;505,100;300;SW V1-11 (2020-06-17);2019-06-11 14:16:04;original set-up
2020-08-16 13:55:06;SN19054;measure;8,34;7,82;7,45;29547,7;1482,7;334,7;91,5;117,7;73,2;20,9;7,8;5,2;2,6;2,6;0,0;0,0;0,0;0,0;0,0;0,0;0,0;0,0;0,0;0,0;0,0;0,0;0,0;177460002;30,2;43,5;22,5;2020-08-16 11:55:06;E10,874383;N48,332947;511,300;300;SW V1-11 (2020-06-17);2019-06-11 14:16:04;original set-up
2020-08-16 14:00:06;SN19054;measure;8,31;7,40;6,97;27384,7;1447,0;321,3;113,4;102,6;62,1;35,1;13,5;10,8;2,7;0,0;0,0;2,7;0,0;0,0;0,0;0,0;0,0;0,0;0,0;0,0;0,0;0,0;0,0;177460002;29,9;43,5;21,4;2020-08-16 12:00:06;E10,874358;N48,332967;514,500;300;SW V1-11 (2020-06-17);2019-06-11 14:16:04;original set-up
2020-08-16 14:05:06;SN19054;measure;8,76;8,17;7,70;30210,6;1737,4;310,8;114,2;108,9;77,0;34,5;13,3;13,3;2,7;0,0;0,0;0,0;0,0;0,0;0,0;0,0;0,0;0,0;0,0;0,0;0,0;0,0;0,0;177460002;30,1;43,5;21,6;2020-08-16 12:05:06;E10,874357;N48,332963;514,800;300;SW V1-11 (2020-06-17);2019-06-11 14:16:04;original set-up
2020-08-16 14:10:06;SN19054;measure;9,38;8,26;7,79;30996,4;1715,9;337,4;102,8;102,8;84,3;42,2;7,9;5,3;5,3;0,0;2,6;2,6;2,6;0,0;0,0;0,0;0,0;0,0;0,0;0,0;0,0;0,0;0,0;177460002;29,4;43,4;22,0;2020-08-16 12:10:06;E10,874340;N48,332948;514,000;300;SW V1-11 (2020-06-17);2019-06-11 14:16:04;original set-up
2020-08-16 14:15:06;SN19054;measure;9,03;8,31;7,96;31302,8;1803,5;441,0;94,5;97,1;55,1;28,9;5,3;10,5;0,0;5,3;0,0;0,0;0,0;0,0;0,0;0,0;0,0;0,0;0,0;0,0;0,0;0,0;0,0;177460002;30,2;43,4;22,1;2020-08-16 12:15:06;E10,874338;N48,332948;513,800;300;SW V1-11 (2020-06-17);2019-06-11 14:16:04;original set-up
2020-08-16 14:20:06;SN19054;measure;9,31;7,97;7,55;29647,0;1609,0;332,1;118,8;83,7;56,7;35,1;13,5;13,5;8,1;0,0;5,4;0,0;0,0;0,0;2,7;0,0;0,0;0,0;0,0;0,0;0,0;0,0;0,0;177460002;30,6;43,4;22,3;2020-08-16 12:20:06;E10,874337;N48,332945;513,800;300;SW V1-11 (2020-06-17);2019-06-11 14:16:04;original set-up
2020-08-16 14:25:06;SN19054;measure;8,34;7,86;7,46;29346,6;1608,1;439,1;71,3;129,0;60,4;27,4;13,7;13,7;0,0;0,0;0,0;0,0;0,0;0,0;0,0;0,0;0,0;0,0;0,0;0,0;0,0;0,0;0,0;177460002;30,2;43,4;22,1;2020-08-16 12:25:06;E10,874335;N48,332943;513,700;300;SW V1-11 (2020-06-17);2019-06-11 14:16:04;original set-up
2020-08-16 14:30:06;SN19054;measure;9,27;8,01;7,65;29830,9;1781,9;401,2;99,6;94,1;74,7;22,1;5,5;5,5;2,8;5,5;5,5;0,0;0,0;0,0;0,0;0,0;0,0;0,0;0,0;0,0;0,0;0,0;0,0;177460002;30,5;43,4;21,8;2020-08-16 12:30:06;E10,874335;N48,332942;513,600;300;SW V1-11 (2020-06-17);2019-06-11 14:16:04;original set-up
2020-08-16 14:35:06;SN19054;measure;8,76;7,69;7,27;28847,4;1525,3;364,0;69,5;88,9;63,9;38,9;8,3;16,7;11,1;0,0;0,0;0,0;2,8;0,0;0,0;0,0;0,0;0,0;0,0;0,0;0,0;0,0;0,0;177460002;29,9;43,3;22,4;2020-08-16 12:35:06;E10,874292;N48,332952;509,500;300;SW V1-11 (2020-06-17);2019-06-11 14:16:04;original set-up
2020-08-16 14:40:06;SN19054;measure;8,31;7,69;7,24;28370,5;1723,6;363,0;96,8;112,9;40,3;53,8;10,8;5,4;2,7;0,0;2,7;0,0;0,0;0,0;0,0;0,0;0,0;0,0;0,0;0,0;0,0;0,0;0,0;177460002;30,2;43,4;21,9;2020-08-16 12:40:06;E10,874295;N48,332950;509,000;300;SW V1-11 (2020-06-17);2019-06-11 14:16:04;original set-up
2020-08-16 14:45:06;SN19054;measure;8,51;7,52;7,14;28056,9;1575,2;441,8;87,8;107,0;38,4;38,4;5,5;11,0;5,5;5,5;0,0;0,0;0,0;2,7;0,0;0,0;0,0;0,0;0,0;0,0;0,0;0,0;0,0;177460002;29,9;43,3;21,7;2020-08-16 12:45:06;E10,874290;N48,332953;508,500;300;SW V1-11 (2020-06-17);2019-06-11 14:16:04;original set-up
2020-08-16 14:50:06;SN19054;measure;8,42;7,49;7,05;27379,4;1671,3;412,3;105,1;121,7;77,5;33,2;11,1;2,8;2,8;2,8;0,0;2,8;0,0;0,0;0,0;0,0;0,0;0,0;0,0;0,0;0,0;0,0;0,0;177460002;30,1;43,2;21,2;2020-08-16 12:50:06;E10,874283;N48,332963;507,300;300;SW V1-11 (2020-06-17);2019-06-11 14:16:04;original set-up
2020-08-16 14:55:06;SN19054;measure;9,24;7,97;7,47;29055,8;1739,2;405,6;102,8;130,6;77,8;36,1;16,7;11,1;2,8;5,6;2,8;0,0;0,0;0,0;2,8;0,0;0,0;0,0;0,0;0,0;0,0;0,0;0,0;177460002;30,3;43,1;21,6;2020-08-16 12:55:06;E10,874275;N48,332947;510,100;300;SW V1-11 (2020-06-17);2019-06-11 14:16:04;original set-up
2020-08-16 15:00:06;SN19054;measure;8,36;7,61;7,21;28050,5;1860,7;400,6;107,6;83,4;78,0;24,2;8,1;13,4;2,7;2,7;0,0;0,0;0,0;2,7;2,7;0,0;0,0;0,0;0,0;0,0;0,0;0,0;0,0;177460002;29,9;43,0;21,4;2020-08-16 13:00:06;E10,874305;N48,332933;507,400;300;SW V1-11 (2020-06-17);2019-06-11 14:16:04;original set-up
2020-08-16 15:05:06;SN19054;measure;9,00;8,04;7,64;29595,9;1849,6;346,6;87,3;111,1;66,2;39,7;2,6;2,6;5,3;0,0;2,6;2,6;0,0;0,0;0,0;0,0;0,0;0,0;0,0;0,0;0,0;0,0;0,0;177460002;30,6;42,9;21,7;2020-08-16 13:05:06;E10,874303;N48,332933;507,400;300;SW V1-11 (2020-06-17);2019-06-11 14:16:04;original set-up
2020-08-16 15:10:06;SN19054;measure;8,47;7,54;7,04;27372,9;1674,9;367,5;112,9;112,9;73,5;47,3;10,5;5,3;0,0;2,6;5,3;0,0;0,0;0,0;0,0;0,0;0,0;0,0;0,0;0,0;0,0;0,0;0,0;177460002;30,2;42,8;21,9;2020-08-16 13:10:06;E10,874278;N48,332937;507,000;300;SW V1-11 (2020-06-17);2019-06-11 14:16:04;original set-up
2020-08-16 15:15:06;SN19054;measure;8,19;7,30;6,89;26540,4;1793,9;405,3;151,7;99,4;62,8;26,2;13,1;10,5;5,2;0,0;2,6;0,0;0,0;0,0;0,0;2,6;0,0;0,0;0,0;0,0;0,0;0,0;0,0;177460002;30,2;42,8;21,5;2020-08-16 13:15:06;E10,874273;N48,332930;506,500;300;SW V1-11 (2020-06-17);2019-06-11 14:16:04;original set-up
2020-08-16 15:20:06;SN19054;measure;8,18;7,79;7,51;29283,6;1783,5;457,6;83,7;107,2;36,6;15,7;13,1;5,2;2,6;0,0;0,0;0,0;0,0;0,0;0,0;0,0;0,0;0,0;0,0;0,0;0,0;0,0;0,0;177460002;29,8;42,7;21,7;2020-08-16 13:20:06;E10,874290;N48,332945;502,200;300;SW V1-11 (2020-06-17);2019-06-11 14:16:04;original set-up
2020-08-16 15:25:06;SN19054;measure;10,08;8,29;7,88;30960,4;1869,7;517,8;130,7;94,1;52,3;31,4;15,7;7,8;7,8;7,8;5,2;0,0;0,0;0,0;0,0;0,0;0,0;0,0;0,0;0,0;0,0;0,0;0,0;177460002;29,3;42,6;22,0;2020-08-16 13:25:06;E10,874288;N48,332938;500,600;300;SW V1-11 (2020-06-17);2019-06-11 14:16:04;original set-up
2020-08-16 15:30:06;SN19054;measure;9,49;8,66;8,33;32233,4;2120,8;515,2;151,7;94,1;47,1;20,9;7,8;2,6;2,6;0,0;5,2;0,0;2,6;0,0;0,0;0,0;0,0;0,0;0,0;0,0;0,0;0,0;0,0;177460002;30,6;42,5;22,5;2020-08-16 13:30:06;E10,874275;N48,332947;499,300;300;SW V1-11 (2020-06-17);2019-06-11 14:16:04;original set-up
2020-08-16 15:35:06;SN19054;measure;8,99;8,15;7,78;30721,9;1990,1;520,4;115,1;94,1;54,9;31,4;5,2;7,8;2,6;0,0;5,2;0,0;0,0;0,0;0,0;0,0;0,0;0,0;0,0;0,0;0,0;0,0;0,0;177460002;29,3;42,4;22,8;2020-08-16 13:35:06;E10,874265;N48,332943;498,100;300;SW V1-11 (2020-06-17);2019-06-11 14:16:04;original set-up
2020-08-16 15:40:06;SN19054;measure;9,58;8,07;7,58;29307,8;2057,9;486,4;130,7;141,2;83,7;28,8;13,1;13,1;5,2;2,6;2,6;2,6;0,0;0,0;0,0;0,0;0,0;0,0;0,0;0,0;0,0;0,0;0,0;177460002;30,2;42,3;22,4;2020-08-16 13:40:06;E10,874278;N48,332927;500,700;300;SW V1-11 (2020-06-17);2019-06-11 14:16:04;original set-up
2020-08-16 15:45:06;SN19054;measure;8,24;7,42;6,99;26971,9;1681,5;483,8;102,0;81,1;65,4;39,2;5,2;13,1;5,2;2,6;0,0;0,0;0,0;0,0;0,0;0,0;0,0;0,0;0,0;0,0;0,0;0,0;0,0;177460002;30,4;42,2;22,3;2020-08-16 13:45:06;E10,874270;N48,332922;501,100;300;SW V1-11 (2020-06-17);2019-06-11 14:16:04;original set-up
2020-08-16 15:50:06;SN19054;measure;8,36;7,32;6,95;27009,3;1406,8;355,6;104,6;99,4;62,8;26,1;7,8;7,8;7,8;5,2;0,0;0,0;0,0;0,0;0,0;0,0;0,0;0,0;0,0;0,0;0,0;0,0;0,0;177460002;29,9;42,2;21,9;2020-08-16 13:50:06;E10,874290;N48,332922;501,100;300;SW V1-11 (2020-06-17);2019-06-11 14:16:04;original set-up
2020-08-16 15:55:06;SN19054;measure;7,86;6,98;6,66;26064,5;1427,8;316,4;94,1;99,4;54,9;15,7;13,1;5,2;0,0;0,0;2,6;2,6;0,0;0,0;0,0;0,0;0,0;2,6;0,0;0,0;0,0;0,0;0,0;177460002;29,6;42,2;22,2;2020-08-16 13:55:06;E10,874295;N48,332922;501,800;300;SW V1-11 (2020-06-17);2019-06-11 14:16:04;original set-up
2020-08-16 16:00:06;SN19054;measure;7,98;7,06;6,74;26190,0;1323,2;311,2;96,8;94,1;68,0;13,1;10,5;5,2;10,5;2,6;0,0;0,0;0,0;0,0;0,0;0,0;0,0;0,0;0,0;0,0;0,0;0,0;0,0;177460002;30,2;42,1;22,3;2020-08-16 14:00:06;E10,874280;N48,332930;502,900;300;SW V1-11 (2020-06-17);2019-06-11 14:16:04;original set-up
2020-08-16 16:05:06;SN19054;measure;7,87;6,52;6,22;24517,5;1227,5;323,3;88,4;103,6;40,4;20,2;5,1;10,1;0,0;7,6;5,1;0,0;0,0;0,0;0,0;0,0;0,0;0,0;0,0;0,0;0,0;0,0;2,5;177460002;29,2;41,8;22,7;2020-08-16 14:05:06;E10,874335;N48,332930;506,400;300;SW V1-11 (2020-06-17);2019-06-11 14:16:04;original set-up
2020-08-16 16:10:06;SN19054;measure;7,59;6,56;6,18;24137,2;1172,1;251,3;79,5;79,5;64,1;20,5;25,6;2,6;2,6;2,6;0,0;2,6;0,0;0,0;0,0;0,0;0,0;0,0;0,0;0,0;0,0;0,0;0,0;177460002;30,1;41,7;22,9;2020-08-16 14:10:06;E10,874303;N48,332958;504,600;300;SW V1-11 (2020-06-17);2019-06-11 14:16:04;original set-up
2020-08-16 16:15:06;SN19054;measure;7,49;6,59;6,23;24312,4;1201,8;333,4;75,0;87,9;59,4;33,6;5,2;5,2;0,0;5,2;2,6;0,0;2,6;0,0;0,0;0,0;0,0;0,0;0,0;0,0;0,0;0,0;0,0;177460002;29,9;41,5;23,0;2020-08-16 14:15:06;E10,874307;N48,332958;504,300;300;SW V1-11 (2020-06-17);2019-06-11 14:16:04;original set-up
2020-08-16 16:20:06;SN19054;measure;7,45;6,32;6,01;23557,5;1126,1;251,7;103,8;64,9;33,7;23,4;7,8;15,6;10,4;2,6;0,0;0,0;0,0;0,0;0,0;0,0;0,0;0,0;0,0;0,0;0,0;0,0;0,0;177460002;29,6;41,4;23,0;2020-08-16 14:20:06;E10,874275;N48,332972;503,300;300;SW V1-11 (2020-06-17);2019-06-11 14:16:04;original set-up
2020-08-16 16:25:06;SN19054;measure;7,31;6,25;5,92;23033,5;1117,2;239,0;73,0;78,0;35,2;30,2;10,1;10,1;2,5;0,0;2,5;2,5;0,0;0,0;0,0;0,0;0,0;0,0;0,0;0,0;0,0;0,0;0,0;177460002;30,0;41,2;22,9;2020-08-16 14:25:06;E10,874272;N48,332962;501,700;300;SW V1-11 (2020-06-17);2019-06-11 14:16:04;original set-up
2020-08-16 16:30:06;SN19054;measure;6,92;6,24;5,87;22889,2;1072,0;230,8;97,5;97,5;48,7;30,8;7,7;10,3;7,7;0,0;0,0;0,0;0,0;2,6;0,0;0,0;0,0;0,0;0,0;0,0;0,0;0,0;0,0;177460002;29,9;41,0;23,4;2020-08-16 14:30:06;E10,874313;N48,332983;499,500;300;SW V1-11 (2020-06-17);2019-06-11 14:16:04;original set-up
2020-08-16 16:35:06;SN19054;measure;7,62;6,05;5,64;21858,5;1034,0;254,7;84,9;89,9;79,9;25,0;15,0;7,5;0,0;5,0;5,0;2,5;0,0;0,0;2,5;0,0;0,0;0,0;0,0;0,0;0,0;0,0;0,0;177460002;30,1;40,9;23,1;2020-08-16 14:35:06;E10,874307;N48,332982;500,200;300;SW V1-11 (2020-06-17);2019-06-11 14:16:04;original set-up
2020-08-16 16:40:06;SN19054;measure;6,53;5,59;5,26;20426,3;950,8;242,0;61,7;116,1;42,0;32,1;4,9;4,9;7,4;2,5;2,5;0,0;0,0;0,0;0,0;0,0;0,0;0,0;0,0;0,0;0,0;0,0;0,0;177460002;29,9;40,8;23,1;2020-08-16 14:40:06;E10,874290;N48,332965;498,700;300;SW V1-11 (2020-06-17);2019-06-11 14:16:04;original set-up
2020-08-16 16:45:06;SN19054;measure;6,91;5,49;5,21;20321,6;948,8;198,6;71,1;58,8;61,3;14,7;7,4;4,9;4,9;2,5;4,9;2,5;0,0;0,0;0,0;0,0;0,0;0,0;0,0;0,0;0,0;0,0;0,0;177460002;29,7;40,8;23,2;2020-08-16 14:45:06;E10,874280;N48,332952;500,400;300;SW V1-11 (2020-06-17);2019-06-11 14:16:04;original set-up
2020-08-16 16:50:06;SN19054;measure;6,60;5,48;5,16;20157,9;933,0;219,8;75,7;107,5;44,0;29,3;0,0;12,2;12,2;2,4;0,0;0,0;2,4;0,0;0,0;0,0;0,0;0,0;0,0;0,0;0,0;0,0;0,0;177460002;29,4;40,7;23,4;2020-08-16 14:50:06;E10,874298;N48,332942;501,300;300;SW V1-11 (2020-06-17);2019-06-11 14:16:04;original set-up
2020-08-16 17:00:06;SN19054;measure;7,11;5,68;5,31;20841,4;1035,6;288,0;75,8;90,9;50,5;30,3;12,6;10,1;7,6;0,0;0,0;5,1;0,0;2,5;0,0;0,0;0,0;0,0;0,0;0,0;0,0;0,0;0,0;177460002;28,9;40,4;23,7;2020-08-16 15:00:06;E10,874293;N48,332955;501,900;300;SW V1-11 (2020-06-17);2019-06-11 14:16:04;original set-up
2020-08-16 17:05:06;SN19054;measure;6,48;5,75;5,38;21081,1;987,4;233,4;105,1;59,0;46,2;33,3;12,8;7,7;0,0;5,1;0,0;0,0;0,0;0,0;0,0;0,0;0,0;0,0;2,6;0,0;0,0;0,0;0,0;177460002;28,9;40,3;23,5;2020-08-16 15:05:06;E10,874285;N48,332958;501,700;300;SW V1-11 (2020-06-17);2019-06-11 14:16:04;original set-up
2020-08-16 17:10:06;SN19054;measure;7,41;5,68;5,27;20556,9;980,2;253,2;72,7;115,3;87,7;22,6;12,5;7,5;5,0;0,0;5,0;5,0;0,0;0,0;0,0;0,0;2,5;0,0;0,0;0,0;0,0;0,0;0,0;177460002;29,1;40,1;23,7;2020-08-16 15:10:06;E10,874285;N48,332958;501,800;300;SW V1-11 (2020-06-17);2019-06-11 14:16:04;original set-up
2020-08-16 17:15:06;SN19054;measure;6,07;5,44;5,07;19941,1;834,8;239,6;76,6;71,6;34,6;34,6;12,3;17,3;0,0;0,0;0,0;0,0;2,5;0,0;0,0;0,0;0,0;0,0;0,0;0,0;0,0;0,0;0,0;177460002;28,8;39,9;23,9;2020-08-16 15:15:06;E10,874278;N48,332963;501,700;300;SW V1-11 (2020-06-17);2019-06-11 14:16:04;original set-up
2020-08-16 17:20:06;SN19054;measure;6,68;5,78;5,44;21317,3;1059,8;253,5;73,5;78,6;58,3;25,4;10,1;5,1;5,1;2,5;2,5;0,0;0,0;0,0;0,0;0,0;0,0;0,0;0,0;0,0;0,0;0,0;0,0;177460002;28,8;39,8;23,9;2020-08-16 15:20:06;E10,874280;N48,332963;501,700;300;SW V1-11 (2020-06-17);2019-06-11 14:16:04;original set-up
2020-08-16 17:25:06;SN19054;measure;6,60;5,65;5,30;20756,8;938,1;221,5;54,7;72,2;39,8;34,8;12,4;10,0;5,0;0,0;0,0;2,5;0,0;0,0;0,0;0,0;0,0;0,0;0,0;2,5;0,0;0,0;0,0;177460002;29,1;39,6;24,3;2020-08-16 15:25:06;E10,874278;N48,332968;501,400;300;SW V1-11 (2020-06-17);2019-06-11 14:16:04;original set-up
2020-08-16 17:30:06;SN19054;measure;5,98;5,64;5,31;20691,9;972,0;241,1;73,8;93,5;59,1;24,6;9,8;0,0;4,9;0,0;0,0;0,0;0,0;0,0;2,5;0,0;0,0;0,0;0,0;0,0;0,0;0,0;0,0;177460002;29,4;39,5;24,4;2020-08-16 15:30:06;E10,874275;N48,332962;500,200;300;SW V1-11 (2020-06-17);2019-06-11 14:16:04;original set-up
2020-08-16 17:35:06;SN19054;measure;6,61;5,58;5,19;20192,8;1010,0;245,1;71,1;83,4;53,9;34,3;4,9;19,6;2,5;4,9;0,0;0,0;0,0;0,0;0,0;0,0;0,0;0,0;0,0;0,0;0,0;0,0;0,0;177460002;29,4;39,6;24,4;2020-08-16 15:35:06;E10,874280;N48,332940;498,100;300;SW V1-11 (2020-06-17);2019-06-11 14:16:04;original set-up
2020-08-16 17:40:06;SN19054;measure;6,17;5,47;5,14;20017,2;960,1;241,2;54,4;104,0;40,2;33,1;9,5;2,4;7,1;0,0;2,4;0,0;0,0;0,0;0,0;0,0;0,0;0,0;0,0;0,0;0,0;0,0;0,0;177460002;29,4;39,7;24,3;2020-08-16 15:40:06;E10,874272;N48,332940;496,200;300;SW V1-11 (2020-06-17);2019-06-11 14:16:04;original set-up
2020-08-16 17:45:06;SN19054;measure;6,33;5,70;5,31;20772,9;925,9;230,3;76,8;84,0;62,4;31,2;9,6;9,6;2,4;2,4;0,0;0,0;0,0;0,0;0,0;0,0;0,0;0,0;0,0;0,0;0,0;0,0;0,0;177460002;29,5;39,7;24,7;2020-08-16 15:45:06;E10,874273;N48,332947;496,200;300;SW V1-11 (2020-06-17);2019-06-11 14:16:04;original set-up
2020-08-16 17:50:06;SN19054;measure;6,83;5,47;5,12;20013,7;908,4;200,5;91,8;84,6;65,2;26,6;7,2;2,4;7,2;4,8;4,8;0,0;2,4;0,0;0,0;0,0;0,0;0,0;0,0;0,0;0,0;0,0;0,0;177460002;29,1;39,8;24,2;2020-08-16 15:50:06;E10,874268;N48,332945;495,900;300;SW V1-11 (2020-06-17);2019-06-11 14:16:04;original set-up
2020-08-16 17:55:06;SN19054;measure;6,84;5,64;5,30;20718,3;989,4;232,8;53,3;87,3;53,3;26,7;12,1;7,3;9,7;4,8;0,0;0,0;2,4;0,0;0,0;0,0;0,0;0,0;2,4;0,0;0,0;0,0;0,0;177460002;29,4;39,8;24,3;2020-08-16 15:55:06;E10,874263;N48,332973;495,200;300;SW V1-11 (2020-06-17);2019-06-11 14:16:04;original set-up
2020-08-16 18:00:06;SN19054;measure;6,18;5,51;5,18;20376,3;910,2;248,2;68,1;70,6;43,8;31,6;7,3;7,3;0,0;0,0;0,0;2,4;2,4;0,0;0,0;0,0;0,0;0,0;0,0;0,0;0,0;0,0;0,0;177460002;29,1;39,8;24,6;2020-08-16 16:00:06;E10,874287;N48,332918;497,300;300;SW V1-11 (2020-06-17);2019-06-11 14:16:04;original set-up
2020-08-16 18:05:06;SN19054;measure;6,91;5,58;5,15;20361,7;912,6;194,7;75,4;107,1;53,5;46,2;12,2;2,4;12,2;4,9;2,4;0,0;0,0;2,4;0,0;0,0;2,4;0,0;2,4;0,0;0,0;0,0;0,0;177460002;28,8;39,8;24,9;2020-08-16 16:05:06;E10,874302;N48,332903;496,400;300;SW V1-11 (2020-06-17);2019-06-11 14:16:04;original set-up
2020-08-16 18:10:06;SN19054;measure;6,15;5,37;5,14;20361,7;1044,0;238,5;43,8;70,6;46,2;9,7;7,3;12,2;4,9;2,4;0,0;0,0;0,0;0,0;0,0;0,0;0,0;0,0;0,0;0,0;0,0;0,0;0,0;177460002;28,8;39,7;25,0;2020-08-16 16:10:06;E10,874312;N48,332905;494,400;300;SW V1-11 (2020-06-17);2019-06-11 14:16:04;original set-up
2020-08-16 18:15:06;SN19054;measure;6,37;5,37;5,02;19789,8;966,1;248,2;80,3;80,3;41,4;36,5;9,7;4,9;7,3;4,9;0,0;0,0;2,4;0,0;0,0;0,0;0,0;0,0;0,0;0,0;0,0;0,0;0,0;177460002;28,7;39,6;24,8;2020-08-16 16:15:06;E10,874323;N48,332893;494,700;300;SW V1-11 (2020-06-17);2019-06-11 14:16:04;original set-up
2020-08-16 18:20:06;SN19054;measure;7,61;5,39;5,05;20029,8;828,1;210,1;44,0;97,7;39,1;31,8;12,2;12,2;7,3;9,8;2,4;2,4;4,9;0,0;0,0;0,0;0,0;0,0;0,0;0,0;0,0;0,0;0,0;177460002;28,6;39,5;24,9;2020-08-16 16:20:06;E10,874345;N48,332857;503,500;300;SW V1-11 (2020-06-17);2019-06-11 14:16:04;original set-up
2020-08-16 18:25:06;SN19054;measure;6,39;5,34;5,00;19660,9;898,9;205,2;70,8;78,2;34,2;34,2;12,2;7,3;7,3;2,4;2,4;0,0;0,0;0,0;0,0;0,0;0,0;0,0;0,0;0,0;0,0;0,0;0,0;177460002;28,8;39,4;24,7;2020-08-16 16:25:06;E10,874320;N48,332847;506,400;300;SW V1-11 (2020-06-17);2019-06-11 14:16:04;original set-up
2020-08-16 18:30:06;SN19054;measure;6,23;5,17;4,89;19325,4;838,8;275,7;68,3;80,1;42,4;21,2;9,4;2,4;4,7;4,7;0,0;2,4;0,0;2,4;0,0;0,0;0,0;0,0;0,0;0,0;0,0;0,0;2,4;177460002;28,5;39,3;25,0;2020-08-16 16:30:06;E10,874328;N48,332873;502,900;300;SW V1-11 (2020-06-17);2019-06-11 14:16:04;original set-up
2020-08-16 18:35:06;SN19054;measure;6,77;5,47;5,05;19823,0;1093,8;227,9;69,6;103,1;62,4;33,6;12,0;19,2;4,8;2,4;2,4;0,0;2,4;0,0;0,0;0,0;0,0;0,0;0,0;0,0;0,0;0,0;0,0;177460002;28,7;39,2;25,0;2020-08-16 16:35:06;E10,874325;N48,332840;505,900;300;SW V1-11 (2020-06-17);2019-06-11 14:16:04;original set-up
2020-08-16 18:40:06;SN19054;measure;6,05;5,45;5,14;20327,7;913,2;246,4;70,1;103,9;53,2;26,6;2,4;2,4;2,4;2,4;2,4;0,0;0,0;0,0;0,0;0,0;0,0;0,0;0,0;0,0;0,0;0,0;0,0;177460002;28,4;39,2;25,0;2020-08-16 16:40:06;E10,874283;N48,332930;502,700;300;SW V1-11 (2020-06-17);2019-06-11 14:16:04;original set-up
2020-08-16 18:45:06;SN19054;measure;6,32;5,43;5,09;20129,0;885,1;191,6;77,6;92,1;58,2;26,7;4,8;7,3;2,4;7,3;0,0;0,0;0,0;0,0;0,0;0,0;0,0;0,0;0,0;0,0;0,0;0,0;0,0;177460002;28,4;39,1;25,1;2020-08-16 16:45:06;E10,874287;N48,332942;503,200;300;SW V1-11 (2020-06-17);2019-06-11 14:16:04;original set-up
2020-08-16 18:50:06;SN19054;measure;6,12;5,46;5,13;20317,9;973,4;219,0;63,3;80,3;73,0;21,9;7,3;7,3;4,9;2,4;0,0;0,0;0,0;2,4;0,0;0,0;0,0;0,0;0,0;0,0;0,0;0,0;0,0;177460002;28,1;39,0;25,1;2020-08-16 16:50:06;E10,874292;N48,332938;502,400;300;SW V1-11 (2020-06-17);2019-06-11 14:16:04;original set-up
2020-08-16 18:55:06;SN19054;measure;6,45;5,73;5,41;21584,8;1039,2;243,4;60,8;99,8;48,7;29,2;2,4;7,3;0,0;2,4;0,0;2,4;0,0;2,4;0,0;0,0;0,0;0,0;0,0;0,0;0,0;0,0;0,0;177460002;27,9;38,9;25,6;2020-08-16 16:55:06;E10,874302;N48,332988;501,200;300;SW V1-11 (2020-06-17);2019-06-11 14:16:04;original set-up
2020-08-16 19:00:06;SN19054;measure;6,88;5,61;5,22;20776,8;1020,2;245,0;54,2;82,5;75,4;35,3;7,1;2,4;4,7;9,4;2,4;0,0;0,0;0,0;0,0;0,0;0,0;0,0;0,0;0,0;0,0;0,0;0,0;177460002;28,0;38,7;25,8;2020-08-16 17:00:06;E10,874285;N48,332955;499,600;300;SW V1-11 (2020-06-17);2019-06-11 14:16:04;original set-up
2020-08-16 19:05:06;SN19054;measure;5,93;5,34;5,03;20026,2;954,0;226,9;53,3;69,5;48,6;30,1;4,6;9,3;6,9;0,0;0,0;0,0;0,0;2,3;0,0;0,0;0,0;0,0;0,0;0,0;0,0;0,0;0,0;177460002;28,1;38,6;26,0;2020-08-16 17:05:06;E10,874287;N48,332962;496,900;300;SW V1-11 (2020-06-17);2019-06-11 14:16:04;original set-up
2020-08-16 19:10:06;SN19054;measure;7,41;5,78;5,41;21563,0;1067,8;294,2;102,0;83,1;42,7;38,0;7,1;9,5;7,1;4,7;0,0;4,7;0,0;0,0;0,0;0,0;0,0;0,0;0,0;0,0;0,0;0,0;0,0;177460002;27,7;38,5;26,1;2020-08-16 17:10:06;E10,874273;N48,332958;496,600;300;SW V1-11 (2020-06-17);2019-06-11 14:16:04;original set-up
2020-08-16 19:15:06;SN19054;measure;5,92;5,37;5,03;20159,7;885,2;209,1;79,0;53,4;55,8;32,5;7,0;7,0;7,0;0,0;0,0;0,0;0,0;2,3;0,0;0,0;0,0;0,0;0,0;0,0;0,0;0,0;0,0;177460002;27,6;38,3;26,4;2020-08-16 17:15:06;E10,874277;N48,332952;495,300;300;SW V1-11 (2020-06-17);2019-06-11 14:16:04;original set-up
2020-08-16 19:20:06;SN19054;measure;6,29;5,25;4,94;19655,8;1011,8;243,7;94,3;98,9;48,3;23,0;4,6;6,9;11,5;0,0;0,0;2,3;0,0;0,0;0,0;0,0;0,0;0,0;0,0;0,0;0,0;0,0;0,0;177460002;27,3;38,2;25,8;2020-08-16 17:20:06;E10,874277;N48,332920;502,900;300;SW V1-11 (2020-06-17);2019-06-11 14:16:04;original set-up
2020-08-16 19:25:06;SN19054;measure;5,84;5,20;4,87;19508,5;920,3;235,2;79,9;77,6;41,1;34,3;6,9;9,1;2,3;2,3;0,0;0,0;2,3;0,0;0,0;0,0;0,0;2,3;0,0;0,0;0,0;0,0;0,0;177460002;27,3;38,1;26,4;2020-08-16 17:25:06;E10,874268;N48,332960;500,400;300;SW V1-11 (2020-06-17);2019-06-11 14:16:04;original set-up
2020-08-16 19:30:06;SN19054;measure;7,48;5,30;4,97;19910,7;941,1;205,7;89,9;134,8;56,8;16,6;4,7;16,6;9,5;4,7;7,1;2,4;0,0;0,0;0,0;2,4;0,0;0,0;2,4;0,0;0,0;0,0;0,0;177460002;27,4;37,9;26,8;2020-08-16 17:30:06;E10,874345;N48,332895;507,700;300;SW V1-11 (2020-06-17);2019-06-11 14:16:04;original set-up
2020-08-16 19:35:06;SN19054;measure;6,84;5,34;5,03;20243,9;1005,0;263,8;62,4;107,9;48,0;21,6;7,2;12,0;9,6;4,8;2,4;0,0;4,8;0,0;0,0;0,0;0,0;0,0;0,0;0,0;0,0;0,0;0,0;177460002;27,1;37,8;27,0;2020-08-16 17:35:06;E10,874382;N48,332893;509,700;300;SW V1-11 (2020-06-17);2019-06-11 14:16:04;original set-up
2020-08-16 19:40:06;SN19054;measure;6,33;5,23;4,88;19684,8;935,9;229,3;77,2;79,6;25,7;35,1;14,0;16,4;0,0;4,7;2,3;0,0;0,0;0,0;0,0;0,0;0,0;0,0;0,0;0,0;0,0;0,0;0,0;177460002;27,1;37,7;27,3;2020-08-16 17:40:06;E10,874297;N48,332910;506,100;300;SW V1-11 (2020-06-17);2019-06-11 14:16:04;original set-up
2020-08-16 19:45:06;SN19054;measure;6,69;5,29;4,94;19996,1;978,3;244,6;73,8;60,0;64,6;25,4;11,5;9,2;6,9;4,6;4,6;0,0;0,0;0,0;0,0;0,0;0,0;0,0;0,0;0,0;0,0;0,0;0,0;177460002;26,9;37,5;27,3;2020-08-16 17:45:06;E10,874285;N48,332933;505,200;300;SW V1-11 (2020-06-17);2019-06-11 14:16:04;original set-up
2020-08-16 19:50:06;SN19054;measure;7,20;6,15;5,76;23270,8;1464,3;346,0;87,1;103,1;50,4;34,4;11,5;16,0;0,0;4,6;2,3;0,0;0,0;0,0;0,0;0,0;0,0;0,0;0,0;2,3;0,0;0,0;0,0;177460002;26,8;37,4;27,7;2020-08-16 17:50:06;E10,874275;N48,332947;505,100;300;SW V1-11 (2020-06-17);2019-06-11 14:16:04;original set-up
2020-08-16 19:55:06;SN19054;measure;6,25;5,28;4,95;20095,3;936,3;232,9;95,9;79,9;63,9;22,8;9,1;6,9;2,3;4,6;2,3;0,0;2,3;0,0;0,0;0,0;0,0;0,0;0,0;0,0;0,0;0,0;0,0;177460002;26,7;37,3;27,8;2020-08-16 17:55:06;E10,874273;N48,332935;502,800;300;SW V1-11 (2020-06-17);2019-06-11 14:16:04;original set-up
2020-08-16 20:00:06;SN19054;measure;5,47;5,14;4,84;19745,9;960,4;257,2;47,8;61,4;47,8;29,6;11,4;4,6;2,3;0,0;0,0;0,0;0,0;0,0;0,0;0,0;0,0;0,0;0,0;0,0;0,0;0,0;0,0;177460002;26,5;37,2;28,0;2020-08-16 18:00:06;E10,874272;N48,332902;503,900;300;SW V1-11 (2020-06-17);2019-06-11 14:16:04;original set-up
2020-08-16 20:05:06;SN19054;measure;6,81;5,48;5,09;20745,2;985,0;254,5;63,6;96,6;77,8;25,9;14,1;9,4;2,4;7,1;0,0;2,4;0,0;0,0;0,0;0,0;0,0;0,0;0,0;0,0;0,0;0,0;0,0;177460002;26,5;37,0;28,1;2020-08-16 18:05:06;E10,874272;N48,332915;503,800;300;SW V1-11 (2020-06-17);2019-06-11 14:16:04;original set-up
2020-08-16 20:10:06;SN19054;measure;7,03;5,60;5,22;21333,0;997,9;259,3;48,6;74,1;41,7;39,4;20,8;9,3;9,3;0,0;2,3;2,3;2,3;0,0;0,0;0,0;0,0;0,0;0,0;0,0;0,0;0,0;0,0;177460002;26,4;36,9;28,2;2020-08-16 18:10:06;E10,874268;N48,332915;502,900;300;SW V1-11 (2020-06-17);2019-06-11 14:16:04;original set-up
2020-08-16 20:15:06;SN19054;measure;6,48;5,56;5,28;21584,2;1113,7;224,6;91,7;80,2;41,2;20,6;13,7;0,0;6,9;2,3;0,0;2,3;0,0;0,0;0,0;2,3;0,0;0,0;0,0;0,0;0,0;0,0;0,0;177460002;26,2;36,7;28,5;2020-08-16 18:15:06;E10,874282;N48,332897;502,800;300;SW V1-11 (2020-06-17);2019-06-11 14:16:04;original set-up
2020-08-16 20:20:06;SN19054;measure;6,48;5,57;5,23;21413,0;1061,9;280,9;102,8;95,9;36,5;27,4;16,0;9,1;4,6;4,6;0,0;0,0;0,0;0,0;2,3;0,0;0,0;0,0;0,0;0,0;0,0;0,0;0,0;177460002;26,1;36,6;28,7;2020-08-16 18:20:06;E10,874252;N48,332953;504,200;300;SW V1-11 (2020-06-17);2019-06-11 14:16:04;original set-up
2020-08-16 20:25:06;SN19054;measure;7,64;5,33;4,92;20309,0;901,2;236,7;77,4;63,7;56,9;38,7;15,9;15,9;2,3;4,6;6,8;4,6;4,6;0,0;0,0;0,0;0,0;0,0;0,0;0,0;0,0;0,0;0,0;177460002;25,8;36,4;29,0;2020-08-16 18:25:06;E10,874227;N48,332967;504,300;300;SW V1-11 (2020-06-17);2019-06-11 14:16:04;original set-up
2020-08-16 20:30:06;SN19054;measure;6,30;5,36;4,87;20142,8;917,1;257,2;75,1;81,9;45,5;50,1;29,6;15,9;2,3;2,3;0,0;0,0;0,0;2,3;2,3;0,0;0,0;0,0;0,0;0,0;0,0;0,0;0,0;177460002;25,7;36,2;29,2;2020-08-16 18:30:06;E10,874230;N48,332935;500,200;300;SW V1-11 (2020-06-17);2019-06-11 14:16:04;original set-up
2020-08-16 20:35:06;SN19054;measure;6,74;5,36;4,98;20635,8;960,4;225,3;84,2;102,4;59,2;36,4;9,1;6,8;9,1;2,3;2,3;2,3;2,3;2,3;0,0;0,0;0,0;0,0;0,0;2,3;0,0;0,0;0,0;177460002;25,6;36,0;29,6;2020-08-16 18:35:06;E10,874235;N48,332923;504,900;300;SW V1-11 (2020-06-17);2019-06-11 14:16:04;original set-up
2020-08-16 20:40:06;SN19054;measure;6,33;5,30;5,01;20814,2;974,0;225,3;75,1;79,7;56,9;22,8;4,6;6,8;11,4;4,6;0,0;0,0;0,0;0,0;0,0;0,0;0,0;0,0;0,0;0,0;0,0;0,0;0,0;177460002;25,6;35,8;30,0;2020-08-16 18:40:06;E10,874262;N48,332945;505,000;300;SW V1-11 (2020-06-17);2019-06-11 14:16:04;original set-up
2020-08-16 20:45:06;SN19054;measure;6,78;5,31;4,99;20760,7;941,0;206,2;70,2;100,9;52,6;21,9;8,8;13,2;4,4;4,4;6,6;0,0;0,0;0,0;0,0;0,0;0,0;2,2;0,0;0,0;0,0;0,0;0,0;177460002;25,6;35,6;30,3;2020-08-16 18:45:06;E10,874283;N48,332952;506,200;300;SW V1-11 (2020-06-17);2019-06-11 14:16:04;original set-up
2020-08-16 20:50:06;SN19054;measure;6,61;5,39;5,09;21264,0;1057,1;236,4;64,7;71,4;58,0;22,3;2,2;20,1;4,5;2,2;4,5;0,0;0,0;2,2;0,0;0,0;2,2;0,0;0,0;0,0;0,0;0,0;0,0;177460002;25,4;35,5;30,6;2020-08-16 18:50:06;E10,874263;N48,332967;507,300;300;SW V1-11 (2020-06-17);2019-06-11 14:16:04;original set-up
2020-08-16 20:55:06;SN19054;measure;7,24;5,61;5,29;22159,1;1090,4;288,4;90,1;90,1;63,1;27,0;4,5;6,8;4,5;9,0;6,8;0,0;0,0;2,3;0,0;0,0;0,0;0,0;0,0;0,0;2,3;0,0;0,0;177460002;25,2;35,4;30,9;2020-08-16 18:55:06;E10,874260;N48,332972;507,400;300;SW V1-11 (2020-06-17);2019-06-11 14:16:04;original set-up
2020-08-16 21:00:06;SN19054;measure;7,24;5,69;5,32;22453,4;1125,7;257,7;83,6;67,8;52,0;38,4;11,3;11,3;9,0;2,3;6,8;0,0;2,3;0,0;0,0;0,0;0,0;0,0;0,0;0,0;0,0;0,0;0,0;177460002;24,9;35,2;31,2;2020-08-16 19:00:06;E10,874273;N48,332960;506,500;300;SW V1-11 (2020-06-17);2019-06-11 14:16:04;original set-up
2020-08-16 21:05:06;SN19054;measure;7,20;5,61;5,22;22091,9;1084,4;279,8;72,1;89,6;70,0;32,8;17,5;6,6;10,9;2,2;4,4;2,2;0,0;0,0;0,0;0,0;0,0;2,2;0,0;0,0;0,0;0,0;0,0;177460002;24,9;35,0;31,6;2020-08-16 19:05:06;E10,874273;N48,332957;505,500;300;SW V1-11 (2020-06-17);2019-06-11 14:16:04;original set-up
2020-08-16 21:10:06;SN19054;measure;6,99;5,33;5,01;21395,0;968,0;223,7;73,1;94,6;55,9;17,2;10,8;21,5;2,2;4,3;6,5;0,0;4,3;0,0;0,0;0,0;0,0;0,0;0,0;0,0;0,0;0,0;0,0;177460002;24,7;34,9;31,9;2020-08-16 19:10:06;E10,874272;N48,332973;504,600;300;SW V1-11 (2020-06-17);2019-06-11 14:16:04;original set-up
2020-08-16 21:15:06;SN19054;measure;7,10;5,65;5,32;22723,5;1163,7;293,7;68,5;99,4;55,2;28,7;2,2;15,5;8,8;6,6;2,2;0,0;2,2;0,0;0,0;0,0;0,0;0,0;0,0;0,0;0,0;0,0;0,0;177460002;24,7;34,8;32,2;2020-08-16 19:15:06;E10,874263;N48,333005;505,400;300;SW V1-11 (2020-06-17);2019-06-11 14:16:04;original set-up
2020-08-16 21:20:06;SN19054;measure;7,24;6,00;5,64;24162,0;1360,5;264,9;89,8;101,0;58,4;26,9;13,5;15,7;9,0;4,5;0,0;0,0;2,2;0,0;2,2;0,0;0,0;2,2;0,0;0,0;0,0;0,0;0,0;177460002;24,6;34,7;32,6;2020-08-16 19:20:06;E10,874308;N48,333007;509,500;300;SW V1-11 (2020-06-17);2019-06-11 14:16:04;original set-up
2020-08-16 21:25:06;SN19054;measure;7,83;6,10;5,69;24327,4;1385,7;289,3;85,9;74,6;45,2;40,7;24,9;13,6;4,5;2,3;2,3;4,5;2,3;0,0;0,0;0,0;0,0;0,0;0,0;0,0;0,0;0,0;0,0;177460002;24,7;34,5;32,9;2020-08-16 19:25:06;E10,874222;N48,333037;510,500;300;SW V1-11 (2020-06-17);2019-06-11 14:16:04;original set-up
2020-08-16 21:30:06;SN19054;measure;8,47;6,03;5,65;24299,6;1254,2;276,7;56,7;90,7;65,8;38,6;9,1;13,6;2,3;2,3;13,6;4,5;2,3;2,3;0,0;0,0;0,0;0,0;0,0;0,0;0,0;0,0;0,0;177460002;24,6;34,5;33,0;2020-08-16 19:30:06;E10,874220;N48,333062;498,600;300;SW V1-11 (2020-06-17);2019-06-11 14:16:04;original set-up
2020-08-16 21:35:06;SN19054;measure;6,90;6,05;5,60;24295,0;1209,1;214,3;80,9;65,6;61,2;54,7;15,3;8,7;6,6;0,0;2,2;0,0;2,2;0,0;0,0;2,2;2,2;0,0;2,2;0,0;0,0;0,0;0,0;177460002;24,4;34,4;33,2;2020-08-16 19:35:06;E10,874262;N48,333063;502,500;300;SW V1-11 (2020-06-17);2019-06-11 14:16:04;original set-up
2020-08-16 21:40:06;SN19054;measure;6,67;5,93;5,62;24357,6;1170,1;273,2;64,5;88,2;55,9;30,1;4,3;6,5;8,6;2,2;0,0;0,0;2,2;0,0;0,0;0,0;2,2;0,0;0,0;0,0;0,0;0,0;0,0;177460002;24,4;34,3;33,5;2020-08-16 19:40:06;E10,874235;N48,333005;501,600;300;SW V1-11 (2020-06-17);2019-06-11 14:16:04;original set-up
2020-08-16 21:45:06;SN19054;measure;6,89;5,83;5,49;23978,7;1291,1;279,1;59,7;74,6;49,0;36,2;10,7;12,8;4,3;0,0;2,1;2,1;2,1;0,0;0,0;0,0;0,0;0,0;0,0;0,0;0,0;0,0;0,0;177460002;24,2;34,2;33,7;2020-08-16 19:45:06;E10,874250;N48,333055;495,300;300;SW V1-11 (2020-06-17);2019-06-11 14:16:04;original set-up
2020-08-16 21:50:06;SN19054;measure;7,73;6,14;5,70;24777,2;1296,2;268,5;68,2;121,0;39,6;50,6;24,2;13,2;13,2;2,2;4,4;0,0;0,0;2,2;0,0;0,0;0,0;0,0;0,0;0,0;0,0;0,0;0,0;177460002;24,3;34,1;33,8;2020-08-16 19:50:06;E10,874215;N48,333052;509,000;300;SW V1-11 (2020-06-17);2019-06-11 14:16:04;original set-up
2020-08-16 21:55:06;SN19054;measure;7,06;6,03;5,65;24716,4;1346,6;271,9;47,5;95,0;73,4;38,8;10,8;6,5;4,3;2,2;2,2;2,2;0,0;2,2;0,0;0,0;0,0;0,0;0,0;0,0;2,2;0,0;0,0;177460002;24,1;34,0;34,1;2020-08-16 19:55:06;E10,874160;N48,333035;501,900;300;SW V1-11 (2020-06-17);2019-06-11 14:16:04;original set-up
2020-08-16 22:00:06;SN19054;measure;7,00;6,07;5,70;24853,3;1423,4;312,0;70,5;89,8;57,7;29,9;25,6;6,4;2,1;0,0;2,1;2,1;0,0;0,0;0,0;0,0;0,0;2,1;0,0;0,0;0,0;0,0;0,0;177460002;24,2;33,9;34,3;2020-08-16 20:00:06;E10,874203;N48,332942;505,600;300;SW V1-11 (2020-06-17);2019-06-11 14:16:04;original set-up
2020-08-16 22:05:06;SN19054;measure;7,45;6,10;5,77;25216,9;1505,7;269,7;61,6;99,8;70,1;19,1;17,0;8,5;2,1;4,2;4,2;2,1;0,0;2,1;0,0;2,1;0,0;0,0;0,0;0,0;0,0;0,0;0,0;177460002;24,2;33,9;34,5;2020-08-16 20:05:06;E10,874262;N48,332973;511,200;300;SW V1-11 (2020-06-17);2019-06-11 14:16:04;original set-up
2020-08-16 22:10:06;SN19054;measure;7,68;6,64;6,23;27387,2;1481,0;283,9;61,6;90,2;70,4;46,2;11,0;8,8;13,2;2,2;0,0;0,0;2,2;2,2;0,0;0,0;0,0;0,0;0,0;0,0;0,0;0,0;0,0;177460002;24,1;33,8;34,6;2020-08-16 20:10:06;E10,874270;N48,332942;507,200;300;SW V1-11 (2020-06-17);2019-06-11 14:16:04;original set-up
2020-08-16 22:15:06;SN19054;measure;8,17;6,57;6,17;27209,3;1430,7;297,8;60,4;79,8;62,6;34,5;19,4;21,6;8,6;8,6;0,0;0,0;0,0;0,0;0,0;0,0;0,0;2,2;0,0;0,0;0,0;0,0;0,0;177460002;23,9;33,8;34,7;2020-08-16 20:15:06;E10,874277;N48,332918;508,300;300;SW V1-11 (2020-06-17);2019-06-11 14:16:04;original set-up
2020-08-16 22:20:06;SN19054;measure;8,20;6,39;6,04;26881,1;1562,4;309,9;55,6;100,5;59,8;27,8;21,4;8,5;6,4;4,3;4,3;4,3;0,0;0,0;0,0;0,0;0,0;0,0;0,0;0,0;0,0;0,0;0,0;177460002;23,7;33,7;34,9;2020-08-16 20:20:06;E10,874272;N48,332927;507,300;300;SW V1-11 (2020-06-17);2019-06-11 14:16:04;original set-up
2020-08-16 22:25:06;SN19054;measure;8,70;6,62;6,18;27344,9;1507,8;307,9;78,6;87,1;55,2;48,8;25,5;8,5;0,0;0,0;17,0;2,1;0,0;0,0;2,1;0,0;0,0;0,0;0,0;0,0;0,0;0,0;0,0;177460002;23,9;33,6;35,0;2020-08-16 20:25:06;E10,874273;N48,332915;506,800;300;SW V1-11 (2020-06-17);2019-06-11 14:16:04;original set-up
2020-08-16 22:30:06;SN19054;measure;7,99;6,73;6,37;28401,7;1613,1;349,9;74,8;103,4;70,4;33,0;8,8;8,8;2,2;6,6;2,2;2,2;0,0;0,0;0,0;0,0;0,0;0,0;0,0;0,0;0,0;0,0;0,0;177460002;23,6;33,6;35,1;2020-08-16 20:30:06;E10,874250;N48,332927;505,100;300;SW V1-11 (2020-06-17);2019-06-11 14:16:04;original set-up
2020-08-16 22:35:06;SN19054;measure;8,13;7,05;6,62;29388,4;1702,8;351,3;80,6;118,6;53,7;49,2;15,7;13,4;9,0;0,0;0,0;2,2;0,0;0,0;0,0;0,0;2,2;0,0;0,0;0,0;0,0;0,0;0,0;177460002;23,8;33,5;35,2;2020-08-16 20:35:06;E10,874273;N48,332925;502,800;300;SW V1-11 (2020-06-17);2019-06-11 14:16:04;original set-up
2020-08-16 22:40:06;SN19054;measure;8,21;7,10;6,74;29823,3;1845,1;344,7;87,9;110,4;56,3;29,3;13,5;15,8;2,3;0,0;6,8;0,0;0,0;0,0;0,0;0,0;0,0;0,0;0,0;0,0;0,0;0,0;0,0;177460002;23,8;33,5;35,3;2020-08-16 20:40:06;E10,874222;N48,332942;499,600;300;SW V1-11 (2020-06-17);2019-06-11 14:16:04;original set-up
2020-08-16 22:45:06;SN19054;measure;8,04;7,32;6,96;30905,4;1907,9;395,6;101,7;117,5;54,3;31,6;11,3;15,8;6,8;0,0;0,0;0,0;0,0;0,0;0,0;0,0;0,0;0,0;0,0;0,0;0,0;0,0;0,0;177460002;23,7;33,4;35,5;2020-08-16 20:45:06;E10,874247;N48,332917;502,900;300;SW V1-11 (2020-06-17);2019-06-11 14:16:04;original set-up
2020-08-16 22:50:06;SN19054;measure;9,23;7,26;6,87;30869,6;1954,5;356,4;85,3;142,1;63,4;30,6;17,5;17,5;13,1;2,2;2,2;4,4;2,2;2,2;0,0;0,0;0,0;0,0;0,0;0,0;0,0;0,0;0,0;177460002;23,4;33,4;35,7;2020-08-16 20:50:06;E10,874280;N48,332903;504,900;300;SW V1-11 (2020-06-17);2019-06-11 14:16:04;original set-up
2020-08-16 22:55:06;SN19054;measure;8,60;7,43;7,01;31716,0;1970,4;301,2;96,8;79,6;62,4;45,2;17,2;17,2;10,8;0,0;2,2;0,0;2,2;0,0;0,0;0,0;0,0;0,0;0,0;0,0;0,0;0,0;0,0;177460002;23,3;33,3;35,8;2020-08-16 20:55:06;E10,874280;N48,332912;504,400;300;SW V1-11 (2020-06-17);2019-06-11 14:16:04;original set-up
2020-08-16 23:00:06;SN19054;measure;8,13;7,15;6,73;30236,0;1868,4;349,4;74,6;110,8;57,5;38,3;27,7;14,9;6,4;2,1;0,0;0,0;0,0;0,0;2,1;0,0;0,0;0,0;0,0;0,0;0,0;0,0;0,0;177460002;23,5;33,2;36,0;2020-08-16 21:00:06;E10,874272;N48,332907;501,900;300;SW V1-11 (2020-06-17);2019-06-11 14:16:04;original set-up
2020-08-16 23:05:06;SN19054;measure;8,64;7,19;6,76;30398,8;1907,1;329,2;89,2;91,3;68,0;38,2;23,4;19,1;10,6;2,1;0,0;2,1;0,0;0,0;0,0;0,0;0,0;0,0;0,0;0,0;0,0;0,0;0,0;177460002;23,4;33,2;36,1;2020-08-16 21:05:06;E10,874278;N48,332910;501,000;300;SW V1-11 (2020-06-17);2019-06-11 14:16:04;original set-up
2020-08-16 23:10:06;SN19054;measure;9,52;7,40;7,00;31589,4;2127,6;381,1;80,4;103,7;86,8;27,5;14,8;19,1;12,7;6,4;4,2;2,1;2,1;0,0;0,0;0,0;0,0;2,1;0,0;0,0;0,0;0,0;0,0;177460002;23,4;33,1;36,3;2020-08-16 21:10:06;E10,874273;N48,332905;501,600;300;SW V1-11 (2020-06-17);2019-06-11 14:16:04;original set-up
2020-08-16 23:15:06;SN19054;measure;8,78;7,51;7,09;32158,8;2036,4;391,6;124,9;91,0;59,3;40,2;25,4;6,4;4,2;2,1;4,2;2,1;0,0;0,0;0,0;0,0;0,0;0,0;0,0;0,0;0,0;0,0;0,0;177460002;23,2;33,1;36,2;2020-08-16 21:15:06;E10,874270;N48,332907;503,200;300;SW V1-11 (2020-06-17);2019-06-11 14:16:04;original set-up
2020-08-16 23:20:06;SN19054;measure;9,20;7,81;7,44;33405,8;2145,2;478,2;96,5;131,6;68,0;24,1;13,2;15,4;6,6;2,2;0,0;4,4;0,0;0,0;0,0;0,0;0,0;0,0;0,0;0,0;0,0;0,0;0,0;177460002;23,2;33,1;35,9;2020-08-16 21:20:06;E10,874273;N48,332903;502,400;300;SW V1-11 (2020-06-17);2019-06-11 14:16:04;original set-up
2020-08-16 23:25:06;SN19054;measure;9,46;7,96;7,54;34287,8;2285,9;519,6;133,8;131,6;66,9;42,4;8,9;11,2;4,5;4,5;2,2;4,5;0,0;0,0;0,0;0,0;0,0;0,0;0,0;0,0;0,0;0,0;0,0;177460002;23,0;33,0;36,3;2020-08-16 21:25:06;E10,874273;N48,332905;502,400;300;SW V1-11 (2020-06-17);2019-06-11 14:16:04;original set-up
2020-08-16 23:30:06;SN19054;measure;9,32;7,76;7,43;33928,0;2219,1;475,4;96,9;103,6;72,1;18,0;15,8;9,0;4,5;15,8;0,0;0,0;0,0;0,0;0,0;0,0;0,0;0,0;0,0;0,0;0,0;0,0;0,0;177460002;22,9;32,9;36,2;2020-08-16 21:30:06;E10,874260;N48,332908;502,000;300;SW V1-11 (2020-06-17);2019-06-11 14:16:04;original set-up
2020-08-16 23:35:06;SN19054;measure;8,08;7,38;7,05;32474,9;1993,9;374,8;95,9;89,3;54,5;37,0;8,7;6,5;8,7;2,2;0,0;0,0;0,0;2,2;0,0;0,0;0,0;0,0;0,0;0,0;0,0;0,0;0,0;177460002;22,8;32,9;36,4;2020-08-16 21:35:06;E10,874268;N48,332900;501,700;300;SW V1-11 (2020-06-17);2019-06-11 14:16:04;original set-up
2020-08-16 23:40:06;SN19054;measure;9,01;7,42;7,02;32445,7;2096,3;376,9;98,1;111,5;62,4;42,4;13,4;13,4;6,7;8,9;4,5;0,0;0,0;0,0;0,0;0,0;0,0;0,0;0,0;0,0;0,0;0,0;0,0;177460002;22,7;32,8;36,7;2020-08-16 21:40:06;E10,874272;N48,332898;503,800;300;SW V1-11 (2020-06-17);2019-06-11 14:16:04;original set-up
2020-08-16 23:45:06;SN19054;measure;8,54;7,61;7,23;33815,3;2183,0;401,0;105,9;114,9;72,1;31,5;11,3;15,8;13,5;0,0;0,0;0,0;0,0;2,3;0,0;0,0;0,0;0,0;0,0;0,0;0,0;0,0;0,0;177460002;22,5;32,7;36,9;2020-08-16 21:45:06;E10,874252;N48,332898;501,800;300;SW V1-11 (2020-06-17);2019-06-11 14:16:04;original set-up
2020-08-16 23:50:06;SN19054;measure;8,82;7,21;6,79;32295,6;1968,9;348,1;97,2;99,5;65,6;45,2;18,1;13,6;6,8;2,3;6,8;2,3;0,0;2,3;0,0;0,0;0,0;0,0;0,0;0,0;0,0;0,0;0,0;177460002;22,4;32,7;37,4;2020-08-16 21:50:06;E10,874287;N48,332887;501,400;300;SW V1-11 (2020-06-17);2019-06-11 14:16:04;original set-up
2020-08-16 23:55:06;SN19054;measure;7,91;6,73;6,31;29579,6;1755,5;372,0;95,3;97,5;74,8;38,6;18,1;15,9;4,5;4,5;2,3;0,0;2,3;0,0;0,0;2,3;0,0;0,0;0,0;0,0;0,0;0,0;0,0;177460002;22,4;32,6;37,2;2020-08-16 21:55:06;E10,874237;N48,332903;509,700;300;SW V1-11 (2020-06-17);2019-06-11 14:16:04;original set-up
