***begin of header***
date&time [local time];serial-no;type;PM10 [ug/m3];PM2.5 [ug/m3];PM1 [ug/m3];0,35 [um];0,46 [um];0,66 [um];1,0 [um];1,3 [um];1,7 [um];2,3 [um];3,0 [um];4,0 [um];5,2 [um];6,5 [um];8,0 [um];10 [um];12 [um];14 [um];16 [um];18 [um];20 [um];22 [um];25 [um];28 [um];31 [um];34 [um];37 [um];serial-OPC;T-out [°C];T-aerosol [°C];rH [%];date&time [UTC];longitude [°];latitude [°];height [m];time-resolution [s];software-version;last calibration [local time];configuration version
***end of header***
2020-08-16 00:00:06;SN19051;measure;17,23;16,67;16,17;73713,7;3918,0;551,6;117,2;145,5;97,0;46,5;18,2;4,0;0,0;2,0;2,0;0,0;0,0;0,0;0,0;0,0;0,0;0,0;0,0;0,0;0,0;0,0;0,0;177460319;23,6;32,4;38,6;2020-08-15 22:00:06;E10,944997;N48,348978;489,200;300;SW V1-11 (2020-06-17);2019-06-11 14:16:04;original set-up
2020-08-16 00:05:06;SN19051;measure;17,21;16,90;16,43;76053,6;4043,2;579,9;175,8;123,3;80,8;50,5;12,1;2,0;4,0;0,0;0,0;0,0;0,0;0,0;0,0;0,0;0,0;0,0;0,0;0,0;0,0;0,0;0,0;177460319;23,2;32,3;38,6;2020-08-15 22:05:06;E10,945042;N48,348957;491,200;300;SW V1-11 (2020-06-17);2019-06-11 14:16:04;original set-up
2020-08-16 00:10:06;SN19051;measure;17,75;17,13;16,68;77105,4;4092,0;553,7;117,2;159,6;84,9;30,3;26,3;4,0;4,0;2,0;0,0;0,0;0,0;0,0;0,0;0,0;0,0;0,0;0,0;0,0;0,0;0,0;0,0;177460319;23,3;32,3;38,7;2020-08-15 22:10:06;E10,945123;N48,348998;492,900;300;SW V1-11 (2020-06-17);2019-06-11 14:16:04;original set-up
2020-08-16 00:15:06;SN19051;measure;18,08;17,22;16,76;77403,4;4506,0;656,7;143,5;151,5;84,9;44,5;10,1;10,1;4,0;0,0;2,0;2,0;0,0;0,0;0,0;0,0;0,0;0,0;0,0;0,0;0,0;0,0;0,0;177460319;23,2;32,2;38,9;2020-08-15 22:15:06;E10,945138;N48,349052;494,600;300;SW V1-11 (2020-06-17);2019-06-11 14:16:04;original set-up
2020-08-16 00:20:06;SN19051;measure;18,02;17,55;17,07;78494,5;4514,0;689,0;151,5;204,1;113,2;36,4;4,0;4,0;4,0;2,0;0,0;0,0;2,0;0,0;0,0;0,0;0,0;0,0;0,0;0,0;0,0;0,0;0,0;177460319;23,4;32,1;39,1;2020-08-15 22:20:06;E10,945158;N48,349083;496,400;300;SW V1-11 (2020-06-17);2019-06-11 14:16:04;original set-up
2020-08-16 00:25:06;SN19051;measure;17,80;17,40;17,05;78621,0;4415,3;679,0;93,0;105,1;93,0;24,2;8,1;8,1;4,0;0,0;0,0;0,0;0,0;0,0;0,0;0,0;0,0;0,0;0,0;0,0;0,0;0,0;0,0;177460319;23,3;32,1;39,1;2020-08-15 22:25:06;E10,945108;N48,349117;497,300;300;SW V1-11 (2020-06-17);2019-06-11 14:16:04;original set-up
2020-08-16 00:30:06;SN19051;measure;18,05;17,48;17,10;79345,2;4574,7;642,6;135,4;141,4;64,7;30,3;8,1;14,1;2,0;2,0;0,0;0,0;0,0;0,0;0,0;0,0;0,0;0,0;0,0;0,0;0,0;0,0;0,0;177460319;23,1;32,0;39,2;2020-08-15 22:30:06;E10,945088;N48,349135;497,100;300;SW V1-11 (2020-06-17);2019-06-11 14:16:04;original set-up
2020-08-16 00:35:06;SN19051;measure;18,79;17,94;17,52;81429,8;4766,9;636,5;159,6;133,4;78,8;32,3;12,1;14,1;4,0;2,0;2,0;0,0;0,0;0,0;0,0;0,0;0,0;0,0;0,0;0,0;0,0;0,0;0,0;177460319;23,1;31,9;39,4;2020-08-15 22:35:06;E10,945097;N48,349113;493,200;300;SW V1-11 (2020-06-17);2019-06-11 14:16:04;original set-up
2020-08-16 00:40:06;SN19051;measure;18,90;17,75;17,24;80276,7;4578,7;701,2;109,1;149,5;103,1;50,5;14,1;6,1;2,0;4,0;4,0;2,0;0,0;0,0;0,0;0,0;0,0;0,0;0,0;0,0;0,0;0,0;0,0;177460319;23,0;31,8;39,5;2020-08-15 22:40:06;E10,945098;N48,349130;487,500;300;SW V1-11 (2020-06-17);2019-06-11 14:16:04;original set-up
2020-08-16 00:45:06;SN19051;measure;18,56;17,81;17,40;80347,4;4847,4;699,1;139,4;139,4;74,8;36,4;8,1;12,1;4,0;4,0;0,0;0,0;0,0;0,0;0,0;0,0;0,0;0,0;0,0;0,0;0,0;0,0;0,0;177460319;23,2;31,7;39,8;2020-08-15 22:45:06;E10,945143;N48,349005;478,700;300;SW V1-11 (2020-06-17);2019-06-11 14:16:04;original set-up
2020-08-16 00:50:06;SN19051;measure;18,99;18,09;17,67;82466,4;4979,1;660,8;141,5;147,5;68,7;44,5;6,1;8,1;8,1;2,0;0,0;2,0;0,0;0,0;0,0;0,0;0,0;0,0;0,0;0,0;0,0;0,0;0,0;177460319;23,0;31,7;40,0;2020-08-15 22:50:06;E10,945152;N48,348997;472,500;300;SW V1-11 (2020-06-17);2019-06-11 14:16:04;original set-up
2020-08-16 00:55:06;SN19051;measure;19,18;18,58;18,15;84370,4;5154,6;656,7;147,5;123,3;70,7;38,4;18,2;10,1;6,1;0,0;0,0;0,0;0,0;2,0;0,0;0,0;0,0;0,0;0,0;0,0;0,0;0,0;0,0;177460319;23,1;31,6;40,0;2020-08-15 22:55:06;E10,945175;N48,348970;465,600;300;SW V1-11 (2020-06-17);2019-06-11 14:16:04;original set-up
2020-08-16 01:00:06;SN19051;measure;19,37;18,79;18,33;84562,4;5366,7;723,4;159,6;139,4;105,1;40,4;10,1;0,0;2,0;0,0;2,0;2,0;0,0;0,0;0,0;0,0;0,0;0,0;0,0;0,0;0,0;0,0;0,0;177460319;23,2;31,6;40,1;2020-08-15 23:00:06;E10,945170;N48,349263;461,700;300;SW V1-11 (2020-06-17);2019-06-11 14:16:04;original set-up
2020-08-16 01:05:06;SN19051;measure;19,74;18,76;18,32;85535,3;5405,6;769,0;131,3;122,9;102,1;33,3;14,6;6,3;6,3;4,2;2,1;0,0;2,1;0,0;0,0;0,0;0,0;0,0;0,0;0,0;0,0;0,0;0,0;177460319;22,9;31,5;40,3;2020-08-15 23:05:06;E10,945107;N48,349282;462,300;300;SW V1-11 (2020-06-17);2019-06-11 14:16:04;original set-up
2020-08-16 01:10:06;SN19051;measure;19,36;18,73;18,22;85647,9;5541,6;789,9;129,3;135,4;98,5;51,3;18,5;8,2;0,0;2,1;2,1;0,0;0,0;0,0;0,0;0,0;0,0;0,0;0,0;0,0;0,0;0,0;0,0;177460319;22,8;31,5;40,4;2020-08-15 23:10:06;E10,945100;N48,349100;465,100;300;SW V1-11 (2020-06-17);2019-06-11 14:16:04;original set-up
2020-08-16 01:15:06;SN19051;measure;19,26;18,64;18,26;85703,7;5619,4;845,8;154,5;138,2;77,3;32,5;8,1;4,1;4,1;0,0;4,1;0,0;0,0;0,0;0,0;0,0;0,0;0,0;0,0;0,0;0,0;0,0;0,0;177460319;22,8;31,4;40,3;2020-08-15 23:15:06;E10,945137;N48,348957;464,900;300;SW V1-11 (2020-06-17);2019-06-11 14:16:04;original set-up
2020-08-16 01:20:06;SN19051;measure;19,38;18,94;18,50;87606,2;6029,6;845,2;145,9;123,6;64,9;50,7;14,2;8,1;4,1;0,0;0,0;0,0;0,0;0,0;0,0;0,0;0,0;0,0;0,0;0,0;0,0;0,0;0,0;177460319;22,6;31,4;40,4;2020-08-15 23:20:06;E10,945248;N48,349042;465,300;300;SW V1-11 (2020-06-17);2019-06-11 14:16:04;original set-up
2020-08-16 01:30:06;SN19051;measure;19,73;19,12;18,70;88179,1;6367,4;875,0;157,6;123,3;72,7;48,5;6,1;8,1;4,0;0,0;0,0;2,0;0,0;0,0;0,0;0,0;0,0;0,0;0,0;0,0;0,0;0,0;0,0;177460319;22,6;31,2;40,6;2020-08-15 23:30:06;E10,945190;N48,349027;466,200;300;SW V1-11 (2020-06-17);2019-06-11 14:16:04;original set-up
2020-08-16 01:35:06;SN19051;measure;20,70;19,69;19,27;91503,1;6633,6;992,1;149,5;141,4;80,8;30,3;18,2;14,1;8,1;4,0;0,0;0,0;0,0;0,0;0,0;0,0;0,0;0,0;0,0;0,0;0,0;0,0;0,0;177460319;22,4;31,1;41,0;2020-08-15 23:35:06;E10,945172;N48,349095;467,000;300;SW V1-11 (2020-06-17);2019-06-11 14:16:04;original set-up
2020-08-16 01:40:06;SN19051;measure;20,69;20,09;19,68;93453,0;7007,5;967,9;147,5;149,5;74,8;34,4;14,1;12,1;6,1;0,0;0,0;0,0;0,0;0,0;0,0;0,0;0,0;0,0;0,0;0,0;0,0;0,0;0,0;177460319;22,4;31,0;41,1;2020-08-15 23:40:06;E10,945105;N48,349158;465,400;300;SW V1-11 (2020-06-17);2019-06-11 14:16:04;original set-up
2020-08-16 01:45:06;SN19051;measure;21,15;20,66;20,19;95734,6;7260,5;1004,3;169,7;115,2;101,0;46,5;12,1;4,0;8,1;0,0;0,0;0,0;0,0;0,0;0,0;0,0;0,0;0,0;0,0;0,0;0,0;0,0;0,0;177460319;22,4;30,9;41,2;2020-08-15 23:45:06;E10,945128;N48,349160;463,500;300;SW V1-11 (2020-06-17);2019-06-11 14:16:04;original set-up
2020-08-16 01:50:06;SN19051;measure;21,79;21,24;20,78;98569,2;7740,9;1105,3;196,0;143,5;84,9;40,4;16,2;8,1;0,0;0,0;0,0;2,0;0,0;0,0;0,0;0,0;0,0;0,0;0,0;0,0;0,0;0,0;0,0;177460319;22,4;30,8;41,5;2020-08-15 23:50:06;E10,945218;N48,349182;464,300;300;SW V1-11 (2020-06-17);2019-06-11 14:16:04;original set-up
2020-08-16 01:55:06;SN19051;measure;22,68;22,23;21,78;102758,7;7958,4;1114,9;189,6;148,0;106,3;33,3;10,4;2,1;8,3;0,0;0,0;0,0;0,0;0,0;0,0;0,0;0,0;0,0;0,0;0,0;0,0;0,0;0,0;177460319;22,4;30,8;41,4;2020-08-15 23:55:06;E10,945207;N48,349062;463,300;300;SW V1-11 (2020-06-17);2019-06-11 14:16:04;original set-up
2020-08-16 02:00:06;SN19051;measure;22,85;22,17;21,71;102398,6;8605,4;1122,4;236,0;174,4;102,6;36,9;0,0;6,2;0,0;0,0;4,1;2,1;0,0;0,0;0,0;0,0;0,0;0,0;0,0;0,0;0,0;0,0;0,0;177460319;22,3;30,7;41,4;2020-08-16 00:00:06;E10,945085;N48,349048;463,600;300;SW V1-11 (2020-06-17);2019-06-11 14:16:04;original set-up
2020-08-16 02:05:06;SN19051;measure;21,58;21,08;20,50;98936,5;7995,5;1134,4;195,2;162,6;97,6;56,9;24,4;14,2;0,0;0,0;0,0;0,0;0,0;0,0;0,0;0,0;0,0;0,0;0,0;0,0;0,0;0,0;0,0;177460319;21,9;30,7;41,6;2020-08-16 00:05:06;E10,945125;N48,349090;464,000;300;SW V1-11 (2020-06-17);2019-06-11 14:16:04;original set-up
2020-08-16 02:10:06;SN19051;measure;22,04;21,25;20,78;100434,1;8225,1;1230,3;261,5;133,8;68,9;44,6;14,2;12,2;2,0;0,0;4,1;0,0;2,0;0,0;0,0;0,0;0,0;0,0;0,0;0,0;0,0;0,0;0,0;177460319;21,9;30,6;41,9;2020-08-16 00:10:06;E10,945165;N48,349113;464,500;300;SW V1-11 (2020-06-17);2019-06-11 14:16:04;original set-up
2020-08-16 02:15:06;SN19051;measure;23,23;22,61;22,18;105255,1;8826,5;1299,1;145,9;152,0;77,0;44,6;10,1;6,1;4,1;4,1;0,0;0,0;0,0;0,0;0,0;0,0;0,0;0,0;0,0;0,0;0,0;0,0;0,0;177460319;22,3;30,5;42,1;2020-08-16 00:15:06;E10,945158;N48,349112;465,200;300;SW V1-11 (2020-06-17);2019-06-11 14:16:04;original set-up
2020-08-16 02:20:06;SN19051;measure;23,71;22,81;22,29;105587,8;9105,5;1303,4;183,9;159,6;82,9;58,6;12,1;10,1;0,0;6,1;2,0;0,0;2,0;0,0;0,0;0,0;0,0;0,0;0,0;0,0;0,0;0,0;0,0;177460319;22,3;30,5;42,1;2020-08-16 00:20:06;E10,945262;N48,349188;466,600;300;SW V1-11 (2020-06-17);2019-06-11 14:16:04;original set-up
2020-08-16 02:25:06;SN19051;measure;22,94;22,13;21,57;102346,5;8646,8;1252,9;208,1;137,4;119,2;48,5;16,2;14,1;4,0;0,0;0,0;2,0;0,0;0,0;0,0;0,0;0,0;0,0;0,0;0,0;0,0;0,0;0,0;177460319;22,2;30,5;42,1;2020-08-16 00:25:06;E10,945173;N48,349152;466,600;300;SW V1-11 (2020-06-17);2019-06-11 14:16:04;original set-up
2020-08-16 02:30:06;SN19051;measure;21,24;20,71;20,31;98215,6;8240,0;1147,7;185,9;165,7;78,8;32,3;10,1;8,1;4,0;2,0;0,0;0,0;0,0;0,0;0,0;0,0;0,0;0,0;0,0;0,0;0,0;0,0;0,0;177460319;21,9;30,5;41,9;2020-08-16 00:30:06;E10,945092;N48,349138;467,900;300;SW V1-11 (2020-06-17);2019-06-11 14:16:04;original set-up
2020-08-16 02:35:06;SN19051;measure;21,71;20,97;20,52;98648,5;8297,2;1180,1;187,9;163,7;93,0;40,4;4,0;10,1;0,0;2,0;2,0;2,0;0,0;0,0;0,0;0,0;0,0;0,0;0,0;0,0;0,0;0,0;0,0;177460319;22,0;30,5;42,1;2020-08-16 00:35:06;E10,945212;N48,349232;464,400;300;SW V1-11 (2020-06-17);2019-06-11 14:16:04;original set-up
2020-08-16 02:40:06;SN19051;measure;22,05;21,11;20,64;99806,4;9115,6;1295,3;173,8;159,6;93,0;44,5;12,1;10,1;0,0;2,0;0,0;4,0;2,0;0,0;0,0;0,0;0,0;0,0;0,0;0,0;0,0;0,0;0,0;177460319;21,8;30,4;41,9;2020-08-16 00:40:06;E10,945227;N48,349293;466,200;300;SW V1-11 (2020-06-17);2019-06-11 14:16:04;original set-up
2020-08-16 02:45:06;SN19051;measure;21,73;20,72;20,27;98437,9;8979,6;1329,6;204,1;143,5;76,8;44,5;14,1;8,1;6,1;2,0;2,0;2,0;0,0;0,0;0,0;0,0;0,0;0,0;0,0;0,0;0,0;0,0;0,0;177460319;21,6;30,4;41,9;2020-08-16 00:45:06;E10,945140;N48,349087;470,100;300;SW V1-11 (2020-06-17);2019-06-11 14:16:04;original set-up
2020-08-16 02:50:06;SN19051;measure;20,93;20,53;20,10;99085,0;9093,3;1273,1;196,0;141,5;101,0;38,4;8,1;4,0;0,0;4,0;0,0;0,0;0,0;0,0;0,0;0,0;0,0;0,0;0,0;0,0;0,0;0,0;0,0;177460319;21,4;30,3;42,2;2020-08-16 00:50:06;E10,945195;N48,349023;472,100;300;SW V1-11 (2020-06-17);2019-06-11 14:16:04;original set-up
2020-08-16 02:55:06;SN19051;measure;21,09;20,72;20,26;100354,0;9275,2;1321,6;198,0;167,7;95,0;40,4;14,1;6,1;0,0;2,0;0,0;0,0;0,0;0,0;0,0;0,0;0,0;0,0;0,0;0,0;0,0;0,0;0,0;177460319;21,4;30,2;42,4;2020-08-16 00:55:06;E10,945227;N48,349075;473,100;300;SW V1-11 (2020-06-17);2019-06-11 14:16:04;original set-up
2020-08-16 03:00:06;SN19051;measure;21,82;21,26;20,80;101376,5;9434,8;1440,8;212,2;157,6;93,0;44,5;6,1;8,1;6,1;2,0;0,0;0,0;0,0;0,0;0,0;0,0;0,0;0,0;0,0;0,0;0,0;0,0;0,0;177460319;21,6;30,2;42,5;2020-08-16 01:00:06;E10,945178;N48,349100;474,900;300;SW V1-11 (2020-06-17);2019-06-11 14:16:04;original set-up
2020-08-16 03:05:06;SN19051;measure;21,61;20,85;20,38;100869,3;9226,7;1271,0;187,9;149,5;82,9;46,5;18,2;10,1;4,0;2,0;2,0;0,0;0,0;0,0;0,0;0,0;0,0;0,0;0,0;0,0;0,0;0,0;0,0;177460319;21,4;30,1;42,6;2020-08-16 01:05:06;E10,945292;N48,349118;476,400;300;SW V1-11 (2020-06-17);2019-06-11 14:16:04;original set-up
2020-08-16 03:10:06;SN19051;measure;22,73;22,14;21,68;105394,0;10247,9;1487,8;206,3;162,5;83,4;41,7;12,5;10,4;4,2;2,1;0,0;0,0;0,0;0,0;0,0;0,0;0,0;0,0;0,0;0,0;0,0;0,0;0,0;177460319;21,6;30,1;42,5;2020-08-16 01:10:06;E10,945328;N48,349133;478,200;300;SW V1-11 (2020-06-17);2019-06-11 14:16:04;original set-up
2020-08-16 03:15:06;SN19051;measure;22,49;21,94;21,47;106612,8;10464,8;1447,6;164,6;151,9;92,9;52,8;10,6;2,1;8,4;2,1;0,0;0,0;0,0;0,0;0,0;0,0;0,0;0,0;0,0;0,0;0,0;0,0;0,0;177460319;21,2;30,1;42,5;2020-08-16 01:15:06;E10,945270;N48,349093;479,600;300;SW V1-11 (2020-06-17);2019-06-11 14:16:04;original set-up
2020-08-16 03:20:06;SN19051;measure;21,64;21,11;20,66;104353,2;10163,0;1374,9;210,6;187,9;105,3;28,9;16,5;10,3;2,1;2,1;0,0;0,0;0,0;0,0;0,0;0,0;0,0;0,0;0,0;0,0;0,0;0,0;0,0;177460319;21,0;30,0;42,8;2020-08-16 01:20:06;E10,945207;N48,349057;480,200;300;SW V1-11 (2020-06-17);2019-06-11 14:16:04;original set-up
2020-08-16 03:25:06;SN19051;measure;22,97;22,69;22,24;107913,2;11221,1;1687,5;220,9;149,3;77,7;51,1;6,1;4,1;4,1;0,0;0,0;0,0;0,0;0,0;0,0;0,0;0,0;0,0;0,0;0,0;0,0;0,0;0,0;177460319;21,5;29,9;42,8;2020-08-16 01:25:06;E10,945172;N48,349123;480,800;300;SW V1-11 (2020-06-17);2019-06-11 14:16:04;original set-up
2020-08-16 03:30:06;SN19051;measure;22,60;21,95;21,50;108217,5;10940,0;1688,1;211,8;184,5;77,6;31,5;23,1;16,8;4,2;0,0;0,0;0,0;0,0;0,0;0,0;0,0;0,0;0,0;0,0;0,0;0,0;0,0;0,0;177460319;21,0;29,9;43,0;2020-08-16 01:30:06;E10,945085;N48,349143;480,500;300;SW V1-11 (2020-06-17);2019-06-11 14:16:04;original set-up
2020-08-16 03:35:06;SN19051;measure;21,77;21,40;20,99;104432,4;9940,3;1455,0;209,9;154,4;82,3;32,9;16,5;2,1;0,0;0,0;2,1;0,0;2,1;0,0;0,0;0,0;0,0;0,0;0,0;0,0;0,0;0,0;0,0;177460319;21,2;29,9;43,0;2020-08-16 01:35:06;E10,945065;N48,349282;479,700;300;SW V1-11 (2020-06-17);2019-06-11 14:16:04;original set-up
2020-08-16 03:40:06;SN19051;measure;22,31;21,41;21,00;102811,6;10161,1;1478,4;224,3;173,3;81,6;28,5;12,2;10,2;0,0;0,0;8,2;0,0;0,0;0,0;0,0;0,0;0,0;0,0;0,0;0,0;0,0;0,0;0,0;177460319;21,2;29,8;42,7;2020-08-16 01:40:06;E10,945027;N48,349592;476,600;300;SW V1-11 (2020-06-17);2019-06-11 14:16:04;original set-up
2020-08-16 03:45:06;SN19051;measure;23,35;22,37;21,82;106847,7;10491,8;1526,0;242,5;156,8;94,1;52,3;23,0;12,5;4,2;0,0;2,1;2,1;0,0;0,0;0,0;0,0;0,0;0,0;0,0;0,0;0,0;0,0;0,0;177460319;21,2;29,8;42,9;2020-08-16 01:45:06;E10,944772;N48,349628;475,400;300;SW V1-11 (2020-06-17);2019-06-11 14:16:04;original set-up
2020-08-16 03:50:06;SN19051;measure;22,05;21,57;21,12;104933,3;10169,4;1514,8;253,2;168,8;76,2;28,8;32,9;6,2;2,1;0,0;0,0;0,0;0,0;0,0;2,1;0,0;0,0;0,0;0,0;0,0;0,0;0,0;0,0;177460319;21,0;29,7;42,9;2020-08-16 01:50:06;E10,944703;N48,349670;467,400;300;SW V1-11 (2020-06-17);2019-06-11 14:16:04;original set-up
2020-08-16 03:55:06;SN19051;measure;22,28;21,90;21,36;105201,5;10442,5;1572,2;259,0;185,6;91,8;48,9;26,5;4,1;2,0;0,0;0,0;0,0;0,0;0,0;0,0;0,0;0,0;0,0;0,0;0,0;0,0;0,0;0,0;177460319;21,1;29,7;43,1;2020-08-16 01:55:06;E10,944813;N48,349470;472,600;300;SW V1-11 (2020-06-17);2019-06-11 14:16:04;original set-up
2020-08-16 04:00:06;SN19051;measure;22,83;22,44;21,97;107266,7;11068,8;1599,2;202,7;194,6;99,3;36,5;12,2;8,1;0,0;2,0;0,0;0,0;0,0;0,0;0,0;0,0;0,0;0,0;0,0;0,0;0,0;0,0;0,0;177460319;21,2;29,6;43,1;2020-08-16 02:00:06;E10,944940;N48,349198;469,600;300;SW V1-11 (2020-06-17);2019-06-11 14:16:04;original set-up
2020-08-16 04:05:06;SN19051;measure;22,85;22,30;21,85;108663,4;11358,5;1621,2;252,1;173,0;91,7;43,8;2,1;8,3;2,1;0,0;4,2;0,0;0,0;0,0;0,0;0,0;0,0;0,0;0,0;0,0;0,0;0,0;0,0;177460319;21,0;29,6;43,3;2020-08-16 02:05:06;E10,945127;N48,349110;478,300;300;SW V1-11 (2020-06-17);2019-06-11 14:16:04;original set-up
2020-08-16 04:10:06;SN19051;measure;22,87;22,30;21,83;107959,0;11586,7;1778,9;215,4;168,2;69,8;51,3;14,4;8,2;8,2;0,0;0,0;0,0;0,0;0,0;0,0;0,0;0,0;0,0;0,0;0,0;0,0;0,0;0,0;177460319;21,0;29,6;43,1;2020-08-16 02:10:06;E10,945078;N48,349082;479,200;300;SW V1-11 (2020-06-17);2019-06-11 14:16:04;original set-up
2020-08-16 04:15:06;SN19051;measure;23,13;21,82;21,42;105014,8;11536,2;1576,4;230,4;193,7;75,5;30,6;10,2;6,1;4,1;2,0;2,0;6,1;0,0;0,0;0,0;0,0;0,0;0,0;0,0;0,0;0,0;0,0;0,0;177460319;21,1;29,5;43,2;2020-08-16 02:15:06;E10,945097;N48,349155;479,300;300;SW V1-11 (2020-06-17);2019-06-11 14:16:04;original set-up
2020-08-16 04:20:06;SN19051;measure;22,93;22,38;22,00;107594,0;11534,2;1633,6;255,4;135,8;58,8;32,4;14,2;4,1;2,0;2,0;2,0;0,0;0,0;0,0;0,0;0,0;0,0;0,0;0,0;0,0;0,0;0,0;0,0;177460319;21,1;29,5;43,3;2020-08-16 02:20:06;E10,945105;N48,349203;480,000;300;SW V1-11 (2020-06-17);2019-06-11 14:16:04;original set-up
2020-08-16 04:25:06;SN19051;measure;23,54;22,91;22,49;109895,6;12128,9;1755,3;302,0;160,1;75,0;32,4;10,1;6,1;2,0;2,0;0,0;2,0;0,0;0,0;0,0;0,0;0,0;0,0;0,0;0,0;0,0;0,0;0,0;177460319;21,0;29,4;43,2;2020-08-16 02:25:06;E10,945342;N48,349330;458,800;300;SW V1-11 (2020-06-17);2019-06-11 14:16:04;original set-up
2020-08-16 04:30:06;SN19051;measure;22,72;22,03;21,59;105584,8;11628,6;1590,2;212,2;159,6;92,9;36,4;16,2;2,0;6,1;0,0;4,0;0,0;0,0;0,0;0,0;0,0;0,0;0,0;0,0;0,0;0,0;0,0;0,0;177460319;21,1;29,4;43,5;2020-08-16 02:30:06;E10,945232;N48,349313;459,400;300;SW V1-11 (2020-06-17);2019-06-11 14:16:04;original set-up
2020-08-16 04:35:06;SN19051;measure;24,66;23,56;23,09;111681,9;12557,5;1910,9;275,1;173,0;85,4;31,3;12,5;20,8;6,3;2,1;0,0;2,1;0,0;0,0;0,0;0,0;0,0;0,0;0,0;0,0;0,0;0,0;0,0;177460319;21,1;29,4;43,2;2020-08-16 02:35:06;E10,945208;N48,349387;459,500;300;SW V1-11 (2020-06-17);2019-06-11 14:16:04;original set-up
2020-08-16 04:40:06;SN19051;measure;23,04;22,45;22,02;109490,6;12425,0;1858,8;246,2;170,3;92,3;36,9;8,2;4,1;2,1;0,0;2,1;2,1;0,0;0,0;0,0;0,0;0,0;0,0;0,0;0,0;0,0;0,0;0,0;177460319;20,8;29,4;43,3;2020-08-16 02:40:06;E10,945265;N48,349348;455,400;300;SW V1-11 (2020-06-17);2019-06-11 14:16:04;original set-up
2020-08-16 04:45:06;SN19051;measure;22,93;22,24;21,76;109428,4;11784,9;1766,6;239,9;174,8;77,3;44,7;14,2;22,4;0,0;0,0;2,0;0,0;0,0;0,0;0,0;0,0;0,0;0,0;0,0;0,0;0,0;0,0;0,0;177460319;20,6;29,4;43,3;2020-08-16 02:45:06;E10,945295;N48,349345;452,500;300;SW V1-11 (2020-06-17);2019-06-11 14:16:04;original set-up
2020-08-16 04:50:06;SN19051;measure;22,78;22,00;21,52;107234,3;11638,4;1830,3;251,3;168,2;91,2;40,5;16,2;14,2;0,0;0,0;2,0;2,0;0,0;0,0;0,0;0,0;0,0;0,0;0,0;0,0;0,0;0,0;0,0;177460319;20,8;29,3;43,6;2020-08-16 02:50:06;E10,945337;N48,349288;446,800;300;SW V1-11 (2020-06-17);2019-06-11 14:16:04;original set-up
2020-08-16 04:55:06;SN19051;measure;23,01;22,37;21,87;109722,0;12926,6;1878,8;263,5;160,1;107,4;42,6;16,2;8,1;6,1;0,0;2,0;0,0;0,0;0,0;0,0;0,0;0,0;0,0;0,0;0,0;0,0;0,0;0,0;177460319;20,6;29,3;43,4;2020-08-16 02:55:06;E10,945335;N48,349197;447,300;300;SW V1-11 (2020-06-17);2019-06-11 14:16:04;original set-up
2020-08-16 05:00:06;SN19051;measure;24,36;23,50;22,95;113618,6;13298,5;2015,0;275,1;179,2;102,1;56,3;12,5;10,4;2,1;4,2;0,0;2,1;0,0;0,0;0,0;0,0;0,0;0,0;0,0;0,0;0,0;0,0;0,0;177460319;20,6;29,3;43,1;2020-08-16 03:00:06;E10,945340;N48,349208;448,600;300;SW V1-11 (2020-06-17);2019-06-11 14:16:04;original set-up
2020-08-16 05:05:06;SN19051;measure;23,00;22,61;22,17;111114,8;13248,7;2004,6;289,3;190,8;73,9;34,9;14,4;6,2;0,0;0,0;2,1;0,0;0,0;0,0;0,0;0,0;0,0;0,0;0,0;0,0;0,0;0,0;0,0;177460319;20,6;29,3;43,4;2020-08-16 03:05:06;E10,945350;N48,349245;446,500;300;SW V1-11 (2020-06-17);2019-06-11 14:16:04;original set-up
2020-08-16 05:10:06;SN19051;measure;22,73;22,00;21,57;109389,8;13242,5;1992,3;268,3;164,7;93,5;34,6;8,1;6,1;6,1;2,0;0,0;2,0;0,0;0,0;0,0;0,0;0,0;0,0;0,0;0,0;0,0;0,0;0,0;177460319;20,4;29,3;43,3;2020-08-16 03:10:06;E10,945307;N48,349113;438,300;300;SW V1-11 (2020-06-17);2019-06-11 14:16:04;original set-up
2020-08-16 05:15:06;SN19051;measure;23,34;23,21;22,77;115583,6;14342,4;2222,1;263,4;215,3;69,0;46,0;6,3;4,2;0,0;0,0;0,0;0,0;0,0;0,0;0,0;0,0;0,0;0,0;0,0;0,0;0,0;0,0;0,0;177460319;20,4;29,3;43,4;2020-08-16 03:15:06;E10,945300;N48,349050;432,700;300;SW V1-11 (2020-06-17);2019-06-11 14:16:04;original set-up
2020-08-16 05:20:06;SN19051;measure;25,21;24,49;24,03;119322,8;15350,1;2462,0;332,4;179,9;65,6;36,0;10,6;19,1;4,2;2,1;0,0;0,0;0,0;0,0;0,0;2,1;0,0;0,0;0,0;0,0;0,0;0,0;0,0;177460319;20,6;29,3;43,4;2020-08-16 03:20:06;E10,945333;N48,348995;429,400;300;SW V1-11 (2020-06-17);2019-06-11 14:16:04;original set-up
2020-08-16 05:25:06;SN19051;measure;26,25;25,14;24,57;119804,0;15499,3;2618,4;338,7;217,3;68,2;57,5;23,4;8,5;2,1;2,1;4,3;2,1;0,0;0,0;0,0;0,0;0,0;0,0;0,0;0,0;0,0;0,0;0,0;177460319;20,7;29,2;43,1;2020-08-16 03:25:06;E10,945388;N48,348955;422,300;300;SW V1-11 (2020-06-17);2019-06-11 14:16:04;original set-up
2020-08-16 05:35:06;SN19051;measure;24,21;23,18;22,70;112529,0;14279,9;2063,9;300,7;157,5;79,8;38,9;18,4;10,2;4,1;8,2;0,0;0,0;2,0;0,0;0,0;0,0;0,0;0,0;0,0;0,0;0,0;0,0;0,0;177460319;20,5;29,2;43,2;2020-08-16 03:35:06;E10,945465;N48,349045;409,700;300;SW V1-11 (2020-06-17);2019-06-11 14:16:04;original set-up
2020-08-16 05:40:06;SN19051;measure;24,26;23,05;22,49;114712,7;14145,4;2151,4;257,9;178,2;90,2;69,2;14,7;6,3;4,2;4,2;2,1;4,2;0,0;0,0;0,0;0,0;0,0;0,0;0,0;0,0;0,0;0,0;0,0;177460319;20,1;29,1;43,2;2020-08-16 03:40:06;E10,945447;N48,349018;406,500;300;SW V1-11 (2020-06-17);2019-06-11 14:16:04;original set-up
2020-08-16 05:45:06;SN19051;measure;24,61;23,43;22,88;114616,8;13944,5;2091,6;340,8;167,2;103,7;44,5;14,8;21,2;2,1;2,1;0,0;4,2;0,0;0,0;0,0;0,0;0,0;0,0;0,0;0,0;0,0;0,0;0,0;177460319;20,2;29,1;43,1;2020-08-16 03:45:06;E10,945450;N48,349113;406,500;300;SW V1-11 (2020-06-17);2019-06-11 14:16:04;original set-up
2020-08-16 05:50:06;SN19051;measure;24,28;23,67;23,15;116072,2;13721,6;2155,9;247,1;170,4;72,4;61,8;23,4;2,1;6,4;0,0;2,1;0,0;0,0;0,0;0,0;0,0;0,0;0,0;0,0;0,0;0,0;0,0;0,0;177460319;20,2;29,0;43,2;2020-08-16 03:50:06;E10,945373;N48,348953;398,100;300;SW V1-11 (2020-06-17);2019-06-11 14:16:04;original set-up
2020-08-16 05:55:06;SN19051;measure;25,19;24,06;23,50;116363,0;14041,3;2107,3;284,2;203,0;89,8;57,7;17,1;6,4;10,7;4,3;0,0;2,1;0,0;0,0;0,0;0,0;0,0;0,0;0,0;0,0;0,0;0,0;0,0;177460319;20,2;29,0;42,9;2020-08-16 03:55:06;E10,945348;N48,349010;400,800;300;SW V1-11 (2020-06-17);2019-06-11 14:16:04;original set-up
2020-08-16 06:00:06;SN19051;measure;23,69;23,05;22,57;112379,7;13198,9;2116,7;295,0;207,7;51,9;51,9;14,5;10,4;0,0;2,1;2,1;0,0;2,1;0,0;0,0;0,0;0,0;0,0;0,0;0,0;0,0;0,0;0,0;177460319;20,2;29,0;43,0;2020-08-16 04:00:06;E10,945380;N48,349195;402,000;300;SW V1-11 (2020-06-17);2019-06-11 14:16:04;original set-up
2020-08-16 06:05:06;SN19051;measure;23,84;23,00;22,55;112499,7;14081,7;2123,6;268,8;153,9;63,6;43,1;16,4;8,2;4,1;2,1;4,1;0,0;0,0;0,0;0,0;0,0;0,0;0,0;0,0;0,0;0,0;0,0;0,0;177460319;20,1;28,9;43,1;2020-08-16 04:05:06;E10,945375;N48,349170;398,400;300;SW V1-11 (2020-06-17);2019-06-11 14:16:04;original set-up
2020-08-16 06:10:06;SN19051;measure;24,71;23,81;23,26;115085,2;14569,9;2231,2;308,3;165,7;86,0;60,8;6,3;21,0;2,1;6,3;0,0;0,0;0,0;0,0;0,0;0,0;0,0;0,0;0,0;0,0;0,0;0,0;0,0;177460319;20,2;28,9;43,1;2020-08-16 04:10:06;E10,945355;N48,349315;391,600;300;SW V1-11 (2020-06-17);2019-06-11 14:16:04;original set-up
2020-08-16 06:15:06;SN19051;measure;25,58;24,95;24,41;118350,6;15873,7;2703,3;310,0;167,8;82,8;53,1;17,0;10,6;4,2;2,1;0,0;0,0;0,0;0,0;0,0;0,0;0,0;0,0;0,0;0,0;0,0;0,0;0,0;177460319;20,5;28,9;43,3;2020-08-16 04:15:06;E10,945268;N48,349420;395,100;300;SW V1-11 (2020-06-17);2019-06-11 14:16:04;original set-up
2020-08-16 06:20:06;SN19051;measure;25,80;25,01;24,41;118300,6;16024,5;2526,6;360,0;230,1;78,8;57,5;21,3;6,4;6,4;4,3;0,0;0,0;0,0;0,0;0,0;0,0;0,0;0,0;0,0;0,0;0,0;0,0;0,0;177460319;20,4;28,8;43,2;2020-08-16 04:20:06;E10,945190;N48,349340;389,400;300;SW V1-11 (2020-06-17);2019-06-11 14:16:04;original set-up
2020-08-16 06:25:06;SN19051;measure;25,24;24,66;24,19;118188,2;16071,6;2427,8;369,7;156,0;70,5;40,6;12,8;8,5;4,3;0,0;2,1;0,0;0,0;0,0;0,0;0,0;0,0;0,0;0,0;0,0;0,0;0,0;0,0;177460319;20,3;28,8;43,2;2020-08-16 04:25:06;E10,945100;N48,348620;403,400;300;SW V1-11 (2020-06-17);2019-06-11 14:16:04;original set-up
2020-08-16 06:30:06;SN19051;measure;24,98;23,91;23,40;118837,7;15457,5;2324,3;355,9;235,9;75,0;34,3;25,7;10,7;2,1;2,1;0,0;4,3;0,0;0,0;0,0;0,0;0,0;0,0;0,0;0,0;0,0;0,0;0,0;177460319;19,9;28,8;43,4;2020-08-16 04:30:06;E10,945195;N48,349138;455,100;300;SW V1-11 (2020-06-17);2019-06-11 14:16:04;original set-up
2020-08-16 06:35:06;SN19051;measure;25,46;24,89;24,39;120332,7;16931,6;2757,3;413,8;229,4;92,2;25,7;10,7;10,7;4,3;2,1;0,0;0,0;0,0;0,0;0,0;0,0;0,0;0,0;0,0;0,0;0,0;0,0;0,0;177460319;20,2;28,8;43,6;2020-08-16 04:35:06;E10,945087;N48,348993;460,700;300;SW V1-11 (2020-06-17);2019-06-11 14:16:04;original set-up
2020-08-16 06:40:06;SN19051;measure;26,48;25,86;25,26;122367,0;18437,9;2995,4;452,4;193,0;94,3;42,9;23,6;10,7;2,1;2,1;0,0;0,0;0,0;0,0;0,0;0,0;0,0;0,0;0,0;0,0;0,0;0,0;0,0;177460319;20,4;28,8;43,6;2020-08-16 04:40:06;E10,945032;N48,348952;476,100;300;SW V1-11 (2020-06-17);2019-06-11 14:16:04;original set-up
2020-08-16 06:45:06;SN19051;measure;26,91;26,16;25,52;123707,5;19472,3;3351,2;454,5;223,0;94,3;47,2;27,9;10,7;2,1;0,0;0,0;2,1;0,0;0,0;0,0;0,0;0,0;0,0;0,0;0,0;0,0;0,0;0,0;177460319;20,4;28,7;43,6;2020-08-16 04:45:06;E10,945088;N48,349023;479,900;300;SW V1-11 (2020-06-17);2019-06-11 14:16:04;original set-up
2020-08-16 06:50:06;SN19051;measure;27,20;26,36;25,73;124937,9;19597,9;3473,6;465,3;229,4;79,3;51,5;21,4;19,3;0,0;2,1;2,1;0,0;0,0;0,0;0,0;0,0;0,0;0,0;0,0;0,0;0,0;0,0;0,0;177460319;20,4;28,7;43,8;2020-08-16 04:50:06;E10,945105;N48,348817;483,100;300;SW V1-11 (2020-06-17);2019-06-11 14:16:04;original set-up
2020-08-16 06:55:06;SN19051;measure;26,84;25,84;25,27;123027,8;19510,9;3158,2;424,5;180,1;87,9;55,7;6,4;10,7;6,4;8,6;0,0;0,0;0,0;0,0;0,0;0,0;0,0;0,0;0,0;0,0;0,0;0,0;0,0;177460319;20,5;28,8;44,0;2020-08-16 04:55:06;E10,945115;N48,348783;490,600;300;SW V1-11 (2020-06-17);2019-06-11 14:16:04;original set-up
2020-08-16 07:00:06;SN19051;measure;27,02;26,24;25,61;125476,1;20046,1;3473,6;495,3;220,9;90,1;51,5;21,4;6,4;2,1;4,3;2,1;0,0;0,0;0,0;0,0;0,0;0,0;0,0;0,0;0,0;0,0;0,0;0,0;177460319;20,4;28,8;44,0;2020-08-16 05:00:06;E10,945152;N48,348967;516,600;300;SW V1-11 (2020-06-17);2019-06-11 14:16:04;original set-up
2020-08-16 07:05:06;SN19051;measure;26,34;25,50;24,93;127230,1;21092,4;3694,4;495,3;223,0;100,8;40,7;15,0;12,9;6,4;2,1;2,1;0,0;0,0;0,0;0,0;0,0;0,0;0,0;0,0;0,0;0,0;0,0;0,0;177460319;19,9;28,8;44,1;2020-08-16 05:05:06;E10,945142;N48,348948;509,800;300;SW V1-11 (2020-06-17);2019-06-11 14:16:04;original set-up
2020-08-16 07:10:06;SN19051;measure;26,97;26,11;25,44;125521,4;20507,9;3739,2;463,1;216,5;96,5;68,6;12,9;19,3;6,4;2,1;0,0;0,0;2,1;0,0;0,0;0,0;0,0;0,0;0,0;0,0;0,0;0,0;0,0;177460319;20,4;28,9;44,0;2020-08-16 05:10:06;E10,945160;N48,348947;504,600;300;SW V1-11 (2020-06-17);2019-06-11 14:16:04;original set-up
2020-08-16 07:15:06;SN19051;measure;28,08;26,69;26,11;127489,5;20942,3;3745,9;452,4;205,8;92,2;34,3;21,4;23,6;6,4;0,0;4,3;2,1;0,0;2,1;0,0;0,0;0,0;0,0;0,0;0,0;0,0;0,0;0,0;177460319;20,5;28,9;43,9;2020-08-16 05:15:06;E10,945102;N48,348978;513,300;300;SW V1-11 (2020-06-17);2019-06-11 14:16:04;original set-up
2020-08-16 07:20:06;SN19051;measure;27,59;26,30;25,67;125632,8;20692,2;3681,3;523,1;242,3;94,3;36,4;23,6;21,4;4,3;6,4;2,1;0,0;0,0;0,0;0,0;0,0;0,0;0,0;0,0;0,0;0,0;0,0;0,0;177460319;20,5;28,9;44,0;2020-08-16 05:20:06;E10,945118;N48,348988;513,000;300;SW V1-11 (2020-06-17);2019-06-11 14:16:04;original set-up
2020-08-16 07:25:06;SN19051;measure;27,24;26,47;25,79;126717,6;21375,5;3673,0;484,6;220,9;109,4;64,3;15,0;12,9;4,3;4,3;0,0;0,0;0,0;0,0;0,0;0,0;0,0;0,0;0,0;0,0;0,0;0,0;0,0;177460319;20,5;29,0;43,9;2020-08-16 05:25:06;E10,945180;N48,349098;505,900;300;SW V1-11 (2020-06-17);2019-06-11 14:16:04;original set-up
2020-08-16 07:30:06;SN19051;measure;27,06;26,24;25,57;126859,2;22006,5;3957,9;589,6;261,6;96,5;51,5;17,2;12,9;4,3;0,0;4,3;0,0;0,0;0,0;0,0;0,0;0,0;0,0;0,0;0,0;0,0;0,0;0,0;177460319;20,4;29,1;44,0;2020-08-16 05:30:06;E10,945117;N48,349015;503,300;300;SW V1-11 (2020-06-17);2019-06-11 14:16:04;original set-up
2020-08-16 07:35:06;SN19051;measure;27,32;26,70;26,11;127779,0;22578,4;4384,9;566,1;231,6;83,6;38,6;19,3;4,3;0,0;6,4;0,0;0,0;0,0;0,0;0,0;0,0;0,0;0,0;0,0;0,0;0,0;0,0;0,0;177460319;20,7;29,2;44,1;2020-08-16 05:35:06;E10,945133;N48,348993;513,300;300;SW V1-11 (2020-06-17);2019-06-11 14:16:04;original set-up
2020-08-16 07:40:06;SN19051;measure;28,03;27,16;26,43;128413,7;23286,5;4408,2;651,8;255,1;111,5;55,7;12,9;15,0;2,1;4,3;2,1;0,0;0,0;2,1;0,0;0,0;0,0;0,0;0,0;0,0;0,0;0,0;0,0;177460319;20,9;29,3;44,1;2020-08-16 05:40:06;E10,945197;N48,348880;514,600;300;SW V1-11 (2020-06-17);2019-06-11 14:16:04;original set-up
2020-08-16 07:45:06;SN19051;measure;27,13;26,38;25,68;126794,9;23089,3;4378,2;611,1;242,3;109,3;49,3;23,6;15,0;4,3;2,1;0,0;0,0;0,0;0,0;0,0;0,0;0,0;0,0;0,0;0,0;0,0;0,0;0,0;177460319;20,8;29,3;44,2;2020-08-16 05:45:06;E10,945220;N48,349007;480,800;300;SW V1-11 (2020-06-17);2019-06-11 14:16:04;original set-up
2020-08-16 07:50:06;SN19051;measure;28,19;27,16;26,44;128441,6;23438,8;4725,5;662,5;300,2;100,8;45,0;19,3;19,3;2,1;2,1;4,3;0,0;0,0;2,1;0,0;0,0;0,0;0,0;0,0;0,0;0,0;0,0;0,0;177460319;21,0;29,4;44,1;2020-08-16 05:50:06;E10,945158;N48,349033;520,900;300;SW V1-11 (2020-06-17);2019-06-11 14:16:04;original set-up
2020-08-16 07:55:06;SN19051;measure;27,89;27,09;26,41;127420,9;23772,7;4644,3;596,1;291,6;92,2;47,2;23,6;6,4;6,4;4,3;0,0;0,0;0,0;0,0;0,0;0,0;0,0;0,0;0,0;0,0;0,0;0,0;0,0;177460319;21,2;29,5;44,2;2020-08-16 05:55:06;E10,945245;N48,349037;495,400;300;SW V1-11 (2020-06-17);2019-06-11 14:16:04;original set-up
2020-08-16 08:00:06;SN19051;measure;28,14;26,95;26,24;127749,0;23640,3;4590,4;641,1;278,7;113,6;34,3;27,9;19,3;12,9;0,0;2,1;0,0;0,0;0,0;0,0;0,0;0,0;0,0;0,0;0,0;0,0;0,0;0,0;177460319;21,1;29,6;44,2;2020-08-16 06:00:06;E10,945163;N48,349063;537,400;300;SW V1-11 (2020-06-17);2019-06-11 14:16:04;original set-up
2020-08-16 08:05:06;SN19051;measure;27,27;26,56;25,84;125386,1;22610,5;4320,6;557,5;285,2;102,9;60,0;19,3;10,7;6,4;2,1;0,0;0,0;0,0;0,0;0,0;0,0;0,0;0,0;0,0;0,0;0,0;0,0;0,0;177460319;21,2;29,7;44,1;2020-08-16 06:05:06;E10,945148;N48,349032;504,300;300;SW V1-11 (2020-06-17);2019-06-11 14:16:04;original set-up
2020-08-16 08:10:06;SN19051;measure;27,51;26,17;25,49;123518,8;22266,0;4356,7;544,6;253,0;100,8;40,7;21,4;34,3;4,3;2,1;0,0;2,1;0,0;0,0;0,0;0,0;0,0;0,0;0,0;0,0;0,0;0,0;0,0;177460319;21,4;29,8;44,1;2020-08-16 06:10:06;E10,945185;N48,349143;489,900;300;SW V1-11 (2020-06-17);2019-06-11 14:16:04;original set-up
2020-08-16 08:15:06;SN19051;measure;26,62;25,68;25,02;120602,4;20710,8;4078,3;546,8;287,3;96,5;42,9;19,3;15,0;6,4;4,3;0,0;0,0;0,0;0,0;0,0;0,0;0,0;0,0;0,0;0,0;0,0;0,0;0,0;177460319;21,6;29,9;44,0;2020-08-16 06:15:06;E10,945103;N48,349118;579,700;300;SW V1-11 (2020-06-17);2019-06-11 14:16:04;original set-up
2020-08-16 08:20:06;SN19051;measure;26,12;25,18;24,45;119363,6;20329,9;4005,1;598,2;259,4;105,1;60,0;21,4;15,0;6,4;4,3;0,0;0,0;0,0;0,0;0,0;0,0;0,0;0,0;0,0;0,0;0,0;0,0;0,0;177460319;21,5;30,0;44,1;2020-08-16 06:20:06;E10,945075;N48,349000;490,000;300;SW V1-11 (2020-06-17);2019-06-11 14:16:04;original set-up
2020-08-16 08:25:06;SN19051;measure;26,21;25,23;24,52;118704,8;19748,0;3563,7;497,5;244,4;87,9;66,5;21,4;19,3;4,3;2,1;2,1;0,0;0,0;0,0;0,0;0,0;0,0;0,0;0,0;0,0;0,0;0,0;0,0;177460319;21,7;30,1;43,9;2020-08-16 06:25:06;E10,945000;N48,349153;549,100;300;SW V1-11 (2020-06-17);2019-06-11 14:16:04;original set-up
2020-08-16 08:30:06;SN19051;measure;25,41;24,60;23,91;115806,7;18820,5;3490,5;452,4;255,1;126,5;53,6;19,3;8,6;4,3;2,1;2,1;0,0;2,1;0,0;0,0;0,0;0,0;0,0;0,0;0,0;0,0;0,0;0,0;177460319;21,8;30,2;43,9;2020-08-16 06:30:06;E10,944953;N48,349170;553,800;300;SW V1-11 (2020-06-17);2019-06-11 14:16:04;original set-up
2020-08-16 08:35:06;SN19051;measure;24,58;23,78;23,21;114870,9;18118,4;3325,6;401,0;214,4;107,2;49,3;4,3;12,9;4,3;6,4;0,0;0,0;0,0;0,0;0,0;0,0;0,0;0,0;0,0;0,0;0,0;0,0;0,0;177460319;21,7;30,3;44,0;2020-08-16 06:35:06;E10,945013;N48,349183;549,800;300;SW V1-11 (2020-06-17);2019-06-11 14:16:04;original set-up
2020-08-16 08:40:06;SN19051;measure;24,28;23,34;22,74;109847,1;16795,5;3119,8;422,4;205,8;117,9;32,2;25,7;10,7;4,3;2,1;0,0;2,1;0,0;0,0;0,0;0,0;0,0;0,0;0,0;0,0;0,0;0,0;0,0;177460319;22,1;30,5;43,6;2020-08-16 06:40:06;E10,945030;N48,349165;547,300;300;SW V1-11 (2020-06-17);2019-06-11 14:16:04;original set-up
2020-08-16 08:45:06;SN19051;measure;23,85;22,79;22,13;106044,8;15739,5;2969,5;362,3;216,5;126,5;66,5;6,4;6,4;8,6;8,6;0,0;0,0;2,1;0,0;0,0;0,0;0,0;0,0;0,0;0,0;0,0;0,0;0,0;177460319;22,4;30,6;43,8;2020-08-16 06:45:06;E10,945052;N48,349122;548,300;300;SW V1-11 (2020-06-17);2019-06-11 14:16:04;original set-up
2020-08-16 08:50:06;SN19051;measure;23,11;22,54;21,85;103487,4;14900,0;2573,0;426,7;197,3;107,2;66,5;17,2;17,2;2,1;0,0;0,0;0,0;0,0;0,0;0,0;0,0;0,0;0,0;0,0;0,0;0,0;0,0;0,0;177460319;22,7;30,7;43,7;2020-08-16 06:50:06;E10,945158;N48,349070;534,900;300;SW V1-11 (2020-06-17);2019-06-11 14:16:04;original set-up
2020-08-16 08:55:06;SN19051;measure;22,11;21,73;21,24;100470,3;14313,7;2298,4;360,2;195,1;68,6;42,9;6,4;8,6;4,3;0,0;0,0;0,0;0,0;0,0;0,0;0,0;0,0;0,0;0,0;0,0;0,0;0,0;0,0;177460319;22,8;30,9;43,3;2020-08-16 06:55:06;E10,945118;N48,349007;529,200;300;SW V1-11 (2020-06-17);2019-06-11 14:16:04;original set-up
2020-08-16 09:00:06;SN19051;measure;23,34;22,52;21,91;103103,2;13970,6;2414,2;355,9;205,8;87,9;57,9;15,0;10,7;8,6;0,0;2,1;0,0;0,0;0,0;0,0;0,0;0,0;0,0;0,0;0,0;0,0;0,0;0,0;177460319;22,9;31,1;42,9;2020-08-16 07:00:06;E10,945068;N48,348978;525,900;300;SW V1-11 (2020-06-17);2019-06-11 14:16:04;original set-up
2020-08-16 09:05:06;SN19051;measure;23,15;22,46;21,85;101932,9;13615,6;2375,8;368,8;186,5;100,8;49,3;19,3;10,7;4,3;2,1;0,0;0,0;0,0;0,0;0,0;0,0;0,0;0,0;0,0;0,0;0,0;0,0;0,0;177460319;23,1;31,2;42,5;2020-08-16 07:05:06;E10,945020;N48,348938;525,100;300;SW V1-11 (2020-06-17);2019-06-11 14:16:04;original set-up
2020-08-16 09:10:06;SN19051;measure;22,93;21,63;20,98;97123,4;12169,6;2116,2;325,9;197,3;102,9;53,6;25,7;15,0;2,1;4,3;2,1;2,1;0,0;0,0;0,0;0,0;0,0;0,0;0,0;0,0;0,0;0,0;0,0;177460319;23,3;31,4;42,3;2020-08-16 07:10:06;E10,945027;N48,348958;524,000;300;SW V1-11 (2020-06-17);2019-06-11 14:16:04;original set-up
2020-08-16 09:15:06;SN19051;measure;22,26;21,18;20,50;94713,4;11986,0;1916,9;255,2;171,5;85,8;77,2;27,9;12,9;10,7;0,0;2,1;0,0;0,0;0,0;0,0;0,0;0,0;0,0;0,0;0,0;0,0;0,0;0,0;177460319;23,4;31,5;42,1;2020-08-16 07:15:06;E10,944950;N48,348967;519,900;300;SW V1-11 (2020-06-17);2019-06-11 14:16:04;original set-up
2020-08-16 09:20:06;SN19051;measure;20,30;19,52;18,98;87102,1;9757,6;1706,7;257,3;160,8;96,5;51,5;12,9;4,3;10,7;0,0;2,1;0,0;0,0;0,0;0,0;0,0;0,0;0,0;0,0;0,0;0,0;0,0;0,0;177460319;23,7;31,7;41,7;2020-08-16 07:20:06;E10,945013;N48,349015;511,000;300;SW V1-11 (2020-06-17);2019-06-11 14:16:04;original set-up
2020-08-16 09:25:06;SN19051;measure;19,02;18,01;17,38;80377,3;7972,1;1460,2;220,9;163,0;113,6;60,0;17,2;19,3;4,3;2,1;2,1;0,0;0,0;0,0;2,1;0,0;0,0;0,0;0,0;0,0;0,0;0,0;0,0;177460319;23,6;31,9;41,4;2020-08-16 07:25:06;E10,945060;N48,349068;503,300;300;SW V1-11 (2020-06-17);2019-06-11 14:16:04;original set-up
2020-08-16 09:30:06;SN19051;measure;17,06;16,32;15,88;71752,8;6385,0;1155,6;214,4;137,2;83,6;25,7;12,9;15,0;4,3;2,1;0,0;0,0;0,0;0,0;0,0;0,0;0,0;0,0;0,0;0,0;0,0;0,0;0,0;177460319;24,0;32,0;40,5;2020-08-16 07:30:06;E10,945133;N48,349122;491,900;300;SW V1-11 (2020-06-17);2019-06-11 14:16:04;original set-up
2020-08-16 09:35:06;SN19051;measure;16,68;16,11;15,51;71502,0;6228,5;964,8;178,0;135,1;115,8;57,9;23,6;6,4;2,1;2,1;0,0;0,0;0,0;0,0;0,0;0,0;0,0;0,0;0,0;0,0;0,0;0,0;0,0;177460319;23,7;32,2;40,4;2020-08-16 07:35:06;E10,945195;N48,349238;485,800;300;SW V1-11 (2020-06-17);2019-06-11 14:16:04;original set-up
2020-08-16 09:40:06;SN19051;measure;16,90;15,86;15,38;69641,3;5787,2;911,3;137,2;169,4;113,6;25,7;21,4;6,4;6,4;4,3;2,1;0,0;0,0;0,0;0,0;0,0;0,0;0,0;0,0;0,0;0,0;0,0;0,0;177460319;23,9;32,4;39,6;2020-08-16 07:40:06;E10,945267;N48,349277;476,600;300;SW V1-11 (2020-06-17);2019-06-11 14:16:04;original set-up
2020-08-16 09:45:06;SN19051;measure;16,59;15,96;15,46;68914,1;5471,6;954,1;186,5;143,7;75,0;47,2;17,2;10,7;2,1;2,1;0,0;0,0;0,0;0,0;0,0;0,0;0,0;2,1;0,0;0,0;0,0;0,0;0,0;177460319;24,2;32,5;39,0;2020-08-16 07:45:06;E10,945237;N48,349317;467,500;300;SW V1-11 (2020-06-17);2019-06-11 14:16:04;original set-up
2020-08-16 09:50:06;SN19051;measure;16,25;15,94;15,45;68573,5;4978,8;789,1;182,3;158,7;90,1;36,5;17,2;6,4;0,0;0,0;0,0;0,0;0,0;0,0;0,0;0,0;0,0;0,0;0,0;0,0;0,0;0,0;0,0;177460319;24,4;32,6;38,8;2020-08-16 07:50:06;E10,945248;N48,349348;449,400;300;SW V1-11 (2020-06-17);2019-06-11 14:16:04;original set-up
2020-08-16 09:55:06;SN19051;measure;15,98;15,62;15,15;67475,4;5081,4;821,2;130,8;171,5;64,3;49,3;12,9;8,6;0,0;0,0;0,0;0,0;2,1;0,0;0,0;0,0;0,0;0,0;0,0;0,0;0,0;0,0;0,0;177460319;24,5;32,8;38,9;2020-08-16 07:55:06;E10,945182;N48,349380;435,200;300;SW V1-11 (2020-06-17);2019-06-11 14:16:04;original set-up
2020-08-16 10:00:06;SN19051;measure;16,46;15,67;15,21;67968,6;4995,6;900,5;165,1;122,2;87,9;40,7;12,9;4,3;0,0;2,1;2,1;2,1;0,0;0,0;0,0;0,0;0,0;0,0;0,0;0,0;0,0;0,0;0,0;177460319;24,3;32,9;38,3;2020-08-16 08:00:06;E10,945145;N48,349387;426,000;300;SW V1-11 (2020-06-17);2019-06-11 14:16:04;original set-up
2020-08-16 10:05:06;SN19051;measure;16,37;15,75;15,19;67340,4;4749,1;761,1;143,7;139,4;115,8;47,2;15,0;8,6;0,0;4,3;0,0;0,0;0,0;0,0;0,0;0,0;0,0;0,0;0,0;0,0;0,0;0,0;0,0;177460319;24,5;33,0;37,9;2020-08-16 08:05:06;E10,945097;N48,349377;422,800;300;SW V1-11 (2020-06-17);2019-06-11 14:16:04;original set-up
2020-08-16 10:10:06;SN19051;measure;16,87;16,06;15,51;68281,9;4981,0;885,6;152,2;145,8;92,2;57,9;8,6;10,7;4,3;2,1;2,1;0,0;0,0;0,0;0,0;0,0;0,0;0,0;0,0;0,0;0,0;0,0;0,0;177460319;24,8;33,1;38,0;2020-08-16 08:10:06;E10,945067;N48,349418;419,400;300;SW V1-11 (2020-06-17);2019-06-11 14:16:04;original set-up
2020-08-16 10:15:06;SN19051;measure;16,91;15,92;15,37;67535,5;5077,1;774,0;145,8;132,9;87,9;55,7;17,2;10,7;6,4;2,1;2,1;0,0;0,0;0,0;0,0;0,0;0,0;0,0;0,0;0,0;0,0;0,0;0,0;177460319;24,9;33,2;37,9;2020-08-16 08:15:06;E10,945107;N48,349320;403,100;300;SW V1-11 (2020-06-17);2019-06-11 14:16:04;original set-up
2020-08-16 10:20:06;SN19051;measure;16,42;15,79;15,31;67245,8;4753,0;761,1;152,2;115,8;92,2;36,4;19,3;8,6;6,4;0,0;0,0;0,0;0,0;0,0;0,0;0,0;0,0;0,0;0,0;0,0;0,0;0,0;0,0;177460319;25,1;33,3;37,9;2020-08-16 08:20:06;E10,945137;N48,349263;397,300;300;SW V1-11 (2020-06-17);2019-06-11 14:16:04;original set-up
2020-08-16 10:25:06;SN19051;measure;15,97;15,27;14,72;64962,4;4247,8;722,3;143,6;154,3;92,2;53,6;21,4;6,4;8,6;0,0;0,0;0,0;0,0;0,0;0,0;0,0;0,0;0,0;0,0;0,0;0,0;0,0;0,0;177460319;25,0;33,5;37,8;2020-08-16 08:25:06;E10,945120;N48,349205;390,200;300;SW V1-11 (2020-06-17);2019-06-11 14:16:04;original set-up
2020-08-16 10:30:06;SN19051;measure;15,88;15,46;15,01;65129,5;4159,9;668,7;126,4;162,9;70,7;38,6;15,0;4,3;4,3;0,0;0,0;0,0;0,0;0,0;0,0;0,0;2,1;0,0;0,0;0,0;0,0;0,0;0,0;177460319;25,3;33,6;36,9;2020-08-16 08:30:06;E10,945010;N48,349172;390,400;300;SW V1-11 (2020-06-17);2019-06-11 14:16:04;original set-up
2020-08-16 10:35:06;SN19051;measure;16,84;15,86;15,39;66762,6;4417,1;690,1;130,7;152,2;66,4;38,6;23,6;6,4;0,0;2,1;2,1;2,1;0,0;0,0;0,0;0,0;0,0;0,0;0,0;0,0;0,0;0,0;0,0;177460319;25,3;33,7;36,7;2020-08-16 08:35:06;E10,944858;N48,349105;391,700;300;SW V1-11 (2020-06-17);2019-06-11 14:16:04;original set-up
2020-08-16 10:40:06;SN19051;measure;17,15;15,80;15,41;66220,7;4209,8;722,4;132,9;141,5;51,4;34,3;10,7;8,6;6,4;8,6;2,1;0,0;0,0;0,0;0,0;0,0;0,0;0,0;0,0;0,0;0,0;0,0;0,0;177460319;25,8;33,9;36,7;2020-08-16 08:40:06;E10,944747;N48,348973;392,900;300;SW V1-11 (2020-06-17);2019-06-11 14:16:04;original set-up
2020-08-16 10:45:06;SN19051;measure;17,71;16,23;15,73;67581,8;4520,6;797,4;160,8;143,6;109,3;23,6;19,3;17,1;4,3;0,0;2,1;4,3;0,0;0,0;0,0;0,0;0,0;0,0;0,0;0,0;0,0;0,0;0,0;177460319;25,8;34,0;36,6;2020-08-16 08:45:06;E10,944668;N48,348978;392,800;300;SW V1-11 (2020-06-17);2019-06-11 14:16:04;original set-up
2020-08-16 10:50:06;SN19051;measure;16,51;16,03;15,57;67189,5;4627,8;778,1;128,6;167,2;72,9;40,7;12,9;6,4;0,0;2,1;0,0;0,0;2,1;0,0;0,0;0,0;0,0;0,0;0,0;0,0;0,0;0,0;0,0;177460319;25,8;34,2;36,5;2020-08-16 08:50:06;E10,944817;N48,348890;385,200;300;SW V1-11 (2020-06-17);2019-06-11 14:16:04;original set-up
2020-08-16 10:55:06;SN19051;measure;17,34;16,54;16,04;68893,9;4960,3;855,3;186,5;156,5;72,9;40,7;12,9;12,9;2,1;4,3;0,0;0,0;0,0;0,0;0,0;0,0;0,0;0,0;0,0;0,0;0,0;0,0;0,0;177460319;25,8;34,3;36,1;2020-08-16 08:55:06;E10,944908;N48,348935;380,500;300;SW V1-11 (2020-06-17);2019-06-11 14:16:04;original set-up
2020-08-16 11:00:06;SN19051;measure;17,02;15,90;15,51;66769,7;4540,5;756,7;152,2;141,5;62,2;27,9;10,7;4,3;10,7;4,3;2,1;0,0;0,0;0,0;0,0;0,0;0,0;0,0;0,0;0,0;0,0;0,0;0,0;177460319;25,8;34,4;35,8;2020-08-16 09:00:06;E10,945167;N48,348848;361,200;300;SW V1-11 (2020-06-17);2019-06-11 14:16:04;original set-up
2020-08-16 11:05:06;SN19051;measure;16,25;15,56;14,99;64188,6;4004,3;743,8;137,2;186,5;77,2;60,0;15,0;8,6;8,6;0,0;0,0;0,0;0,0;0,0;0,0;0,0;0,0;0,0;0,0;0,0;0,0;0,0;0,0;177460319;25,9;34,5;35,5;2020-08-16 09:05:06;E10,945262;N48,348760;365,400;300;SW V1-11 (2020-06-17);2019-06-11 14:16:04;original set-up
2020-08-16 11:10:06;SN19051;measure;16,29;15,52;15,07;64625,9;3980,7;645,2;111,5;132,9;79,3;36,4;6,4;17,1;4,3;2,1;0,0;0,0;0,0;2,1;0,0;0,0;0,0;0,0;0,0;0,0;0,0;0,0;0,0;177460319;25,9;34,7;35,1;2020-08-16 09:10:06;E10,945398;N48,348688;365,700;300;SW V1-11 (2020-06-17);2019-06-11 14:16:04;original set-up
2020-08-16 11:15:06;SN19051;measure;16,55;15,19;14,73;63054,7;4060,0;658,1;124,3;135,0;75,0;36,4;15,0;15,0;6,4;2,1;2,1;2,1;0,0;0,0;0,0;0,0;0,0;0,0;0,0;0,0;0,0;0,0;0,0;177460319;26,1;34,9;35,0;2020-08-16 09:15:06;E10,945453;N48,348700;368,400;300;SW V1-11 (2020-06-17);2019-06-11 14:16:04;original set-up
2020-08-16 11:20:06;SN19051;measure;16,79;15,68;15,24;64585,2;4257,2;750,3;130,8;105,0;75,0;30,0;21,4;8,6;4,3;0,0;2,1;2,1;2,1;0,0;0,0;0,0;0,0;0,0;0,0;0,0;0,0;0,0;0,0;177460319;26,4;34,9;35,0;2020-08-16 09:20:06;E10,945383;N48,348607;376,600;300;SW V1-11 (2020-06-17);2019-06-11 14:16:04;original set-up
2020-08-16 11:25:06;SN19051;measure;16,47;15,62;15,14;64527,3;4394,7;778,2;150,1;126,5;66,5;49,3;15,0;4,3;6,4;2,1;2,1;0,0;0,0;0,0;0,0;0,0;0,0;0,0;0,0;0,0;0,0;0,0;0,0;177460319;26,2;35,0;35,0;2020-08-16 09:25:06;E10,945432;N48,348700;378,700;300;SW V1-11 (2020-06-17);2019-06-11 14:16:04;original set-up
2020-08-16 11:30:06;SN19051;measure;15,93;15,21;14,75;62683,6;4060,6;668,9;115,8;126,5;107,2;25,7;6,4;21,4;4,3;0,0;0,0;0,0;0,0;2,1;0,0;0,0;0,0;0,0;0,0;0,0;0,0;0,0;0,0;177460319;26,4;35,0;34,8;2020-08-16 09:30:06;E10,945493;N48,348887;386,900;300;SW V1-11 (2020-06-17);2019-06-11 14:16:04;original set-up
2020-08-16 11:35:06;SN19051;measure;15,57;14,64;14,18;60155,9;3438,8;621,7;117,9;102,9;87,9;32,2;21,4;8,6;4,3;2,1;2,1;0,0;0,0;0,0;0,0;0,0;0,0;0,0;0,0;0,0;0,0;0,0;0,0;177460319;26,6;35,1;34,9;2020-08-16 09:35:06;E10,945458;N48,348867;385,600;300;SW V1-11 (2020-06-17);2019-06-11 14:16:04;original set-up
2020-08-16 11:40:06;SN19051;measure;16,20;15,14;14,71;62690,0;3741,1;671,0;135,1;107,2;64,3;36,4;17,2;8,6;6,4;2,1;0,0;2,1;0,0;0,0;0,0;0,0;0,0;0,0;0,0;0,0;0,0;0,0;0,0;177460319;26,5;35,2;34,9;2020-08-16 09:40:06;E10,945410;N48,348848;389,200;300;SW V1-11 (2020-06-17);2019-06-11 14:16:04;original set-up
2020-08-16 11:45:06;SN19051;measure;16,26;15,05;14,56;61495,9;3567,5;561,7;126,5;135,1;102,9;34,3;6,4;17,2;10,7;4,3;0,0;0,0;0,0;0,0;0,0;0,0;2,1;0,0;0,0;0,0;0,0;0,0;0,0;177460319;26,8;35,3;34,5;2020-08-16 09:45:06;E10,945353;N48,348775;387,400;300;SW V1-11 (2020-06-17);2019-06-11 14:16:04;original set-up
2020-08-16 11:50:06;SN19051;measure;15,33;14,77;14,33;60397,9;3340,4;555,3;100,8;115,8;109,3;25,7;12,9;6,4;2,1;0,0;2,1;0,0;0,0;0,0;0,0;0,0;0,0;0,0;0,0;0,0;0,0;0,0;0,0;177460319;26,9;35,4;34,4;2020-08-16 09:50:06;E10,945337;N48,348862;394,000;300;SW V1-11 (2020-06-17);2019-06-11 14:16:04;original set-up
2020-08-16 11:55:06;SN19051;measure;16,57;15,19;14,75;62128,3;3618,9;630,3;124,3;130,8;66,5;40,7;10,7;4,3;6,4;2,1;2,1;4,3;0,0;0,0;0,0;0,0;0,0;0,0;0,0;0,0;0,0;0,0;0,0;177460319;26,9;35,5;34,1;2020-08-16 09:55:06;E10,945280;N48,348850;396,700;300;SW V1-11 (2020-06-17);2019-06-11 14:16:04;original set-up
2020-08-16 12:00:06;SN19051;measure;16,21;15,08;14,69;61851,8;3391,7;611,0;147,9;115,8;70,7;27,9;10,7;4,3;2,1;6,4;4,3;0,0;0,0;0,0;0,0;0,0;0,0;0,0;0,0;0,0;0,0;0,0;0,0;177460319;26,9;35,6;34,0;2020-08-16 10:00:06;E10,945253;N48,348912;394,100;300;SW V1-11 (2020-06-17);2019-06-11 14:16:04;original set-up
2020-08-16 12:05:06;SN19051;measure;14,93;14,25;13,86;57936,6;2988,8;538,2;113,6;124,4;77,2;30,0;8,6;2,1;12,9;0,0;0,0;0,0;0,0;2,1;0,0;0,0;0,0;0,0;0,0;0,0;0,0;0,0;0,0;177460319;27,0;35,6;33,3;2020-08-16 10:05:06;E10,945077;N48,349085;394,000;300;SW V1-11 (2020-06-17);2019-06-11 14:16:04;original set-up
2020-08-16 12:10:06;SN19051;measure;15,04;14,37;13,97;58273,2;2665,1;540,3;109,3;120,1;79,3;32,2;10,7;0,0;4,3;0,0;4,3;0,0;0,0;0,0;0,0;2,1;0,0;0,0;0,0;0,0;0,0;0,0;0,0;177460319;27,0;35,7;32,8;2020-08-16 10:10:06;E10,945270;N48,348793;410,400;300;SW V1-11 (2020-06-17);2019-06-11 14:16:04;original set-up
2020-08-16 12:15:06;SN19051;measure;14,84;14,11;13,67;56920,3;2851,6;488,8;141,5;107,2;45,0;34,3;23,6;17,2;2,1;0,0;0,0;0,0;0,0;2,1;0,0;0,0;0,0;0,0;0,0;0,0;0,0;0,0;0,0;177460319;26,9;35,8;32,5;2020-08-16 10:15:06;E10,945352;N48,349142;431,000;300;SW V1-11 (2020-06-17);2019-06-11 14:16:04;original set-up
2020-08-16 12:20:06;SN19051;measure;14,71;13,73;13,35;55503,1;2755,1;529,6;126,5;115,8;68,6;27,9;4,3;10,7;4,3;4,3;2,1;0,0;0,0;0,0;0,0;0,0;0,0;0,0;0,0;0,0;0,0;0,0;0,0;177460319;26,8;35,8;32,1;2020-08-16 10:20:06;E10,945368;N48,349150;436,000;300;SW V1-11 (2020-06-17);2019-06-11 14:16:04;original set-up
2020-08-16 12:25:06;SN19051;measure;14,26;13,69;13,27;54534,0;2808,7;516,7;156,5;130,8;68,6;23,6;10,7;12,9;0,0;2,1;0,0;0,0;0,0;0,0;0,0;0,0;0,0;0,0;0,0;0,0;0,0;0,0;0,0;177460319;27,3;35,9;32,0;2020-08-16 10:25:06;E10,945337;N48,349135;439,900;300;SW V1-11 (2020-06-17);2019-06-11 14:16:04;original set-up
2020-08-16 12:30:06;SN19051;measure;14,94;14,06;13,66;56491,5;2716,5;578,9;113,6;90,1;83,6;30,0;4,3;6,4;4,3;4,3;2,1;0,0;0,0;0,0;0,0;0,0;0,0;0,0;0,0;0,0;0,0;0,0;0,0;177460319;27,4;35,9;32,5;2020-08-16 10:30:06;E10,945348;N48,349188;444,200;300;SW V1-11 (2020-06-17);2019-06-11 14:16:04;original set-up
2020-08-16 12:35:06;SN19051;measure;14,40;13,34;12,88;53018,1;2328,4;418,1;96,5;117,9;79,3;36,4;8,6;17,2;2,1;6,4;0,0;0,0;0,0;0,0;0,0;0,0;0,0;0,0;0,0;0,0;0,0;0,0;0,0;177460319;27,6;36,0;32,0;2020-08-16 10:35:06;E10,945402;N48,349252;446,400;300;SW V1-11 (2020-06-17);2019-06-11 14:16:04;original set-up
2020-08-16 12:40:06;SN19051;measure;13,69;13,38;13,02;53483,4;2330,6;499,6;124,4;111,5;68,6;21,4;6,4;6,4;2,1;0,0;0,0;0,0;0,0;2,1;2,1;0,0;0,0;0,0;0,0;0,0;0,0;0,0;0,0;177460319;27,6;36,1;31,8;2020-08-16 10:40:06;E10,945395;N48,349247;448,100;300;SW V1-11 (2020-06-17);2019-06-11 14:16:04;original set-up
2020-08-16 12:45:06;SN19051;measure;13,99;13,46;13,09;53740,7;2324,2;469,5;105,1;137,2;62,2;25,7;8,6;6,4;2,1;0,0;2,1;0,0;0,0;0,0;0,0;0,0;0,0;0,0;0,0;0,0;0,0;0,0;0,0;177460319;27,8;36,2;31,9;2020-08-16 10:45:06;E10,945355;N48,349317;448,400;300;SW V1-11 (2020-06-17);2019-06-11 14:16:04;original set-up
2020-08-16 12:50:06;SN19051;measure;14,60;13,28;12,87;52797,3;2277,0;469,5;77,2;81,5;70,8;40,7;6,4;6,4;10,7;2,1;2,1;2,1;0,0;0,0;0,0;0,0;0,0;0,0;0,0;0,0;0,0;0,0;0,0;177460319;27,8;36,3;31,6;2020-08-16 10:50:06;E10,945293;N48,349372;449,100;300;SW V1-11 (2020-06-17);2019-06-11 14:16:04;original set-up
2020-08-16 12:55:06;SN19051;measure;14,37;13,59;13,23;53997,3;2309,3;478,2;107,2;98,6;40,7;36,5;6,4;6,4;8,6;0,0;2,1;0,0;0,0;2,1;0,0;0,0;0,0;0,0;0,0;0,0;0,0;0,0;0,0;177460319;28,0;36,5;31,2;2020-08-16 10:55:06;E10,945282;N48,349365;445,100;300;SW V1-11 (2020-06-17);2019-06-11 14:16:04;original set-up
2020-08-16 13:00:06;SN19051;measure;14,82;13,66;13,34;54572,5;2349,9;450,3;111,5;111,5;51,5;21,4;6,4;8,6;6,4;0,0;2,1;2,1;4,3;0,0;0,0;0,0;0,0;0,0;0,0;0,0;0,0;0,0;0,0;177460319;27,9;36,5;31,1;2020-08-16 11:00:06;E10,945282;N48,349348;434,700;300;SW V1-11 (2020-06-17);2019-06-11 14:16:04;original set-up
2020-08-16 13:05:06;SN19051;measure;15,41;14,37;14,02;57280,5;2519,3;450,3;105,1;81,5;64,3;21,4;10,7;8,6;4,3;2,1;4,3;0,0;0,0;0,0;0,0;0,0;0,0;0,0;0,0;0,0;0,0;0,0;0,0;177460319;27,7;36,6;30,5;2020-08-16 11:05:06;E10,945238;N48,349368;427,600;300;SW V1-11 (2020-06-17);2019-06-11 14:16:04;original set-up
2020-08-16 13:10:06;SN19051;measure;15,22;14,36;13,91;56547,2;2489,2;501,7;109,3;96,5;81,5;32,2;15,0;10,7;2,1;2,1;2,1;0,0;0,0;0,0;0,0;0,0;0,0;0,0;0,0;0,0;0,0;0,0;0,0;177460319;27,9;36,6;30,3;2020-08-16 11:10:06;E10,945177;N48,349327;429,900;300;SW V1-11 (2020-06-17);2019-06-11 14:16:04;original set-up
2020-08-16 13:15:06;SN19051;measure;15,34;14,59;14,23;57904,4;2615,7;495,3;109,3;94,3;62,2;23,6;10,7;8,6;8,6;0,0;0,0;0,0;2,1;0,0;0,0;0,0;0,0;0,0;0,0;0,0;0,0;0,0;0,0;177460319;27,9;36,7;30,4;2020-08-16 11:15:06;E10,945127;N48,349188;426,000;300;SW V1-11 (2020-06-17);2019-06-11 14:16:04;original set-up
2020-08-16 13:20:06;SN19051;measure;15,65;15,05;14,70;59610,8;2665,2;512,5;113,6;85,8;68,6;21,4;6,4;10,7;6,4;0,0;0,0;0,0;0,0;0,0;0,0;0,0;0,0;0,0;0,0;0,0;0,0;0,0;0,0;177460319;28,2;36,7;30,5;2020-08-16 11:20:06;E10,945110;N48,349068;423,900;300;SW V1-11 (2020-06-17);2019-06-11 14:16:04;original set-up
2020-08-16 13:25:06;SN19051;measure;16,10;15,78;15,39;62503,4;3537,7;662,5;130,8;132,9;53,6;34,3;6,4;6,4;2,1;0,0;0,0;0,0;0,0;0,0;0,0;0,0;0,0;0,0;0,0;0,0;0,0;0,0;0,0;177460319;28,2;36,8;31,0;2020-08-16 11:25:06;E10,945050;N48,348995;421,800;300;SW V1-11 (2020-06-17);2019-06-11 14:16:04;original set-up
2020-08-16 13:30:06;SN19051;measure;16,12;14,83;14,42;58129,1;2868,9;568,2;109,4;156,5;53,6;36,5;6,4;6,4;4,3;6,4;4,3;0,0;0,0;0,0;0,0;0,0;0,0;0,0;0,0;0,0;0,0;0,0;0,0;177460319;28,5;37,0;30,2;2020-08-16 11:30:06;E10,944925;N48,348908;424,700;300;SW V1-11 (2020-06-17);2019-06-11 14:16:04;original set-up
2020-08-16 13:35:06;SN19051;measure;14,17;13,57;13,13;53365,4;2354,2;465,3;98,6;81,5;64,3;38,6;12,9;12,9;0,0;2,1;0,0;0,0;0,0;0,0;0,0;0,0;0,0;0,0;0,0;0,0;0,0;0,0;0,0;177460319;28,2;37,0;30,3;2020-08-16 11:35:06;E10,944955;N48,348875;419,100;300;SW V1-11 (2020-06-17);2019-06-11 14:16:04;original set-up
2020-08-16 13:40:06;SN19051;measure;14,95;13,97;13,57;55043,6;2585,9;503,9;105,1;92,2;68,6;30,0;10,7;10,7;2,1;4,3;2,1;0,0;0,0;0,0;0,0;0,0;0,0;0,0;0,0;0,0;2,1;0,0;0,0;177460319;27,9;37,2;29,5;2020-08-16 11:40:06;E10,945008;N48,348947;413,100;300;SW V1-11 (2020-06-17);2019-06-11 14:16:04;original set-up
2020-08-16 13:45:06;SN19051;measure;15,27;14,12;13,67;54829,8;2624,3;542,4;117,9;96,5;75,0;32,2;19,3;8,6;6,4;0,0;4,3;0,0;2,1;0,0;0,0;0,0;0,0;0,0;0,0;0,0;0,0;0,0;0,0;177460319;28,6;37,2;29,5;2020-08-16 11:45:06;E10,945000;N48,348938;415,500;300;SW V1-11 (2020-06-17);2019-06-11 14:16:04;original set-up
2020-08-16 13:50:06;SN19051;measure;13,65;13,22;12,78;51405,8;2221,2;388,1;122,2;111,5;64,3;42,9;6,4;4,3;2,1;2,1;0,0;0,0;0,0;0,0;0,0;0,0;0,0;0,0;0,0;0,0;0,0;0,0;0,0;177460319;28,6;37,2;29,5;2020-08-16 11:50:06;E10,945015;N48,348938;411,600;300;SW V1-11 (2020-06-17);2019-06-11 14:16:04;original set-up
2020-08-16 13:55:06;SN19051;measure;14,08;13,18;12,81;51478,7;2345,6;463,1;115,8;94,3;53,6;25,7;12,9;8,6;2,1;2,1;0,0;2,1;0,0;0,0;0,0;0,0;0,0;0,0;0,0;0,0;0,0;0,0;0,0;177460319;28,6;37,3;29,4;2020-08-16 11:55:06;E10,945073;N48,348900;403,200;300;SW V1-11 (2020-06-17);2019-06-11 14:16:04;original set-up
2020-08-16 14:00:06;SN19051;measure;13,51;12,74;12,26;48977,7;1953,4;403,1;111,5;111,5;66,5;47,2;12,9;4,3;0,0;4,3;2,1;0,0;0,0;0,0;0,0;0,0;0,0;0,0;0,0;0,0;0,0;0,0;0,0;177460319;28,8;37,4;28,9;2020-08-16 12:00:06;E10,945013;N48,348952;402,000;300;SW V1-11 (2020-06-17);2019-06-11 14:16:04;original set-up
2020-08-16 14:05:06;SN19051;measure;13,99;12,75;12,40;49561,9;2039,0;407,4;102,9;92,2;64,3;23,6;8,6;4,3;2,1;2,1;2,1;4,3;0,0;0,0;0,0;0,0;0,0;0,0;0,0;0,0;0,0;0,0;0,0;177460319;28,8;37,4;28,8;2020-08-16 12:05:06;E10,945122;N48,349053;392,600;300;SW V1-11 (2020-06-17);2019-06-11 14:16:04;original set-up
2020-08-16 14:10:06;SN19051;measure;14,60;13,48;13,07;52229,1;2317,7;435,2;109,3;85,8;96,5;17,2;15,0;8,6;6,4;2,1;0,0;2,1;0,0;0,0;0,0;0,0;0,0;0,0;0,0;0,0;0,0;0,0;0,0;177460319;28,8;37,6;28,7;2020-08-16 12:10:06;E10,945058;N48,349142;388,500;300;SW V1-11 (2020-06-17);2019-06-11 14:16:04;original set-up
2020-08-16 14:15:06;SN19051;measure;13,23;12,60;12,25;48999,1;2184,9;467,4;126,5;90,1;53,6;30,0;2,1;6,4;6,4;2,1;0,0;0,0;0,0;0,0;0,0;0,0;0,0;0,0;0,0;0,0;0,0;0,0;0,0;177460319;28,8;37,7;28,7;2020-08-16 12:15:06;E10,944962;N48,349137;388,500;300;SW V1-11 (2020-06-17);2019-06-11 14:16:04;original set-up
2020-08-16 14:20:06;SN19051;measure;12,33;11,62;11,25;44703,5;1871,8;407,4;100,8;90,1;57,9;25,7;12,9;8,6;2,1;0,0;2,1;0,0;2,1;0,0;0,0;0,0;0,0;0,0;0,0;0,0;0,0;0,0;0,0;177460319;28,9;37,7;28,0;2020-08-16 12:20:06;E10,944950;N48,349157;385,900;300;SW V1-11 (2020-06-17);2019-06-11 14:16:04;original set-up
2020-08-16 14:25:06;SN19051;measure;13,38;12,67;12,33;48806,2;2049,8;484,6;100,8;85,8;42,9;32,2;2,1;10,7;2,1;4,3;0,0;0,0;0,0;0,0;0,0;0,0;2,1;0,0;0,0;0,0;0,0;0,0;0,0;177460319;29,0;37,7;27,7;2020-08-16 12:25:06;E10,945007;N48,349253;382,700;300;SW V1-11 (2020-06-17);2019-06-11 14:16:04;original set-up
2020-08-16 14:30:06;SN19051;measure;13,32;13,01;12,61;49857,8;2433,5;443,8;105,1;100,8;53,6;38,6;8,6;2,1;0,0;2,1;0,0;0,0;0,0;2,1;0,0;0,0;0,0;0,0;0,0;0,0;0,0;0,0;0,0;177460319;29,2;37,8;28,0;2020-08-16 12:30:06;E10,944987;N48,349308;383,700;300;SW V1-11 (2020-06-17);2019-06-11 14:16:04;original set-up
2020-08-16 14:35:06;SN19051;measure;13,41;12,66;12,27;48658,2;2247,1;467,4;122,2;92,2;55,7;25,7;19,3;6,4;4,3;0,0;2,1;0,0;0,0;0,0;0,0;0,0;0,0;0,0;0,0;0,0;0,0;0,0;0,0;177460319;29,2;37,8;28,3;2020-08-16 12:35:06;E10,945055;N48,349393;384,000;300;SW V1-11 (2020-06-17);2019-06-11 14:16:04;original set-up
2020-08-16 14:40:06;SN19051;measure;14,01;13,29;12,87;51122,8;2439,9;591,8;105,1;105,1;47,2;45,0;10,7;2,1;4,3;2,1;2,1;0,0;0,0;0,0;0,0;0,0;0,0;0,0;0,0;0,0;0,0;0,0;0,0;177460319;28,8;37,9;27,8;2020-08-16 12:40:06;E10,944905;N48,349355;376,100;300;SW V1-11 (2020-06-17);2019-06-11 14:16:04;original set-up
2020-08-16 14:45:06;SN19051;measure;14,72;13,54;13,11;52085,4;2566,4;523,1;126,5;111,5;66,5;34,3;6,4;10,7;4,3;8,6;0,0;0,0;0,0;0,0;0,0;0,0;0,0;0,0;0,0;0,0;0,0;0,0;0,0;177460319;29,1;37,9;28,3;2020-08-16 12:45:06;E10,944972;N48,349412;376,500;300;SW V1-11 (2020-06-17);2019-06-11 14:16:04;original set-up
2020-08-16 14:50:06;SN19051;measure;13,81;13,47;13,07;51994,6;2525,9;553,2;70,8;135,1;68,6;27,9;10,7;6,4;0,0;0,0;0,0;0,0;2,1;0,0;0,0;0,0;0,0;0,0;0,0;0,0;0,0;0,0;2,1;177460319;29,1;37,9;28,3;2020-08-16 12:50:06;E10,944982;N48,349495;376,800;300;SW V1-11 (2020-06-17);2019-06-11 14:16:04;original set-up
2020-08-16 14:55:06;SN19051;measure;14,37;13,59;13,24;52561,4;2480,7;540,3;102,9;115,8;55,7;27,9;4,3;2,1;4,3;0,0;2,1;2,1;0,0;0,0;2,1;2,1;0,0;0,0;0,0;0,0;0,0;0,0;0,0;177460319;29,2;37,9;28,1;2020-08-16 12:55:06;E10,945105;N48,349460;386,100;300;SW V1-11 (2020-06-17);2019-06-11 14:16:04;original set-up
2020-08-16 15:00:06;SN19051;measure;14,87;13,59;13,18;52264,7;2298,6;525,3;117,9;94,3;77,2;30,0;10,7;4,3;4,3;6,4;0,0;2,1;2,1;2,1;0,0;2,1;0,0;0,0;0,0;0,0;0,0;0,0;0,0;177460319;29,4;38,0;28,3;2020-08-16 13:00:06;E10,945220;N48,349200;381,100;300;SW V1-11 (2020-06-17);2019-06-11 14:16:04;original set-up
2020-08-16 15:05:06;SN19051;measure;13,67;13,27;12,76;50685,4;2309,1;491,0;128,6;96,5;62,2;49,3;17,2;8,6;0,0;0,0;0,0;0,0;0,0;2,1;0,0;0,0;0,0;0,0;0,0;0,0;0,0;0,0;0,0;177460319;29,3;38,0;28,2;2020-08-16 13:05:06;E10,945207;N48,349117;382,800;300;SW V1-11 (2020-06-17);2019-06-11 14:16:04;original set-up
2020-08-16 15:10:06;SN19051;measure;13,50;12,79;12,43;49361,5;2161,3;478,2;117,9;113,6;55,7;25,7;10,7;0,0;2,1;0,0;2,1;2,1;0,0;0,0;0,0;0,0;0,0;0,0;0,0;0,0;0,0;0,0;0,0;177460319;29,1;38,1;27,8;2020-08-16 13:10:06;E10,945233;N48,349017;382,500;300;SW V1-11 (2020-06-17);2019-06-11 14:16:04;original set-up
2020-08-16 15:15:06;SN19051;measure;13,61;12,60;12,17;48095,4;2120,5;465,3;111,5;98,6;83,6;27,9;8,6;8,6;8,6;4,3;0,0;0,0;0,0;0,0;0,0;0,0;0,0;0,0;0,0;0,0;0,0;0,0;0,0;177460319;29,3;38,0;27,6;2020-08-16 13:15:06;E10,945740;N48,349223;388,400;300;SW V1-11 (2020-06-17);2019-06-11 14:16:04;original set-up
2020-08-16 15:20:06;SN19051;measure;12,56;11,80;11,48;45160,2;2019,7;443,8;132,9;81,5;57,9;21,4;4,3;2,1;2,1;2,1;4,3;0,0;0,0;0,0;0,0;0,0;0,0;0,0;0,0;0,0;0,0;0,0;0,0;177460319;29,4;38,0;27,3;2020-08-16 13:20:06;E10,945578;N48,349125;386,700;300;SW V1-11 (2020-06-17);2019-06-11 14:16:04;original set-up
2020-08-16 15:25:06;SN19051;measure;12,72;11,89;11,42;44881,4;1794,6;452,4;81,5;124,4;57,9;51,5;10,7;2,1;0,0;0,0;6,4;0,0;2,1;0,0;0,0;0,0;0,0;0,0;0,0;0,0;0,0;0,0;0,0;177460319;29,6;38,1;27,2;2020-08-16 13:25:06;E10,945617;N48,349005;388,900;300;SW V1-11 (2020-06-17);2019-06-11 14:16:04;original set-up
2020-08-16 15:30:06;SN19051;measure;12,28;11,31;10,97;43344,9;1676,8;330,2;96,5;90,1;40,7;30,0;8,6;6,4;2,1;2,1;4,3;0,0;2,1;0,0;0,0;0,0;0,0;0,0;0,0;0,0;0,0;0,0;0,0;177460319;29,5;38,1;27,5;2020-08-16 13:30:06;E10,945643;N48,349008;389,000;300;SW V1-11 (2020-06-17);2019-06-11 14:16:04;original set-up
2020-08-16 15:35:06;SN19051;measure;12,34;11,37;11,04;43465,6;1680,2;346,6;99,4;70,7;50,8;26,5;8,8;2,2;2,2;0,0;4,4;2,2;0,0;0,0;0,0;0,0;0,0;0,0;0,0;0,0;0,0;0,0;0,0;177460319;29,6;38,2;26,9;2020-08-16 13:35:06;E10,945538;N48,348925;386,300;300;SW V1-11 (2020-06-17);2019-06-11 14:16:04;original set-up
2020-08-16 15:40:06;SN19051;measure;11,88;10,78;10,46;41073,6;1455,6;307,3;91,5;82,8;47,9;24,0;6,5;8,7;0,0;0,0;2,2;4,4;0,0;0,0;0,0;0,0;0,0;0,0;0,0;0,0;0,0;0,0;0,0;177460319;29,7;38,3;26,6;2020-08-16 13:40:06;E10,945757;N48,349043;389,400;300;SW V1-11 (2020-06-17);2019-06-11 14:16:04;original set-up
2020-08-16 15:45:06;SN19051;measure;11,39;10,89;10,58;41563,9;1404,8;282,7;60,4;77,7;34,5;34,5;4,3;6,5;2,2;0,0;2,2;0,0;0,0;0,0;0,0;0,0;0,0;0,0;0,0;0,0;0,0;0,0;0,0;177460319;29,6;38,3;26,4;2020-08-16 13:45:06;E10,945688;N48,349043;390,100;300;SW V1-11 (2020-06-17);2019-06-11 14:16:04;original set-up
2020-08-16 15:50:06;SN19051;measure;11,73;10,75;10,30;40494,7;1241,2;296,9;90,3;81,7;77,4;43,0;6,5;4,3;4,3;0,0;0,0;4,3;0,0;0,0;0,0;0,0;0,0;0,0;0,0;0,0;0,0;0,0;0,0;177460319;29,8;38,4;26,7;2020-08-16 13:50:06;E10,945597;N48,349013;391,300;300;SW V1-11 (2020-06-17);2019-06-11 14:16:04;original set-up
2020-08-16 15:55:06;SN19051;measure;11,22;10,38;10,15;40074,7;1202,4;271,0;77,4;75,3;19,4;15,1;10,8;6,5;4,3;0,0;0,0;2,2;2,2;0,0;0,0;0,0;0,0;0,0;0,0;0,0;0,0;0,0;0,0;177460319;29,4;38,4;26,5;2020-08-16 13:55:06;E10,945518;N48,348992;392,400;300;SW V1-11 (2020-06-17);2019-06-11 14:16:04;original set-up
2020-08-16 16:00:06;SN19051;measure;10,98;10,54;10,21;40280,8;1217,9;180,1;38,6;66,5;57,9;30,0;8,6;2,1;2,1;0,0;2,1;0,0;0,0;0,0;0,0;0,0;0,0;0,0;0,0;0,0;0,0;0,0;0,0;177460319;29,8;38,4;26,6;2020-08-16 14:00:06;E10,945498;N48,348983;390,700;300;SW V1-11 (2020-06-17);2019-06-11 14:16:04;original set-up
2020-08-16 16:05:06;SN19051;measure;11,10;10,02;9,63;38074,1;1114,9;240,1;38,6;62,2;62,2;42,9;4,3;6,4;10,7;0,0;4,3;0,0;0,0;0,0;0,0;0,0;0,0;0,0;0,0;0,0;0,0;0,0;0,0;177460319;29,8;38,5;26,7;2020-08-16 14:05:06;E10,945475;N48,349012;390,500;300;SW V1-11 (2020-06-17);2019-06-11 14:16:04;original set-up
2020-08-16 16:10:06;SN19051;measure;10,19;9,60;9,24;36331,2;1117,1;223,0;62,2;87,9;57,9;27,9;10,7;8,6;2,1;2,1;0,0;0,0;0,0;0,0;0,0;0,0;0,0;0,0;0,0;0,0;0,0;0,0;0,0;177460319;29,6;38,5;26,1;2020-08-16 14:10:06;E10,945417;N48,349022;389,600;300;SW V1-11 (2020-06-17);2019-06-11 14:16:04;original set-up
2020-08-16 16:15:06;SN19051;measure;9,63;9,33;9,02;35494,8;1031,3;218,7;60,0;77,2;42,9;27,9;8,6;4,3;2,1;0,0;0,0;0,0;0,0;0,0;0,0;0,0;0,0;0,0;0,0;0,0;0,0;0,0;0,0;177460319;29,4;38,5;25,7;2020-08-16 14:15:06;E10,945338;N48,348888;384,100;300;SW V1-11 (2020-06-17);2019-06-11 14:16:04;original set-up
2020-08-16 16:20:06;SN19051;measure;9,76;9,56;9,21;35900,0;1082,7;218,7;85,8;75,0;62,2;30,0;4,3;2,1;2,1;0,0;0,0;0,0;0,0;0,0;2,1;0,0;0,0;0,0;0,0;0,0;0,0;0,0;0,0;177460319;29,7;38,5;25,1;2020-08-16 14:20:06;E10,945332;N48,348980;385,900;300;SW V1-11 (2020-06-17);2019-06-11 14:16:04;original set-up
2020-08-16 16:25:06;SN19051;measure;10,53;9,73;9,41;36817,7;971,3;244,4;38,6;85,8;36,4;23,6;21,4;6,4;4,3;0,0;2,1;0,0;0,0;0,0;0,0;0,0;0,0;0,0;0,0;0,0;0,0;0,0;0,0;177460319;29,8;38,5;25,5;2020-08-16 14:25:06;E10,945353;N48,349062;380,100;300;SW V1-11 (2020-06-17);2019-06-11 14:16:04;original set-up
2020-08-16 16:30:06;SN19051;measure;10,31;9,47;9,22;35936,7;1018,5;220,9;60,0;70,8;49,3;12,9;6,4;4,3;6,4;2,1;2,1;0,0;0,0;0,0;0,0;0,0;0,0;0,0;0,0;0,0;0,0;0,0;0,0;177460319;30,0;38,5;25,5;2020-08-16 14:30:06;E10,945320;N48,349027;378,100;300;SW V1-11 (2020-06-17);2019-06-11 14:16:04;original set-up
2020-08-16 16:35:06;SN19051;measure;10,64;9,83;9,54;37407,3;1011,3;240,7;70,7;81,7;39,7;24,3;11,0;0,0;6,6;2,2;2,2;0,0;0,0;0,0;0,0;0,0;0,0;0,0;0,0;0,0;0,0;0,0;0,0;177460319;29,8;38,5;25,9;2020-08-16 14:35:06;E10,945322;N48,349180;379,700;300;SW V1-11 (2020-06-17);2019-06-11 14:16:04;original set-up
2020-08-16 16:40:06;SN19051;measure;10,94;10,04;9,77;38207,1;1024,9;250,6;71,6;100,7;31,3;15,7;15,7;2,2;2,2;4,5;2,2;0,0;0,0;0,0;0,0;0,0;0,0;0,0;0,0;0,0;0,0;0,0;0,0;177460319;29,8;38,6;25,5;2020-08-16 14:40:06;E10,945303;N48,349377;379,100;300;SW V1-11 (2020-06-17);2019-06-11 14:16:04;original set-up
2020-08-16 16:45:06;SN19051;measure;11,02;10,18;9,86;38564,7;1142,8;204,0;48,3;63,6;57,0;32,9;2,2;2,2;2,2;4,4;0,0;2,2;0,0;0,0;0,0;0,0;0,0;0,0;0,0;0,0;0,0;0,0;0,0;177460319;29,8;38,6;25,3;2020-08-16 14:45:06;E10,945305;N48,349528;377,900;300;SW V1-11 (2020-06-17);2019-06-11 14:16:04;original set-up
2020-08-16 16:50:06;SN19051;measure;10,25;9,74;9,45;36966,3;1058,7;216,5;43,3;52,0;49,8;21,6;10,8;8,7;0,0;2,2;0,0;0,0;0,0;0,0;0,0;0,0;0,0;0,0;0,0;0,0;0,0;0,0;0,0;177460319;29,8;38,6;25,3;2020-08-16 14:50:06;E10,945262;N48,349520;377,500;300;SW V1-11 (2020-06-17);2019-06-11 14:16:04;original set-up
2020-08-16 16:55:06;SN19051;measure;10,28;9,91;9,63;37643,3;1059,6;235,2;60,4;92,8;58,3;17,3;6,5;0,0;6,5;0,0;0,0;0,0;0,0;0,0;0,0;0,0;0,0;0,0;0,0;0,0;0,0;0,0;0,0;177460319;29,7;38,6;25,2;2020-08-16 14:55:06;E10,945150;N48,349475;376,500;300;SW V1-11 (2020-06-17);2019-06-11 14:16:04;original set-up
2020-08-16 17:00:06;SN19051;measure;10,70;9,74;9,45;36994,8;1054,0;191,4;77,4;62,4;40,9;17,2;6,5;17,2;6,5;2,2;0,0;0,0;0,0;0,0;0,0;0,0;0,0;0,0;0,0;0,0;0,0;0,0;0,0;177460319;29,9;38,6;25,6;2020-08-16 15:00:06;E10,945147;N48,349488;371,900;300;SW V1-11 (2020-06-17);2019-06-11 14:16:04;original set-up
2020-08-16 17:05:06;SN19051;measure;10,59;9,92;9,54;37216,0;1077,6;204,3;53,8;103,2;75,3;28,0;8,6;4,3;6,5;2,2;0,0;0,0;0,0;0,0;0,0;0,0;0,0;0,0;0,0;0,0;0,0;0,0;0,0;177460319;29,9;38,6;25,2;2020-08-16 15:05:06;E10,945117;N48,349483;370,800;300;SW V1-11 (2020-06-17);2019-06-11 14:16:04;original set-up
2020-08-16 17:10:06;SN19051;measure;10,84;9,55;9,23;36127,5;907,0;218,7;62,2;90,1;55,7;25,7;8,6;2,1;6,4;4,3;2,1;2,1;0,0;2,1;0,0;0,0;0,0;0,0;0,0;0,0;0,0;0,0;0,0;177460319;29,8;38,6;25,4;2020-08-16 15:10:06;E10,945098;N48,349512;370,000;300;SW V1-11 (2020-06-17);2019-06-11 14:16:04;original set-up
2020-08-16 17:15:06;SN19051;measure;10,78;9,77;9,29;36343,8;952,0;216,5;62,2;72,9;64,3;49,3;17,2;8,6;2,1;0,0;2,1;2,1;0,0;0,0;0,0;0,0;0,0;0,0;0,0;0,0;0,0;0,0;0,0;177460319;29,7;38,6;25,2;2020-08-16 15:15:06;E10,945080;N48,349590;368,900;300;SW V1-11 (2020-06-17);2019-06-11 14:16:04;original set-up
2020-08-16 17:20:06;SN19051;measure;10,28;9,80;9,39;36661,4;1046,4;246,6;55,7;79,3;72,9;36,5;8,6;6,4;2,1;0,0;0,0;0,0;4,3;0,0;0,0;0,0;0,0;0,0;0,0;0,0;0,0;0,0;0,0;177460319;29,8;38,6;25,3;2020-08-16 15:20:06;E10,945127;N48,349652;365,200;300;SW V1-11 (2020-06-17);2019-06-11 14:16:04;original set-up
2020-08-16 17:25:06;SN19051;measure;10,19;9,28;8,99;35138,9;913,4;190,8;64,3;79,3;47,2;23,6;4,3;6,4;4,3;0,0;2,1;2,1;0,0;0,0;0,0;0,0;0,0;0,0;0,0;0,0;0,0;0,0;0,0;177460319;29,8;38,6;25,3;2020-08-16 15:25:06;E10,945163;N48,349597;345,600;300;SW V1-11 (2020-06-17);2019-06-11 14:16:04;original set-up
2020-08-16 17:30:06;SN19051;measure;10,13;9,29;8,90;34746,8;1033,6;206,3;58,3;75,0;56,3;31,3;12,5;16,7;2,1;0,0;2,1;0,0;0,0;0,0;0,0;0,0;0,0;0,0;0,0;0,0;0,0;0,0;0,0;177460319;29,6;38,6;24,9;2020-08-16 15:30:06;E10,945177;N48,349500;332,600;300;SW V1-11 (2020-06-17);2019-06-11 14:16:04;original set-up
2020-08-16 17:35:06;SN19051;measure;10,77;9,48;9,16;35775,1;979,1;183,6;67,5;69,6;38,0;25,3;16,9;8,4;4,2;6,3;2,1;0,0;0,0;0,0;0,0;0,0;0,0;0,0;0,0;0,0;0,0;0,0;0,0;177460319;29,9;38,6;25,4;2020-08-16 15:35:06;E10,945193;N48,349522;327,100;300;SW V1-11 (2020-06-17);2019-06-11 14:16:04;original set-up
2020-08-16 17:40:06;SN19051;measure;11,04;9,65;9,30;36333,1;1131,2;196,0;66,0;70,3;53,3;34,1;4,3;8,5;6,4;4,3;2,1;2,1;0,0;0,0;0,0;0,0;0,0;0,0;0,0;0,0;0,0;0,0;0,0;177460319;29,8;38,5;25,5;2020-08-16 15:40:06;E10,945170;N48,349633;329,800;300;SW V1-11 (2020-06-17);2019-06-11 14:16:04;original set-up
2020-08-16 17:45:06;SN19051;measure;10,64;9,69;9,39;36729,6;995,9;215,9;74,8;64,1;47,0;25,6;6,4;4,3;6,4;2,1;0,0;2,1;0,0;0,0;0,0;0,0;0,0;0,0;0,0;0,0;0,0;0,0;0,0;177460319;29,9;38,5;25,6;2020-08-16 15:45:06;E10,945123;N48,349708;331,500;300;SW V1-11 (2020-06-17);2019-06-11 14:16:04;original set-up
2020-08-16 17:50:06;SN19051;measure;10,70;9,72;9,34;36489,9;1031,4;212,3;64,3;68,6;49,3;32,2;21,4;2,1;6,4;0,0;4,3;0,0;0,0;0,0;0,0;0,0;0,0;0,0;0,0;0,0;0,0;0,0;0,0;177460319;30,0;38,5;25,7;2020-08-16 15:50:06;E10,945117;N48,349852;327,800;300;SW V1-11 (2020-06-17);2019-06-11 14:16:04;original set-up
2020-08-16 17:55:06;SN19051;measure;9,94;9,33;9,02;35325,6;1003,5;231,6;53,6;70,8;47,2;19,3;12,9;15,0;2,1;0,0;0,0;0,0;0,0;2,1;0,0;0,0;0,0;0,0;0,0;0,0;0,0;0,0;0,0;177460319;29,8;38,6;25,6;2020-08-16 15:55:06;E10,944940;N48,349895;334,300;300;SW V1-11 (2020-06-17);2019-06-11 14:16:04;original set-up
2020-08-16 18:00:06;SN19051;measure;10,16;9,29;8,93;34864,4;945,5;193,0;72,9;60,0;60,0;34,3;6,4;4,3;6,4;0,0;4,3;0,0;0,0;0,0;0,0;0,0;0,0;0,0;0,0;0,0;0,0;0,0;0,0;177460319;29,8;38,6;25,2;2020-08-16 16:00:06;E10,944942;N48,350010;331,300;300;SW V1-11 (2020-06-17);2019-06-11 14:16:04;original set-up
2020-08-16 18:05:06;SN19051;measure;10,07;9,54;9,17;35768,7;1004,6;205,3;79,5;106,0;59,6;30,9;11,0;0,0;4,4;0,0;2,2;0,0;0,0;0,0;0,0;0,0;0,0;0,0;0,0;0,0;0,0;0,0;0,0;177460319;29,8;38,7;25,2;2020-08-16 16:05:06;E10,944808;N48,350038;338,000;300;SW V1-11 (2020-06-17);2019-06-11 14:16:04;original set-up
2020-08-16 18:10:06;SN19051;measure;10,11;9,47;9,06;35347,1;1009,0;204,8;74,1;58,8;50,1;43,6;17,4;0,0;2,2;4,4;0,0;0,0;0,0;0,0;0,0;0,0;0,0;0,0;0,0;0,0;0,0;0,0;0,0;177460319;29,9;38,6;25,2;2020-08-16 16:10:06;E10,944715;N48,350158;343,400;300;SW V1-11 (2020-06-17);2019-06-11 14:16:04;original set-up
2020-08-16 18:15:06;SN19051;measure;10,68;9,22;8,91;34818,3;940,9;233,1;58,3;69,1;43,2;30,2;4,3;10,8;6,5;2,2;6,5;0,0;2,2;0,0;0,0;0,0;0,0;0,0;0,0;0,0;0,0;0,0;0,0;177460319;29,7;38,6;25,1;2020-08-16 16:15:06;E10,944685;N48,350223;346,400;300;SW V1-11 (2020-06-17);2019-06-11 14:16:04;original set-up
2020-08-16 18:20:06;SN19051;measure;9,89;9,29;9,00;35349,0;860,4;200,0;25,8;77,4;55,9;21,5;10,8;4,3;2,2;0,0;2,2;0,0;2,2;2,2;0,0;0,0;0,0;0,0;0,0;0,0;0,0;0,0;0,0;177460319;29,6;38,6;25,4;2020-08-16 16:20:06;E10,944600;N48,350162;346,700;300;SW V1-11 (2020-06-17);2019-06-11 14:16:04;original set-up
2020-08-16 18:25:06;SN19051;measure;9,26;8,91;8,66;33944,5;832,5;152,7;38,7;75,3;47,3;19,4;2,2;6,5;0,0;2,2;0,0;0,0;0,0;2,2;0,0;0,0;0,0;0,0;0,0;0,0;0,0;0,0;0,0;177460319;29,6;38,6;25,2;2020-08-16 16:25:06;E10,944687;N48,350232;345,700;300;SW V1-11 (2020-06-17);2019-06-11 14:16:04;original set-up
2020-08-16 18:30:06;SN19051;measure;9,79;8,76;8,44;32926,2;838,3;182,2;38,6;79,3;70,8;19,3;8,6;6,4;2,1;2,1;2,1;2,1;0,0;0,0;0,0;0,0;0,0;0,0;0,0;0,0;0,0;0,0;0,0;177460319;29,7;38,5;24,9;2020-08-16 16:30:06;E10,944672;N48,350242;349,100;300;SW V1-11 (2020-06-17);2019-06-11 14:16:04;original set-up
2020-08-16 18:35:06;SN19051;measure;10,43;8,88;8,50;33091,3;921,9;203,7;64,3;66,5;60,0;34,3;12,9;6,4;6,4;4,3;0,0;4,3;0,0;0,0;0,0;0,0;0,0;0,0;0,0;0,0;0,0;0,0;0,0;177460319;29,6;38,4;24,8;2020-08-16 16:35:06;E10,944740;N48,350108;349,100;300;SW V1-11 (2020-06-17);2019-06-11 14:16:04;original set-up
2020-08-16 18:40:06;SN19051;measure;10,60;9,01;8,73;34130,4;856,7;181,1;39,7;88,3;53,0;13,2;6,6;15,5;4,4;6,6;4,4;0,0;0,0;2,2;2,2;0,0;0,0;0,0;0,0;0,0;0,0;0,0;0,0;177460319;29,6;38,4;25,1;2020-08-16 16:40:06;E10,944593;N48,350037;348,600;300;SW V1-11 (2020-06-17);2019-06-11 14:16:04;original set-up
2020-08-16 18:45:06;SN19051;measure;10,02;9,10;8,78;34296,6;932,6;187,4;52,3;85,0;56,7;17,4;13,1;6,5;2,2;2,2;2,2;0,0;4,4;0,0;0,0;0,0;0,0;0,0;0,0;0,0;0,0;0,0;0,0;177460319;29,6;38,4;25,2;2020-08-16 16:45:06;E10,944620;N48,350023;349,200;300;SW V1-11 (2020-06-17);2019-06-11 14:16:04;original set-up
2020-08-16 18:50:06;SN19051;measure;9,91;9,09;8,77;34378,0;856,7;198,5;49,6;75,5;47,5;25,9;10,8;8,6;10,8;0,0;0,0;0,0;0,0;0,0;0,0;0,0;0,0;0,0;0,0;0,0;0,0;0,0;0,0;177460319;29,4;38,3;25,3;2020-08-16 16:50:06;E10,944472;N48,350053;357,200;300;SW V1-11 (2020-06-17);2019-06-11 14:16:04;original set-up
2020-08-16 18:55:06;SN19051;measure;10,54;8,91;8,64;33944,5;800,2;217,3;55,9;109,7;51,6;10,8;12,9;4,3;0,0;2,2;6,5;4,3;0,0;4,3;0,0;2,2;0,0;0,0;0,0;0,0;0,0;0,0;0,0;177460319;29,1;38,3;25,4;2020-08-16 16:55:06;E10,944840;N48,350137;327,900;300;SW V1-11 (2020-06-17);2019-06-11 14:16:04;original set-up
2020-08-16 19:00:06;SN19051;measure;10,49;9,11;8,78;34490,9;841,1;238,8;73,1;81,7;64,5;19,4;10,8;6,5;2,2;4,3;6,5;0,0;2,2;0,0;0,0;0,0;0,0;0,0;0,0;0,0;0,0;0,0;0,0;177460319;29,1;38,2;25,5;2020-08-16 17:00:06;E10,944512;N48,350038;314,600;300;SW V1-11 (2020-06-17);2019-06-11 14:16:04;original set-up
2020-08-16 19:05:06;SN19051;measure;10,10;8,88;8,58;33766,8;949,9;188,7;55,7;85,8;42,9;23,6;8,6;6,4;4,3;6,4;2,1;0,0;2,1;0,0;0,0;0,0;0,0;0,0;0,0;0,0;0,0;0,0;0,0;177460319;29,0;38,1;25,7;2020-08-16 17:05:06;E10,944357;N48,349928;305,200;300;SW V1-11 (2020-06-17);2019-06-11 14:16:04;original set-up
2020-08-16 19:10:06;SN19051;measure;9,97;9,39;9,05;35640,7;960,5;223,0;66,2;70,7;50,8;33,1;6,6;6,6;2,2;2,2;0,0;0,0;2,2;0,0;0,0;0,0;0,0;0,0;0,0;0,0;0,0;0,0;0,0;177460319;28,9;38,0;25,9;2020-08-16 17:10:06;E10,944403;N48,349758;348,200;300;SW V1-11 (2020-06-17);2019-06-11 14:16:04;original set-up
2020-08-16 19:15:06;SN19051;measure;10,52;9,23;8,91;35146,6;930,5;222,3;63,2;61,0;39,2;28,3;10,9;8,7;13,1;2,2;2,2;0,0;0,0;0,0;0,0;0,0;0,0;0,0;0,0;0,0;0,0;0,0;0,0;177460319;28,9;37,9;26,1;2020-08-16 17:15:06;E10,944320;N48,349802;360,400;300;SW V1-11 (2020-06-17);2019-06-11 14:16:04;original set-up
2020-08-16 19:20:06;SN19051;measure;9,89;9,14;8,78;34762,1;979,7;170,5;51,8;75,5;49,6;30,2;19,4;4,3;4,3;2,2;0,0;0,0;2,2;0,0;0,0;0,0;0,0;0,0;0,0;0,0;0,0;0,0;0,0;177460319;28,7;37,8;26,3;2020-08-16 17:20:06;E10,944325;N48,349708;351,700;300;SW V1-11 (2020-06-17);2019-06-11 14:16:04;original set-up
2020-08-16 19:25:06;SN19051;measure;11,35;9,20;8,89;35125,5;968,0;195,8;73,1;88,2;32,3;23,7;19,4;4,3;8,6;8,6;4,3;2,2;2,2;0,0;0,0;0,0;0,0;0,0;0,0;0,0;0,0;0,0;0,0;177460319;28,8;37,7;26,5;2020-08-16 17:25:06;E10,944210;N48,349523;353,300;300;SW V1-11 (2020-06-17);2019-06-11 14:16:04;original set-up
2020-08-16 19:30:06;SN19051;measure;10,25;9,10;8,75;34596,2;901,3;193,6;60,2;60,2;43,0;38,7;8,6;6,5;4,3;6,5;2,2;0,0;0,0;0,0;0,0;0,0;0,0;0,0;0,0;0,0;0,0;0,0;0,0;177460319;28,9;37,6;26,7;2020-08-16 17:30:06;E10,944415;N48,349653;400,800;300;SW V1-11 (2020-06-17);2019-06-11 14:16:04;original set-up
2020-08-16 19:35:06;SN19051;measure;10,98;8,98;8,68;34375,7;911,3;233,7;53,6;55,7;45,0;25,7;8,6;10,7;12,9;6,4;2,1;2,1;2,1;0,0;0,0;0,0;0,0;0,0;0,0;0,0;0,0;0,0;0,0;177460319;28,8;37,6;26,8;2020-08-16 17:35:06;E10,945097;N48,349028;474,800;300;SW V1-11 (2020-06-17);2019-06-11 14:16:04;original set-up
2020-08-16 19:40:06;SN19051;measure;10,87;9,22;8,85;35188,2;900,5;220,8;60,0;64,3;49,3;34,3;15,0;10,7;4,3;4,3;4,3;2,1;0,0;0,0;0,0;0,0;0,0;0,0;0,0;0,0;0,0;0,0;0,0;177460319;28,6;37,6;27,0;2020-08-16 17:40:06;E10,945025;N48,349045;495,500;300;SW V1-11 (2020-06-17);2019-06-11 14:16:04;original set-up
2020-08-16 19:45:06;SN19051;measure;11,03;9,69;9,28;36869,4;1119,3;223,0;81,5;96,5;57,9;36,5;12,9;4,3;2,1;4,3;0,0;4,3;2,1;0,0;0,0;0,0;0,0;0,0;0,0;0,0;0,0;0,0;0,0;177460319;28,6;37,5;27,2;2020-08-16 17:45:06;E10,945122;N48,349057;502,900;300;SW V1-11 (2020-06-17);2019-06-11 14:16:04;original set-up
2020-08-16 19:50:06;SN19051;measure;11,04;9,64;9,23;36592,8;1110,7;242,3;53,6;75,0;47,2;45,0;10,7;12,9;4,3;2,1;0,0;4,3;0,0;0,0;0,0;0,0;0,0;0,0;0,0;0,0;0,0;0,0;0,0;177460319;28,8;37,5;27,2;2020-08-16 17:50:06;E10,945007;N48,349058;525,000;300;SW V1-11 (2020-06-17);2019-06-11 14:16:04;original set-up
2020-08-16 19:55:06;SN19051;measure;11,57;9,98;9,60;38024,8;1273,6;280,9;85,8;81,5;57,9;38,6;6,4;4,3;2,1;2,1;8,6;2,1;2,1;0,0;0,0;0,0;0,0;0,0;0,0;0,0;0,0;0,0;0,0;177460319;28,7;37,4;27,4;2020-08-16 17:55:06;E10,945103;N48,349057;502,300;300;SW V1-11 (2020-06-17);2019-06-11 14:16:04;original set-up
2020-08-16 20:00:06;SN19051;measure;11,04;10,12;9,75;38919,3;1271,5;283,0;68,6;79,3;49,3;30,0;19,3;6,4;6,4;0,0;2,1;0,0;2,1;0,0;0,0;0,0;0,0;0,0;0,0;0,0;0,0;0,0;0,0;177460319;28,4;37,4;27,7;2020-08-16 18:00:06;E10,945202;N48,349090;510,900;300;SW V1-11 (2020-06-17);2019-06-11 14:16:04;original set-up
2020-08-16 20:05:06;SN19051;measure;10,85;9,71;9,34;37285,1;1084,9;229,4;60,0;70,8;38,6;38,6;19,3;4,3;2,1;2,1;2,1;2,1;2,1;0,0;0,0;0,0;0,0;0,0;0,0;0,0;0,0;0,0;0,0;177460319;28,5;37,4;27,7;2020-08-16 18:05:06;E10,945275;N48,349048;487,800;300;SW V1-11 (2020-06-17);2019-06-11 14:16:04;original set-up
2020-08-16 20:10:06;SN19051;measure;11,27;9,53;9,14;36500,6;1065,7;216,6;68,6;87,9;47,2;42,9;6,4;8,6;8,6;6,4;6,4;0,0;0,0;2,1;0,0;0,0;0,0;0,0;0,0;0,0;0,0;0,0;0,0;177460319;28,4;37,3;27,7;2020-08-16 18:10:06;E10,945127;N48,349105;502,100;300;SW V1-11 (2020-06-17);2019-06-11 14:16:04;original set-up
2020-08-16 20:15:06;SN19051;measure;10,48;9,18;8,80;35265,6;967,0;190,8;57,9;72,9;47,2;27,9;23,6;15,0;4,3;6,4;0,0;0,0;0,0;2,1;0,0;0,0;0,0;0,0;0,0;0,0;0,0;0,0;0,0;177460319;28,2;37,2;27,8;2020-08-16 18:15:06;E10,945033;N48,349068;504,700;300;SW V1-11 (2020-06-17);2019-06-11 14:16:04;original set-up
2020-08-16 20:20:06;SN19051;measure;10,27;9,59;9,22;36991,9;1022,3;245,1;50,8;86,1;75,1;26,5;11,0;6,6;2,2;0,0;0,0;2,2;0,0;2,2;0,0;0,0;0,0;0,0;0,0;0,0;0,0;0,0;0,0;177460319;28,1;37,1;28,0;2020-08-16 18:20:06;E10,945148;N48,349040;487,800;300;SW V1-11 (2020-06-17);2019-06-11 14:16:04;original set-up
2020-08-16 20:25:06;SN19051;measure;10,85;9,25;8,85;35525,8;1048,2;239,7;56,7;69,7;63,2;32,7;19,6;10,9;6,5;4,4;2,2;2,2;0,0;0,0;0,0;0,0;0,0;0,0;0,0;0,0;0,0;0,0;0,0;177460319;28,1;37,0;28,3;2020-08-16 18:25:06;E10,945068;N48,349077;517,600;300;SW V1-11 (2020-06-17);2019-06-11 14:16:04;original set-up
2020-08-16 20:30:06;SN19051;measure;10,15;8,93;8,61;34562,5;922,6;230,7;69,2;71,3;58,7;23,1;10,5;6,3;4,2;2,1;2,1;2,1;4,2;2,1;0,0;0,0;0,0;0,0;0,0;0,0;0,0;0,0;0,0;177460319;28,2;36,9;28,5;2020-08-16 18:30:06;E10,945142;N48,349055;497,100;300;SW V1-11 (2020-06-17);2019-06-11 14:16:04;original set-up
2020-08-16 20:35:06;SN19051;measure;11,03;9,37;8,99;36143,1;972,6;184,8;97,7;63,7;44,6;38,2;10,6;10,6;8,5;2,1;4,2;2,1;2,1;0,0;0,0;0,0;0,0;0,0;0,0;0,0;0,0;0,0;0,0;177460319;28,2;36,9;28,7;2020-08-16 18:35:06;E10,945053;N48,349223;535,200;300;SW V1-11 (2020-06-17);2019-06-11 14:16:04;original set-up
2020-08-16 20:40:06;SN19051;measure;11,03;9,58;9,13;36725,4;1078,0;228,0;51,1;66,0;40,5;53,3;17,0;14,9;4,3;4,3;4,3;0,0;0,0;2,1;0,0;0,0;0,0;0,0;0,0;0,0;0,0;0,0;0,0;177460319;28,2;36,8;29,0;2020-08-16 18:40:06;E10,945197;N48,349225;492,300;300;SW V1-11 (2020-06-17);2019-06-11 14:16:04;original set-up
2020-08-16 20:45:06;SN19051;measure;11,54;9,38;8,96;36191,0;874,1;196,6;55,6;98,3;53,4;44,9;12,8;8,5;6,4;8,5;6,4;2,1;0,0;0,0;0,0;2,1;0,0;0,0;0,0;0,0;0,0;0,0;0,0;177460319;28,1;36,7;29,2;2020-08-16 18:45:06;E10,945075;N48,349210;529,400;300;SW V1-11 (2020-06-17);2019-06-11 14:16:04;original set-up
2020-08-16 20:50:06;SN19051;measure;10,87;9,35;9,01;36569,2;1022,8;238,0;66,5;81,5;51,5;19,3;19,3;17,2;8,6;4,3;2,1;0,0;0,0;0,0;0,0;0,0;0,0;0,0;0,0;0,0;0,0;0,0;0,0;177460319;27,8;36,7;29,4;2020-08-16 18:50:06;E10,945102;N48,349207;484,600;300;SW V1-11 (2020-06-17);2019-06-11 14:16:04;original set-up
2020-08-16 20:55:06;SN19051;measure;11,40;9,60;9,18;37242,2;1132,1;244,4;64,3;81,5;60,0;45,0;10,7;8,6;6,4;2,1;4,3;4,3;2,1;0,0;2,1;0,0;0,0;0,0;0,0;0,0;0,0;0,0;0,0;177460319;27,8;36,6;29,5;2020-08-16 18:55:06;E10,945048;N48,349217;492,300;300;SW V1-11 (2020-06-17);2019-06-11 14:16:04;original set-up
2020-08-16 21:00:06;SN19051;measure;10,62;9,55;9,20;37499,8;1134,3;216,6;70,8;77,2;47,2;27,9;15,0;12,9;2,1;4,3;2,1;0,0;0,0;0,0;0,0;0,0;0,0;0,0;0,0;0,0;0,0;0,0;0,0;177460319;27,6;36,5;29,8;2020-08-16 19:00:06;E10,945055;N48,349282;492,100;300;SW V1-11 (2020-06-17);2019-06-11 14:16:04;original set-up
2020-08-16 21:05:06;SN19051;measure;11,03;9,85;9,49;38833,5;1280,1;289,5;79,3;100,8;60,0;23,6;17,2;8,6;4,3;2,1;4,3;0,0;2,1;0,0;0,0;0,0;0,0;0,0;0,0;0,0;0,0;0,0;0,0;177460319;27,2;36,4;30,0;2020-08-16 19:05:06;E10,944980;N48,349320;491,500;300;SW V1-11 (2020-06-17);2019-06-11 14:16:04;original set-up
2020-08-16 21:10:06;SN19051;measure;11,58;9,87;9,49;39030,3;1151,4;278,7;70,8;102,9;36,4;38,6;6,4;27,9;2,1;4,3;6,4;0,0;0,0;0,0;0,0;0,0;0,0;0,0;0,0;0,0;0,0;0,0;0,0;177460319;27,1;36,3;30,3;2020-08-16 19:10:06;E10,945058;N48,349397;491,200;300;SW V1-11 (2020-06-17);2019-06-11 14:16:04;original set-up
2020-08-16 21:15:06;SN19051;measure;12,47;9,85;9,36;38509,3;1177,1;229,4;81,5;135,1;53,6;38,6;25,7;21,4;6,4;4,3;4,3;6,4;0,0;0,0;0,0;0,0;0,0;0,0;0,0;0,0;0,0;0,0;0,0;177460319;27,1;36,1;30,6;2020-08-16 19:15:06;E10,944848;N48,349568;493,100;300;SW V1-11 (2020-06-17);2019-06-11 14:16:04;original set-up
2020-08-16 21:20:06;SN19051;measure;11,50;10,07;9,71;39912,0;1262,9;257,3;85,8;79,3;53,6;27,9;12,9;10,7;8,6;6,4;2,1;0,0;0,0;0,0;0,0;0,0;2,1;0,0;0,0;0,0;0,0;0,0;0,0;177460319;27,2;36,0;30,9;2020-08-16 19:20:06;E10,944820;N48,349253;497,800;300;SW V1-11 (2020-06-17);2019-06-11 14:16:04;original set-up
2020-08-16 21:25:06;SN19051;measure;11,88;10,32;9,93;40803,4;1344,3;317,3;68,6;90,1;51,5;42,9;8,6;10,7;2,1;2,1;4,3;4,3;0,0;0,0;0,0;0,0;0,0;0,0;0,0;0,0;0,0;0,0;0,0;177460319;27,2;35,9;31,0;2020-08-16 19:25:06;E10,944953;N48,349122;497,100;300;SW V1-11 (2020-06-17);2019-06-11 14:16:04;original set-up
