***begin of header***
date&time [local time];date&time [UTC];longitude [°];lattitude [°];height [m];PM10 [ug/m3];PM4 [ug/m3];PM2.5 [ug/m3];PM1 [ug/m3];0,25 µm;0,28 µm;0,30 µm;0,35 µm;0,40 µm;0,45 µm;0,50 µm;0,58 µm;0,65 µm;0,70 µm;0,80 µm;1,00 µm;1,30 µm;1,60 µm;2,00 µm;2,50 µm;3,00 µm;3,50 µm;4,00 µm;5,00 µm;6,50 µm;7,50 µm;8,50 µm;10,00 µm;12,50 µm;15,00 µm;17,50 µm;20,00 µm;25,00 µm;30,00 µm;32,00 µm;Temp. [°C]; humidity [%rH]; pressure [hPa];serial-No;software-version
***end of header***

2020-08-16 00:03:18;2020-08-15 22:03:18;E10,899433;N48,366218;H512,5;15,9;14,1;13,4;12,6;61809;42273;30755;17920;6593;1471;1408;297;114;111;56;58;29;26;27;13;3;5;4;1;1;0;1;0;0;0;0;0;0;0;0;22,5;72,5;NA;7H170013;SW V7-0 (2020-04-06)
2020-08-16 00:08:18;2020-08-15 22:08:18;E10,899435;N48,366232;H516,1;14,1;13,7;13,3;12,7;61980;42648;30966;18115;6729;1487;1475;354;91;130;78;67;44;17;20;9;2;1;2;1;0;0;0;0;0;0;0;0;0;0;0;22,5;72,3;NA;7H170013;SW V7-0 (2020-04-06)
2020-08-16 00:13:18;2020-08-15 22:13:18;E10,899355;N48,366340;H504,1;15,7;14,5;13,9;12,9;62916;43322;31651;18154;6987;1536;1492;393;117;121;103;64;23;36;29;17;5;4;3;1;0;1;0;0;0;0;0;0;0;0;0;22,7;71,7;NA;7H170013;SW V7-0 (2020-04-06)
2020-08-16 00:18:18;2020-08-15 22:18:18;E10,899537;N48,366233;H511,7;16,0;14,9;14,2;13,4;64642;44870;32884;19467;7418;1749;1775;462;113;135;87;58;25;34;23;17;4;3;3;1;0;1;0;0;0;0;0;0;0;0;0;22,9;71,3;NA;7H170013;SW V7-0 (2020-04-06)
2020-08-16 00:23:18;2020-08-15 22:23:18;E10,899560;N48,366283;H510,0;16,4;15,5;14,8;13,8;66863;46541;34012;20117;7724;1756;1752;435;107;133;81;64;28;33;37;14;5;3;3;3;0;0;0;0;0;0;0;0;0;0;0;22,9;71,3;NA;7H170013;SW V7-0 (2020-04-06)
2020-08-16 00:28:18;2020-08-15 22:28:18;E10,899563;N48,366248;H513,8;18,2;16,5;15,9;15,0;72341;51046;36679;21885;8604;1898;1856;491;137;137;93;79;35;28;27;14;3;3;4;0;1;0;0;1;0;0;0;0;0;0;0;22,9;70,9;NA;7H170013;SW V7-0 (2020-04-06)
2020-08-16 00:33:18;2020-08-15 22:33:18;E10,899643;N48,366158;H518,4;15,8;15,2;14,7;13,8;66442;46748;33882;19988;7688;1722;1729;419;119;128;94;75;31;35;37;13;3;3;1;0;1;0;0;0;0;0;0;0;0;0;0;23,1;70,7;NA;7H170013;SW V7-0 (2020-04-06)
2020-08-16 00:38:18;2020-08-15 22:38:18;E10,899638;N48,366272;H514,0;16,2;15,3;14,6;13,6;65504;46269;33809;20206;7617;1718;1658;413;110;143;72;62;33;36;33;15;4;5;3;1;1;0;0;0;0;0;0;0;0;0;0;22,9;70,7;NA;7H170013;SW V7-0 (2020-04-06)
2020-08-16 00:43:18;2020-08-15 22:43:18;E10,899583;N48,366298;H513,0;17,5;16,2;15,5;14,5;69332;49276;36367;21819;8846;1925;1985;505;139;143;95;65;27;28;37;13;4;4;5;1;0;1;0;0;0;0;0;0;0;0;0;22,9;70,9;NA;7H170013;SW V7-0 (2020-04-06)
2020-08-16 00:48:19;2020-08-15 22:48:18;E10,899452;N48,366508;H509,4;16,7;15,2;14,6;13,8;65790;47243;34852;21032;8064;1813;1879;458;125;120;82;75;27;31;19;11;3;4;4;1;1;1;0;0;0;0;0;0;0;0;0;22,9;70,9;NA;7H170013;SW V7-0 (2020-04-06)
2020-08-16 00:53:19;2020-08-15 22:53:18;E10,899592;N48,366417;H513,5;16,7;16,3;15,7;14,7;69036;49663;36992;22093;9072;2121;2232;505;139;143;98;86;32;45;28;17;8;1;4;0;0;0;0;0;0;0;0;0;0;0;0;22,9;71,5;NA;7H170013;SW V7-0 (2020-04-06)
2020-08-16 00:58:19;2020-08-15 22:58:18;E10,899632;N48,366295;H519,7;18,0;16,2;15,4;14,1;66492;47860;36017;21823;8648;1962;2004;510;135;125;93;80;35;41;44;22;5;4;3;3;0;0;1;0;0;0;0;0;0;0;0;22,9;71,5;NA;7H170013;SW V7-0 (2020-04-06)
2020-08-16 01:03:19;2020-08-15 23:03:18;E10,899477;N48,366372;H520,3;16,5;15,5;14,7;13,6;64643;46085;34840;21640;8286;1828;1881;438;104;129;61;55;36;40;41;16;4;4;4;1;1;0;0;0;0;0;0;0;0;0;0;22,7;72,1;NA;7H170013;SW V7-0 (2020-04-06)
2020-08-16 01:08:19;2020-08-15 23:08:19;E10,899455;N48,366397;H522,9;16,5;15,8;15,1;14,3;67233;48579;36650;22621;8769;1956;2013;487;121;114;75;75;35;24;25;14;4;5;5;1;0;0;0;0;0;0;0;0;0;0;0;22,5;72,3;NA;7H170013;SW V7-0 (2020-04-06)
2020-08-16 01:13:19;2020-08-15 23:13:19;E10,899553;N48,366475;H4821,9888;16,7;16,2;15,7;14,7;69680;49872;37826;23632;8918;2028;2003;456;108;128;79;61;34;39;29;13;5;2;3;1;0;0;0;0;0;0;0;0;0;0;0;22,7;72,3;NA;7H170013;SW V7-0 (2020-04-06)
2020-08-16 01:18:19;2020-08-15 23:18:19;E10,899448;N48,366583;H521,6;16,7;15,7;15,1;14,1;66931;48384;36125;22528;8645;1906;1902;455;104;126;81;65;31;33;32;16;4;3;2;1;0;1;0;0;0;0;0;0;0;0;0;22,7;72,1;NA;7H170013;SW V7-0 (2020-04-06)
2020-08-16 01:23:19;2020-08-15 23:23:19;E10,899482;N48,366373;H539,6;16,1;15,7;15,3;14,4;67236;49022;37318;23381;9195;2133;2119;517;126;131;90;72;29;20;41;12;2;2;1;1;0;0;0;0;0;0;0;0;0;0;0;22,5;72,3;NA;7H170013;SW V7-0 (2020-04-06)
2020-08-16 01:28:19;2020-08-15 23:28:19;E10,899638;N48,366233;H546,0;16,6;16,0;15,4;14,5;67230;49013;37433;23645;9594;2153;2193;521;140;174;83;56;25;31;36;15;4;3;3;1;0;0;0;0;0;0;0;0;0;0;0;22,5;72,7;NA;7H170013;SW V7-0 (2020-04-06)
2020-08-16 01:33:19;2020-08-15 23:33:19;E10,899435;N48,366368;H543,9;17,0;15,5;14,9;14,1;65460;47884;37061;22939;9050;2042;2085;393;119;127;107;79;32;35;23;13;4;2;3;0;1;0;1;0;0;0;0;0;0;0;0;22,3;73,2;NA;7H170013;SW V7-0 (2020-04-06)
2020-08-16 01:38:19;2020-08-15 23:38:19;E10,899618;N48,366310;H542,3;15,9;15,5;15,0;14,0;65363;47745;36749;23361;9158;2071;1887;417;106;131;83;75;29;42;28;16;4;3;3;0;0;0;0;0;0;0;0;0;0;0;0;22,3;73,2;NA;7H170013;SW V7-0 (2020-04-06)
2020-08-16 01:43:19;2020-08-15 23:43:19;E10,899593;N48,366242;H518,9;16,2;15,7;15,1;14,1;65794;47780;37205;23184;9121;2038;2122;433;114;135;75;73;36;25;31;19;5;1;3;1;0;0;0;0;0;0;0;0;0;0;0;22,3;73,4;NA;7H170013;SW V7-0 (2020-04-06)
2020-08-16 01:48:19;2020-08-15 23:48:14;E10,899542;N48,366257;H505,1;17,4;16,2;15,7;14,8;68748;50407;39296;24854;10104;2204;2165;502;125;131;58;63;24;40;21;16;3;3;2;1;0;1;0;0;1;0;0;0;0;0;0;22,3;73,6;NA;7H170013;SW V7-0 (2020-04-06)
2020-08-16 01:53:19;2020-08-15 23:53:14;E10,899537;N48,366312;H509,5;16,8;16,3;15,7;14,9;68105;50318;39326;25379;10196;2326;2448;546;144;136;94;80;24;34;23;12;5;1;4;1;0;0;0;0;0;0;0;0;0;0;0;22,1;73,8;NA;7H170013;SW V7-0 (2020-04-06)
2020-08-16 01:58:19;2020-08-15 23:58:14;E10,899322;N48,366332;H517,9;16,8;16,4;15,9;15,0;67880;50232;39916;25860;10771;2493;2579;648;162;151;89;70;30;40;28;12;3;2;2;1;0;0;0;0;0;0;0;0;0;0;0;22,1;74,0;NA;7H170013;SW V7-0 (2020-04-06)
2020-08-16 02:03:19;2020-08-16 00:03:14;E10,899582;N48,366210;H511,3;17,5;16,5;15,9;14,8;67939;50270;39200;25080;10227;2342;2453;538;135;132;80;51;27;45;42;17;4;2;3;0;0;1;0;0;0;0;0;0;0;0;0;22,1;73,8;NA;7H170013;SW V7-0 (2020-04-06)
2020-08-16 02:08:19;2020-08-16 00:08:14;E10,899633;N48,366258;H511,3;19,0;17,1;16,4;15,5;71005;52478;40752;26187;10773;2465;2393;495;121;147;85;90;26;44;28;14;5;3;2;2;1;0;1;0;0;0;0;0;0;0;0;22,1;73,8;NA;7H170013;SW V7-0 (2020-04-06)
2020-08-16 02:13:19;2020-08-16 00:13:14;E10,899558;N48,366267;H499,7;18,1;16,7;16,0;15,1;69404;51416;39970;25490;10115;2340;2213;549;149;145;80;82;32;35;21;14;3;4;5;2;0;1;0;0;0;0;0;0;0;0;0;22,1;73,8;NA;7H170013;SW V7-0 (2020-04-06)
2020-08-16 02:18:19;2020-08-16 00:18:15;E10,899523;N48,366288;H495,3;19,2;17,2;16,6;15,6;71929;53474;41792;26452;10587;2397;2357;470;129;162;95;73;40;38;26;14;5;5;1;0;2;0;0;1;0;0;0;0;0;0;0;21,9;74,2;NA;7H170013;SW V7-0 (2020-04-06)
2020-08-16 02:23:19;2020-08-16 00:23:15;E10,899473;N48,366320;H511,0;17,8;16,4;15,9;15,0;68965;50751;39952;25450;10295;2344;2219;425;127;121;86;62;34;31;35;13;3;2;3;1;0;0;1;0;0;0;0;0;0;0;0;21,9;74,8;NA;7H170013;SW V7-0 (2020-04-06)
2020-08-16 02:28:19;2020-08-16 00:28:15;E10,899440;N48,366348;H511,3;19,1;18,5;17,9;16,9;77198;57483;44852;28476;11830;2701;2648;586;137;146;96;80;39;29;32;19;5;3;3;1;0;0;0;0;0;0;0;0;0;0;0;21,9;75,0;NA;7H170013;SW V7-0 (2020-04-06)
2020-08-16 02:33:19;2020-08-16 00:33:15;E10,899485;N48,366370;H510,6;18,3;17,7;17,1;16,1;74195;54508;42709;27207;11157;2550;2370;542;124;174;83;73;34;35;32;15;4;3;2;2;0;0;0;0;0;0;0;0;0;0;0;21,9;74,8;NA;7H170013;SW V7-0 (2020-04-06)
2020-08-16 02:38:20;2020-08-16 00:38:15;E10,899480;N48,366332;H502,3;16,9;16,4;15,8;14,9;67962;51109;39658;25911;10363;2338;2239;497;101;148;77;65;30;53;24;12;5;3;3;1;0;0;0;0;0;0;0;0;0;0;0;21,9;74,4;NA;7H170013;SW V7-0 (2020-04-06)
2020-08-16 02:43:20;2020-08-16 00:43:15;E10,899443;N48,366292;H503,6;17,3;16,5;15,9;15,0;68350;51378;40408;25857;10494;2312;2303;447;118;128;73;84;41;33;29;14;5;4;3;0;1;0;0;0;0;0;0;0;0;0;0;21,9;74,4;NA;7H170013;SW V7-0 (2020-04-06)
2020-08-16 02:48:20;2020-08-16 00:48:15;E10,899445;N48,366315;H504,5;17,3;16,6;16,0;15,1;69176;51401;40392;26171;10548;2449;2363;453;128;141;87;60;27;41;28;13;4;3;2;2;0;0;0;0;0;0;0;0;0;0;0;21,9;74,6;NA;7H170013;SW V7-0 (2020-04-06)
2020-08-16 02:53:20;2020-08-16 00:53:15;E10,899453;N48,366325;H506,1;17,0;16,4;15,9;14,9;67805;51378;40301;26379;10565;2362;2328;467;129;116;91;68;29;40;29;16;5;3;1;0;1;0;0;0;0;0;0;0;0;0;0;21,9;75,0;NA;7H170013;SW V7-0 (2020-04-06)
2020-08-16 02:58:20;2020-08-16 00:58:15;E10,899437;N48,366307;H502,7;17,3;16,2;15,7;14,9;67697;50753;40655;26112;10723;2424;2390;441;123;119;72;63;24;38;21;13;4;2;3;1;0;1;0;0;0;0;0;0;0;0;0;21,7;75,2;NA;7H170013;SW V7-0 (2020-04-06)
2020-08-16 03:03:20;2020-08-16 01:03:15;E10,899445;N48,366370;H497,7;16,7;16,3;15,8;14,9;67686;50689;40194;26071;10654;2468;2442;506;145;122;78;64;41;29;29;12;3;3;2;1;0;0;0;0;0;0;0;0;0;0;0;21,7;75,0;NA;7H170013;SW V7-0 (2020-04-06)
2020-08-16 03:08:20;2020-08-16 01:08:15;E10,899480;N48,366400;H494,9;17,5;16,6;16,0;15,0;67961;51056;40674;26621;10680;2487;2398;482;104;143;83;71;34;30;30;18;4;3;3;1;1;0;0;0;0;0;0;0;0;0;0;21,7;75,0;NA;7H170013;SW V7-0 (2020-04-06)
2020-08-16 03:13:20;2020-08-16 01:13:15;E10,899583;N48,366353;H504,3;17,8;16,8;16,1;15,0;68017;51090;40912;26579;10838;2488;2365;525;118;135;86;69;37;31;38;19;4;3;2;2;1;0;0;0;0;0;0;0;0;0;0;21,7;75,2;NA;7H170013;SW V7-0 (2020-04-06)
2020-08-16 03:18:20;2020-08-16 01:18:15;E10,899450;N48,366328;H498,9;16,8;16,3;15,8;15,0;67928;50813;40472;26369;10808;2413;2314;501;138;98;96;65;39;29;32;10;3;2;3;1;0;0;0;0;0;0;0;0;0;0;0;21,5;75,8;NA;7H170013;SW V7-0 (2020-04-06)
2020-08-16 03:23:20;2020-08-16 01:23:15;E10,899613;N48,366295;H511,3;16,9;16,5;16,0;15,1;68400;51306;41131;26939;10767;2461;2453;524;114;120;100;73;36;33;27;15;3;1;2;1;0;0;0;0;0;0;0;0;0;0;0;21,5;75,6;NA;7H170013;SW V7-0 (2020-04-06)
2020-08-16 03:28:20;2020-08-16 01:28:15;E10,899658;N48,366210;H525,3;17,1;16,2;15,6;14,8;67193;50231;39862;25927;10446;2481;2360;470;114;134;81;62;24;26;32;11;5;3;1;2;1;0;0;0;0;0;0;0;0;0;0;21,5;75,8;NA;7H170013;SW V7-0 (2020-04-06)
2020-08-16 03:33:20;2020-08-16 01:33:16;E10,899418;N48,366343;H500,4;17,5;16,1;15,6;14,8;67412;50281;39565;25530;10366;2333;2243;457;113;133;91;68;44;32;20;13;3;3;3;1;0;0;1;0;0;0;0;0;0;0;0;21,7;75,4;NA;7H170013;SW V7-0 (2020-04-06)
2020-08-16 03:38:20;2020-08-16 01:38:16;E10,899388;N48,366343;H499,2;18,1;16,4;15,8;14,8;67765;50418;39627;25681;10494;2428;2318;497;109;125;77;47;34;33;33;17;5;3;2;0;1;0;0;1;0;0;0;0;0;0;0;21,7;75,2;NA;7H170013;SW V7-0 (2020-04-06)
2020-08-16 03:43:20;2020-08-16 01:43:16;E10,899383;N48,366352;H497,0;17,3;16,9;16,5;15,7;71829;53971;41834;27294;11230;2521;2424;514;139;131;69;70;27;29;22;13;3;3;1;1;0;0;0;0;0;0;0;0;0;0;0;21,5;75,6;NA;7H170013;SW V7-0 (2020-04-06)
2020-08-16 03:48:20;2020-08-16 01:48:16;E10,899568;N48,366285;H500,5;18,2;17,2;16,7;15,9;73128;54663;42538;27097;11042;2540;2438;511;110;141;89;48;46;31;23;12;2;2;4;0;0;1;0;0;0;0;0;0;0;0;0;21,5;75,8;NA;7H170013;SW V7-0 (2020-04-06)
2020-08-16 03:53:20;2020-08-16 01:53:16;E10,899437;N48,366332;H508,8;17,1;16,4;15,8;15,0;68721;51382;40130;25965;10596;2427;2314;496;117;123;90;59;29;23;32;8;5;3;3;2;0;0;0;0;0;0;0;0;0;0;0;21,5;76,0;NA;7H170013;SW V7-0 (2020-04-06)
2020-08-16 03:58:20;2020-08-16 01:58:16;E10,899507;N48,366247;H512,3;16,7;16,2;15,7;14,7;67600;50194;39248;24907;9986;2374;2368;425;106;120;70;65;29;51;25;16;4;3;2;1;0;0;0;0;0;0;0;0;0;0;0;21,5;75,8;NA;7H170013;SW V7-0 (2020-04-06)
2020-08-16 04:03:20;2020-08-16 02:03:16;E10,899505;N48,366247;H512,2;16,8;16,1;15,7;14,9;67986;50828;40247;25892;10299;2330;2275;440;114;114;95;66;32;35;21;11;4;2;3;0;1;0;0;0;0;0;0;0;0;0;0;21,5;75,6;NA;7H170013;SW V7-0 (2020-04-06)
2020-08-16 04:08:20;2020-08-16 02:08:16;E10,899470;N48,366373;H510,9;17,1;16,6;16,1;15,2;69451;51865;41227;26534;10583;2337;2335;509;105;106;88;73;26;34;27;12;5;2;3;1;0;0;0;0;0;0;0;0;0;0;0;21,1;76,6;NA;7H170013;SW V7-0 (2020-04-06)
2020-08-16 04:13:20;2020-08-16 02:13:16;E10,899508;N48,366375;H501,3;16,7;16,2;15,8;15,0;68443;51299;40408;26140;10647;2493;2320;408;92;120;82;56;39;27;24;12;3;3;2;1;0;0;0;0;0;0;0;0;0;0;0;21,1;77,1;NA;7H170013;SW V7-0 (2020-04-06)
2020-08-16 04:18:20;2020-08-16 02:18:16;E10,899337;N48,366572;H502,1;17,3;16,8;16,3;15,2;69469;52093;41232;26717;10802;2399;2396;470;114;118;79;56;50;33;34;18;3;3;2;1;0;0;0;0;0;0;0;0;0;0;0;21,1;77,3;NA;7H170013;SW V7-0 (2020-04-06)
2020-08-16 04:23:20;2020-08-16 02:23:16;E10,899397;N48,366403;H492,5;16,8;16,5;16,0;15,1;68282;51753;41111;27144;11000;2487;2302;491;128;130;91;68;30;33;25;12;5;3;3;0;0;0;0;0;0;0;0;0;0;0;0;20,9;77,5;NA;7H170013;SW V7-0 (2020-04-06)
2020-08-16 04:28:20;2020-08-16 02:28:16;E10,899665;N48,366242;H500,5;16,8;16,4;15,9;15,0;68036;51362;40806;26361;10782;2469;2345;488;99;114;75;64;36;34;25;16;3;2;2;1;0;0;0;0;0;0;0;0;0;0;0;20,9;77,3;NA;7H170013;SW V7-0 (2020-04-06)
2020-08-16 04:33:20;2020-08-16 02:33:16;E10,899598;N48,366293;H500,8;16,9;16,4;15,9;15,1;67796;51327;41258;26985;11021;2581;2444;508;120;137;79;68;25;39;23;16;5;1;2;1;0;0;0;0;0;0;0;0;0;0;0;20,9;77,3;NA;7H170013;SW V7-0 (2020-04-06)
2020-08-16 04:38:21;2020-08-16 02:38:16;E10,899510;N48,366368;H502,5;18,0;16,6;16,0;15,2;68274;52279;41340;27436;10972;2592;2466;443;111;122;91;68;34;33;23;13;3;4;3;1;0;0;1;0;0;0;0;0;0;0;0;20,9;77,7;NA;7H170013;SW V7-0 (2020-04-06)
2020-08-16 04:43:21;2020-08-16 02:43:16;E10,899507;N48,366360;H503,7;17,6;16,6;16,0;15,2;68201;51653;41669;27229;11299;2532;2459;469;119;103;82;64;34;32;30;12;4;3;4;0;0;1;0;0;0;0;0;0;0;0;0;20,7;77,9;NA;7H170013;SW V7-0 (2020-04-06)
2020-08-16 04:48:21;2020-08-16 02:48:17;E10,899487;N48,366355;H502,8;17,3;16,9;16,4;15,6;69139;53133;43210;28780;11943;2642;2734;496;123;122;74;74;22;26;33;14;4;2;3;0;0;0;0;0;0;0;0;0;0;0;0;20,5;78,7;NA;7H170013;SW V7-0 (2020-04-06)
2020-08-16 04:53:21;2020-08-16 02:53:17;E10,899460;N48,366353;H503,3;18,1;17,4;16,9;15,9;69929;54074;44183;29759;12499;2930;2764;500;114;111;72;74;43;37;34;17;2;2;3;0;1;0;0;0;0;0;0;0;0;0;0;20,5;78,9;NA;7H170013;SW V7-0 (2020-04-06)
2020-08-16 04:58:21;2020-08-16 02:58:17;E10,899447;N48,366358;H503,5;18,1;17,4;16,9;15,9;69929;54074;44183;29759;12499;2930;2764;500;114;111;72;74;43;37;34;17;2;2;3;0;1;0;0;0;0;0;0;0;0;0;0;20,5;78,9;NA;7H170013;SW V7-0 (2020-04-06)
2020-08-16 05:03:21;2020-08-16 03:03:17;E10,899348;N48,366447;H508,0;25,4;19,7;17,9;16,1;69671;54070;44627;31368;13199;3195;3061;619;174;143;82;76;44;43;58;40;8;6;10;6;3;1;0;2;0;0;1;0;0;0;0;20,7;78,5;NA;7H170013;SW V7-0 (2020-04-06)
2020-08-16 05:08:21;2020-08-16 03:08:17;E10,899507;N48,366328;H508,6;23,3;19,4;17,9;16,6;71023;55138;47153;32756;14308;3566;3375;609;151;140;78;70;30;42;43;22;7;7;9;6;1;1;1;0;1;0;0;0;1;0;0;20,4;79,5;NA;7H170013;SW V7-0 (2020-04-06)
2020-08-16 05:13:21;2020-08-16 03:13:17;E10,899523;N48,366348;H531,8;19,4;18,3;17,6;16,5;70564;55705;46783;33063;14024;3380;3370;582;124;138;88;59;26;42;38;17;6;4;4;0;0;1;0;0;0;0;0;0;0;0;0;20,4;79,5;NA;7H170013;SW V7-0 (2020-04-06)
2020-08-16 05:18:21;2020-08-16 03:18:17;E10,899665;N48,366260;H528,5;18,8;18,1;17,4;16,4;69993;54828;46369;32340;14252;3567;3312;617;139;111;81;67;41;35;30;17;5;4;4;1;0;0;0;0;0;0;0;0;0;0;0;20,5;79,3;NA;7H170013;SW V7-0 (2020-04-06)
2020-08-16 05:23:21;2020-08-16 03:23:17;E10,899353;N48,366377;H516,1;19,0;18,6;18,0;17,0;71563;57117;48737;34243;15056;3776;3612;650;132;133;93;73;33;31;31;19;3;3;4;0;0;0;0;0;0;0;0;0;0;0;0;20,5;79,1;NA;7H170013;SW V7-0 (2020-04-06)
2020-08-16 05:28:21;2020-08-16 03:28:17;E10,899565;N48,366307;H518,1;21,8;19,5;18,5;17,4;72890;57725;49568;36007;15606;3839;3818;687;158;138;74;63;23;36;40;23;5;3;3;4;1;0;1;0;0;0;0;0;0;0;0;20,4;79,7;NA;7H170013;SW V7-0 (2020-04-06)
2020-08-16 05:33:21;2020-08-16 03:33:17;E10,899518;N48,366312;H513,6;22,5;19,6;18,6;17,1;71404;56452;48652;34945;15249;3794;3761;685;171;150;93;65;32;39;53;33;7;3;6;2;0;0;1;1;0;0;0;0;0;0;0;20,2;80,1;NA;7H170013;SW V7-0 (2020-04-06)
2020-08-16 05:38:21;2020-08-16 03:38:17;E10,899697;N48,366298;H509,8;19,3;18,8;18,3;17,3;72549;57497;48987;34938;15525;3859;3888;708;141;140;86;67;28;32;35;16;3;3;2;1;0;0;0;0;0;0;0;0;0;0;0;20,4;79,7;NA;7H170013;SW V7-0 (2020-04-06)
2020-08-16 05:43:21;2020-08-16 03:43:17;E10,899517;N48,366225;H497,2;19,6;19,0;18,4;17,5;72862;58292;49954;36546;15941;4081;3956;688;144;130;72;70;31;27;27;13;4;3;4;1;0;0;0;0;0;0;0;0;0;0;0;20,2;80,5;NA;7H170013;SW V7-0 (2020-04-06)
2020-08-16 05:48:21;2020-08-16 03:48:17;E10,899510;N48,366280;H504,1;19,4;18,6;18,1;17,2;72001;57023;49104;35359;15502;3902;3846;672;129;137;84;50;25;33;26;15;4;3;1;1;1;0;0;0;0;0;0;0;0;0;0;20,0;80,9;NA;7H170013;SW V7-0 (2020-04-06)
2020-08-16 05:53:21;2020-08-16 03:53:17;E10,899550;N48,366230;H507,2;19,3;18,9;18,3;17,3;71194;57041;49590;36129;15894;3999;4008;653;132;153;69;78;35;33;40;16;5;2;4;0;0;0;0;0;0;0;0;0;0;0;0;20,0;80,5;NA;7H170013;SW V7-0 (2020-04-06)
2020-08-16 05:58:21;2020-08-16 03:58:18;E10,899515;N48,366315;H502,4;19,7;19,1;18,5;17,5;71872;57461;50025;36807;16377;4140;4074;740;123;134;77;54;39;43;33;13;6;1;4;1;0;0;0;0;0;0;0;0;0;0;0;20,0;80,9;NA;7H170013;SW V7-0 (2020-04-06)
2020-08-16 06:03:21;2020-08-16 04:03:18;E10,899477;N48,366205;H504,0;18,7;18,3;17,8;17,1;70602;56484;48966;35561;15965;4056;3884;738;147;130;64;54;33;27;24;10;3;3;2;1;0;0;0;0;0;0;0;0;0;0;0;20,0;80,9;NA;7H170013;SW V7-0 (2020-04-06)
2020-08-16 06:08:21;2020-08-16 04:08:18;E10,899407;N48,366165;H507,5;19,7;18,8;18,3;17,4;71681;57472;50260;36651;16191;4150;3980;757;156;123;85;69;31;37;23;14;3;1;4;0;0;1;0;0;0;0;0;0;0;0;0;20,0;80,5;NA;7H170013;SW V7-0 (2020-04-06)
2020-08-16 06:13:21;2020-08-16 04:13:18;E10,899483;N48,366237;H508,2;19,9;19,2;18,5;17,4;71591;56920;49893;36403;16109;4116;4063;767;164;127;81;42;42;35;42;17;5;3;3;2;0;0;0;0;0;0;0;0;0;0;0;20,0;80,7;NA;7H170013;SW V7-0 (2020-04-06)
2020-08-16 06:18:21;2020-08-16 04:18:18;E10,899450;N48,366310;H510,0;19,3;18,6;18,1;17,2;71106;56826;48792;36082;15848;4151;4049;732;146;115;72;46;24;35;30;13;4;2;3;0;1;0;0;0;0;0;0;0;0;0;0;20,0;80,3;NA;7H170013;SW V7-0 (2020-04-06)
2020-08-16 06:23:21;2020-08-16 04:23:18;E10,899320;N48,366303;H510,0;19,2;18,7;18,1;17,2;70681;56329;48891;36094;15926;4080;4031;695;137;129;76;83;22;33;29;17;3;3;3;1;0;0;0;0;0;0;0;0;0;0;0;20,2;80,1;NA;7H170013;SW V7-0 (2020-04-06)
2020-08-16 06:28:21;2020-08-16 04:28:18;E10,899367;N48,366240;H520,3;19,0;18,5;18,0;17,1;70627;56206;49127;35742;15799;4051;4031;723;172;125;68;60;34;33;30;10;4;3;2;1;0;0;0;0;0;0;0;0;0;0;0;20,2;79,7;NA;7H170013;SW V7-0 (2020-04-06)
2020-08-16 06:33:22;2020-08-16 04:33:18;E10,899307;N48,366157;H537,4;19,7;18,9;18,3;17,4;71528;57337;48728;36764;16512;4208;4210;748;177;122;73;70;25;32;28;13;3;4;4;0;1;0;0;0;0;0;0;0;0;0;0;20,2;79,5;NA;7H170013;SW V7-0 (2020-04-06)
2020-08-16 06:38:22;2020-08-16 04:38:18;E10,899495;N48,366143;H538,7;21,4;19,9;19,0;17,9;72133;58287;50829;37865;17195;4584;4636;894;152;141;60;72;28;38;32;22;7;4;5;2;0;1;0;0;0;0;0;0;0;0;0;20,0;80,1;NA;7H170013;SW V7-0 (2020-04-06)
2020-08-16 06:43:22;2020-08-16 04:43:18;E10,899498;N48,366143;H539,4;21,7;19,8;19,1;17,9;72426;58242;50901;38036;17395;4647;4700;769;168;126;68;76;34;39;41;17;5;2;4;1;1;0;0;1;0;0;0;0;0;0;0;20,0;80,5;NA;7H170013;SW V7-0 (2020-04-06)
2020-08-16 06:48:22;2020-08-16 04:48:18;E10,899507;N48,366157;H541,8;19,9;19,2;18,7;17,9;72272;57588;50604;37738;17577;4678;4717;830;168;152;77;68;33;28;20;9;4;4;3;0;1;0;0;0;0;0;0;0;0;0;0;19,8;81,2;NA;7H170013;SW V7-0 (2020-04-06)
2020-08-16 06:53:22;2020-08-16 04:53:18;E10,899555;N48,366187;H531,8;20,3;19,7;19,1;18,2;73199;58336;51140;38392;17561;4702;4923;856;176;135;92;69;36;31;30;12;5;3;4;1;0;0;0;0;0;0;0;0;0;0;0;19,6;81,8;NA;7H170013;SW V7-0 (2020-04-06)
2020-08-16 06:58:22;2020-08-16 04:58:18;E10,899518;N48,366272;H521,9;20,3;19,8;19,3;18,4;73995;59177;51725;39203;18020;4832;5081;884;138;141;84;65;25;31;28;15;3;3;2;1;0;0;0;0;0;0;0;0;0;0;0;19,6;82,0;NA;7H170013;SW V7-0 (2020-04-06)
2020-08-16 07:03:22;2020-08-16 05:03:18;E10,899607;N48,366298;H533,6;20,9;19,8;19,1;18,2;73545;58571;50709;38278;17507;4714;4800;822;170;143;87;70;39;45;26;14;5;3;3;1;0;1;0;0;0;0;0;0;0;0;0;19,4;83,0;NA;7H170013;SW V7-0 (2020-04-06)
2020-08-16 07:08:22;2020-08-16 05:08:18;E10,899557;N48,366242;H532,2;20,3;19,4;18,8;17,8;72171;57232;50400;37408;17063;4495;4523;832;146;136;80;88;28;35;33;17;4;4;2;1;1;0;0;0;0;0;0;0;0;0;0;19,6;82,2;NA;7H170013;SW V7-0 (2020-04-06)
2020-08-16 07:13:22;2020-08-16 05:13:19;E10,899507;N48,366220;H528,8;20,3;19,8;19,2;18,2;73630;59362;51343;38547;17456;4515;4775;896;162;130;79;76;29;41;30;14;4;2;6;0;0;0;0;0;0;0;0;0;0;0;0;19,8;81,4;NA;7H170013;SW V7-0 (2020-04-06)
2020-08-16 07:18:22;2020-08-16 05:18:19;E10,899672;N48,366153;H535,8;20,1;19,6;19,1;18,2;73572;58286;51357;38844;17717;4663;4842;871;152;132;68;73;26;34;28;15;3;3;2;1;0;0;0;0;0;0;0;0;0;0;0;19,6;81,6;NA;7H170013;SW V7-0 (2020-04-06)
2020-08-16 07:23:22;2020-08-16 05:23:19;E10,899668;N48,366187;H531,1;20,3;19,7;19,1;18,2;73373;58242;50944;38498;17985;4732;4830;899;159;119;87;77;26;40;23;17;3;2;4;1;0;0;0;0;0;0;0;0;0;0;0;19,8;81,2;NA;7H170013;SW V7-0 (2020-04-06)
2020-08-16 07:28:22;2020-08-16 05:28:19;E10,899485;N48,366242;H523,3;21,2;20,3;19,6;18,6;73625;59011;52530;40177;18737;5034;5244;937;162;161;77;64;42;33;34;15;6;3;3;1;1;0;0;0;0;0;0;0;0;0;0;19,8;81,4;NA;7H170013;SW V7-0 (2020-04-06)
2020-08-16 07:33:22;2020-08-16 05:33:19;E10,899485;N48,366247;H523,3;21,4;20,2;19,4;18,4;72944;58761;51258;39425;18414;4984;5255;969;178;165;87;68;41;37;35;14;5;4;4;1;0;1;0;0;0;0;0;0;0;0;0;19,8;81,2;NA;7H170013;SW V7-0 (2020-04-06)
2020-08-16 07:38:22;2020-08-16 05:38:19;E10,899490;N48,366268;H521,1;21,5;19,9;19,3;18,5;73001;58546;51667;39885;18745;5155;5330;995;178;155;89;69;28;37;23;11;6;2;3;2;0;0;1;0;0;0;0;0;0;0;0;19,8;81,4;NA;7H170013;SW V7-0 (2020-04-06)
2020-08-16 07:43:22;2020-08-16 05:43:19;E10,899470;N48,366297;H518,4;21,1;20,2;19,6;18,6;73753;58539;51451;39577;18482;5126;5358;1015;180;154;107;78;45;47;22;15;5;3;3;0;0;1;0;0;0;0;0;0;0;0;0;20,0;81,4;NA;7H170013;SW V7-0 (2020-04-06)
2020-08-16 07:48:22;2020-08-16 05:48:19;E10,899462;N48,366308;H517,9;20,7;20,1;19,4;18,3;72624;57683;51132;39192;18289;4993;5156;1001;188;145;73;87;45;36;41;17;4;4;3;1;0;0;0;0;0;0;0;0;0;0;0;20,0;81,2;NA;7H170013;SW V7-0 (2020-04-06)
2020-08-16 07:53:22;2020-08-16 05:53:19;E10,899467;N48,366317;H516,9;20,7;20,1;19,4;18,2;72191;57568;50278;38413;18236;4884;5230;960;186;169;95;95;39;52;33;20;6;4;3;1;0;0;0;0;0;0;0;0;0;0;0;20,0;80,7;NA;7H170013;SW V7-0 (2020-04-06)
2020-08-16 07:58:22;2020-08-16 05:58:19;E10,899475;N48,366318;H517,3;20,6;19,9;19,2;18,1;72510;57519;49752;37696;17747;4905;5009;993;203;152;96;65;31;37;36;19;4;4;5;1;0;0;0;0;0;0;0;0;0;0;0;20,2;80,5;NA;7H170013;SW V7-0 (2020-04-06)
2020-08-16 08:03:22;2020-08-16 06:03:19;E10,899533;N48,366390;H527,7;20,4;19,5;18,8;17,7;71684;55970;48438;36448;16928;4555;4932;922;200;147;95;72;39;44;30;17;6;5;2;1;1;0;0;0;0;0;0;0;0;0;0;20,2;80,3;NA;7H170013;SW V7-0 (2020-04-06)
2020-08-16 08:08:22;2020-08-16 06:08:19;E10,899572;N48,366338;H523,4;20,1;19,7;19,0;17,9;72394;56891;48743;37155;17137;4740;4935;1007;184;151;69;84;29;33;42;19;6;2;4;0;0;0;0;0;0;0;0;0;0;0;0;20,4;79,7;NA;7H170013;SW V7-0 (2020-04-06)
2020-08-16 08:13:22;2020-08-16 06:13:19;E10,899535;N48,366357;H523,2;24,0;22,0;20,6;18,9;76030;58870;50315;38246;18002;4909;5462;1123;255;228;125;101;60;66;41;30;13;5;9;3;0;1;0;0;0;0;0;0;0;0;0;20,4;79,3;NA;7H170013;SW V7-0 (2020-04-06)
2020-08-16 08:18:22;2020-08-16 06:18:19;E10,899512;N48,366367;H522,4;20,6;19,8;19,2;18,2;73900;57869;49287;36815;17354;4783;4990;1022;208;164;101;65;34;37;31;15;4;5;3;0;1;0;0;0;0;0;0;0;0;0;0;20,5;78,9;NA;7H170013;SW V7-0 (2020-04-06)
2020-08-16 08:23:22;2020-08-16 06:23:20;E10,899613;N48,366148;H509,9;19,7;19,0;18,4;17,4;71806;55080;47004;35174;16337;4453;4642;905;172;154;79;63;32;37;27;15;5;2;3;2;0;0;0;0;0;0;0;0;0;0;0;20,5;78,5;NA;7H170013;SW V7-0 (2020-04-06)
2020-08-16 08:28:22;2020-08-16 06:28:20;E10,899452;N48,366222;H500,3;18,7;18,3;17,8;16,9;69473;53454;45539;34011;15640;4234;4534;865;176;149;97;71;40;37;20;16;5;4;2;0;0;0;0;0;0;0;0;0;0;0;0;20,7;78,3;NA;7H170013;SW V7-0 (2020-04-06)
2020-08-16 08:33:23;2020-08-16 06:33:20;E10,899537;N48,366307;H504,3;20,1;18,5;17,8;16,8;69147;53290;45593;33894;15638;4150;4316;858;159;148;80;78;31;36;33;14;6;5;4;1;0;0;1;0;0;0;0;0;0;0;0;20,7;77,7;NA;7H170013;SW V7-0 (2020-04-06)
2020-08-16 08:38:23;2020-08-16 06:38:20;E10,899497;N48,366305;H504,8;19,6;18,7;17,9;16,7;68933;52636;44753;33213;15460;4203;4493;862;160;145;91;88;43;26;41;20;7;5;4;2;0;0;0;0;0;0;0;0;0;0;0;21,1;77,3;NA;7H170013;SW V7-0 (2020-04-06)
2020-08-16 08:43:23;2020-08-16 06:43:20;E10,899515;N48,366295;H503,4;19,1;18,0;17,3;16,2;67202;50435;42692;31999;14964;3971;4292;865;197;164;85;69;39;38;30;18;8;3;4;1;1;0;0;0;0;0;0;0;0;0;0;21,1;77,3;NA;7H170013;SW V7-0 (2020-04-06)
2020-08-16 08:48:23;2020-08-16 06:48:20;E10,899487;N48,366260;H492,9;19,6;18,1;17,2;16,0;66767;49898;42623;31267;14368;3964;4131;806;164;155;87;72;30;41;38;21;6;4;6;1;0;1;0;0;1;0;0;0;0;0;0;21,3;76,8;NA;7H170013;SW V7-0 (2020-04-06)
2020-08-16 08:53:23;2020-08-16 06:53:20;E10,899408;N48,366310;H506,5;20,2;18,6;17,7;16,6;69515;52774;43846;32166;14774;4079;4199;852;147;122;88;75;35;39;39;18;6;4;6;1;0;0;1;0;0;0;0;0;0;0;0;21,5;76,2;NA;7H170013;SW V7-0 (2020-04-06)
2020-08-16 08:58:23;2020-08-16 06:58:20;E10,899618;N48,366230;H528,3;19,5;18,0;17,2;16,2;68368;50864;42767;30888;14303;3864;4109;831;171;145;88;78;36;31;31;15;5;5;5;2;0;1;0;0;0;0;0;0;0;0;0;21,7;75,6;NA;7H170013;SW V7-0 (2020-04-06)
2020-08-16 09:03:23;2020-08-16 07:03:20;E10,899667;N48,366177;H532,5;18,7;17,7;16,8;15,7;66158;49384;41438;30014;13976;3662;3970;785;170;141;79;69;36;45;29;19;6;6;6;0;1;0;0;0;0;0;0;0;0;0;0;21,7;75,2;NA;7H170013;SW V7-0 (2020-04-06)
2020-08-16 09:08:23;2020-08-16 07:08:20;E10,899648;N48,366205;H531,5;17,6;16,6;15,9;14,8;62373;46822;38696;28429;13044;3473;3785;706;150;127;92;69;44;45;29;16;4;6;3;3;0;0;0;0;0;0;0;0;0;0;0;21,9;75,0;NA;7H170013;SW V7-0 (2020-04-06)
2020-08-16 09:13:23;2020-08-16 07:13:20;E10,899608;N48,366272;H526,5;18,1;16,9;15,9;14,7;61478;46068;38910;28219;12836;3456;3736;765;169;137;107;82;49;30;41;19;7;4;8;1;1;0;0;0;0;0;0;0;0;0;0;21,9;74,8;NA;7H170013;SW V7-0 (2020-04-06)
2020-08-16 09:18:23;2020-08-16 07:18:20;E10,899585;N48,366225;H521,0;17,8;16,7;15,7;14,6;61906;45657;38336;27975;12659;3322;3642;691;153;150;88;80;47;29;34;21;6;4;6;3;0;0;0;0;0;0;0;0;0;0;0;22,1;74,2;NA;7H170013;SW V7-0 (2020-04-06)
2020-08-16 09:23:23;2020-08-16 07:23:20;E10,899588;N48,366225;H521,5;17,1;15,7;14,8;13,8;58789;43548;35876;25815;11560;3211;3352;683;136;163;92;67;37;44;25;18;6;4;5;2;0;1;0;0;0;0;0;0;0;0;0;22,1;74,0;NA;7H170013;SW V7-0 (2020-04-06)
2020-08-16 09:28:23;2020-08-16 07:28:20;E10,899563;N48,366242;H522,1;15,8;15,2;14,6;13,6;57583;42957;35720;25690;11609;3113;3340;687;133;130;85;63;35;35;30;18;7;4;2;1;0;0;0;0;0;0;0;0;0;0;0;22,3;73,2;NA;7H170013;SW V7-0 (2020-04-06)
2020-08-16 09:33:23;2020-08-16 07:33:20;E10,899572;N48,366248;H521,9;18,0;16,2;15,4;14,4;60087;44797;37510;27803;12602;3406;3743;828;171;140;93;82;43;51;23;16;6;4;4;2;0;0;0;1;0;0;0;0;0;0;0;22,3;73,2;NA;7H170013;SW V7-0 (2020-04-06)
2020-08-16 09:38:23;2020-08-16 07:38:21;E10,899572;N48,366248;H521,6;19,2;17,7;16,8;15,6;65117;48565;40971;30512;14385;3856;4232;892;178;150;77;59;24;41;43;16;7;4;7;0;0;0;1;0;0;0;0;0;0;0;0;22,3;73,6;NA;7H170013;SW V7-0 (2020-04-06)
2020-08-16 09:43:23;2020-08-16 07:43:21;E10,899520;N48,366278;H516,9;17,7;16,5;15,7;14,7;61117;46213;38511;28430;13372;3664;4063;850;168;132;86;68;34;41;26;13;6;5;4;2;1;0;0;0;0;0;0;0;0;0;0;22,3;73,4;NA;7H170013;SW V7-0 (2020-04-06)
2020-08-16 09:48:23;2020-08-16 07:48:21;E10,899522;N48,366283;H514,7;17,2;15,9;15,2;14,2;59113;44121;37325;27646;12774;3539;3788;729;183;150;73;65;31;36;31;16;6;4;4;1;0;1;0;0;0;0;0;0;0;0;0;22,5;73,2;NA;7H170013;SW V7-0 (2020-04-06)
2020-08-16 09:53:23;2020-08-16 07:53:21;E10,899515;N48,366297;H513,9;16,3;15,5;14,9;14,0;58279;43719;36783;26817;12493;3390;3768;763;145;138;84;52;46;41;25;11;5;3;4;2;0;0;0;0;0;0;0;0;0;0;0;22,9;72,1;NA;7H170013;SW V7-0 (2020-04-06)
2020-08-16 09:58:23;2020-08-16 07:58:21;E10,899522;N48,366305;H513,9;17,0;15,8;15,1;14,1;58719;44007;37405;27221;12830;3447;3818;789;150;131;100;56;38;39;30;16;4;2;5;0;2;0;0;0;0;0;0;0;0;0;0;23,1;71,3;NA;7H170013;SW V7-0 (2020-04-06)
2020-08-16 10:03:23;2020-08-16 08:03:21;E10,899533;N48,366312;H513,8;14,9;14,5;14,1;13,2;56622;41344;33938;24239;11009;2933;3246;678;164;124;104;86;42;41;22;10;2;4;1;1;0;0;0;0;0;0;0;0;0;0;0;23,3;70,5;NA;7H170013;SW V7-0 (2020-04-06)
2020-08-16 10:08:23;2020-08-16 08:08:21;E10,899433;N48,366357;H505,3;14,6;13,2;12,6;11,8;52670;37795;30026;20305;8688;2277;2462;548;136;139;72;50;27;28;26;16;2;2;4;1;0;0;1;0;0;1;0;1;0;0;0;23,1;69,5;NA;7H170013;SW V7-0 (2020-04-06)
2020-08-16 10:13:23;2020-08-16 08:13:21;E10,899427;N48,366393;H499,5;15,2;13,0;12,5;11,6;52595;36741;28659;19033;8260;2110;2312;493;113;146;77;76;26;30;30;14;4;3;1;2;0;1;0;1;0;0;0;0;0;0;0;23,3;68,9;NA;7H170013;SW V7-0 (2020-04-06)
2020-08-16 10:18:23;2020-08-16 08:18:21;E10,899427;N48,366373;H499,7;13,9;13,0;12,4;11,4;52139;36634;28120;18353;7953;1923;2148;486;113;118;73;74;36;32;29;19;5;3;2;1;1;0;0;0;0;0;0;0;0;1;0;23,3;68,6;NA;7H170013;SW V7-0 (2020-04-06)
2020-08-16 10:23:23;2020-08-16 08:23:21;E10,899425;N48,366367;H499,2;13,4;12,0;11,5;10,6;49708;34042;26109;16389;6701;1684;1776;407;94;104;78;47;29;38;31;10;3;3;3;1;0;0;1;0;0;0;0;0;0;0;0;23,1;67,6;NA;7H170013;SW V7-0 (2020-04-06)
2020-08-16 10:28:23;2020-08-16 08:28:21;E10,899418;N48,366343;H499,7;12,9;11,7;11,2;10,4;48973;34251;25695;15859;6446;1486;1638;396;98;117;74;41;37;41;23;8;2;3;4;1;0;1;0;0;0;0;0;0;0;0;0;23,1;67,4;NA;7H170013;SW V7-0 (2020-04-06)
2020-08-16 10:33:24;2020-08-16 08:33:21;E10,899433;N48,366332;H498,9;12,8;12,3;11,8;10,8;50386;35000;27041;17247;7002;1684;1790;411;110;109;72;63;38;39;26;14;5;3;2;1;0;0;0;0;0;0;0;0;0;0;0;23,1;68,0;NA;7H170013;SW V7-0 (2020-04-06)
2020-08-16 10:38:24;2020-08-16 08:38:21;E10,899450;N48,366300;H499,9;13,3;12,4;11,8;10,9;51534;35903;26895;16789;6993;1594;1673;420;101;112;81;57;25;35;30;15;4;2;3;1;1;0;0;0;0;0;0;0;0;0;0;23,3;68,2;NA;7H170013;SW V7-0 (2020-04-06)
2020-08-16 10:43:24;2020-08-16 08:43:21;E10,899452;N48,366300;H499,9;14,1;12,4;11,7;10,7;50355;34955;26360;16613;6663;1548;1669;366;121;106;85;61;30;40;31;21;4;2;4;0;1;0;1;0;0;0;0;0;0;0;0;23,7;65,8;NA;7H170013;SW V7-0 (2020-04-06)
2020-08-16 10:48:24;2020-08-16 08:48:22;E10,899442;N48,366300;H500,9;14,9;12,7;12,1;11,1;51435;35811;27690;17984;7407;1803;1908;486;110;108;71;63;26;33;31;14;6;4;3;1;0;1;0;1;0;0;0;0;0;0;0;23,7;66,2;NA;7H170013;SW V7-0 (2020-04-06)
2020-08-16 10:53:24;2020-08-16 08:53:22;E10,899440;N48,366307;H502,2;13,2;12,4;11,8;10,9;50590;35000;26778;17190;7153;1699;1815;402;112;121;69;65;28;37;31;13;5;2;4;0;1;0;0;0;0;0;0;0;0;0;0;24,1;65,4;NA;7H170013;SW V7-0 (2020-04-06)
2020-08-16 10:58:24;2020-08-16 08:58:22;E10,899442;N48,366310;H503,0;12,3;11,9;11,4;10,5;48703;33859;25830;16478;6983;1755;1848;462;116;132;92;71;25;28;27;18;3;2;1;1;0;0;0;0;0;0;0;0;0;0;0;24,1;64,5;NA;7H170013;SW V7-0 (2020-04-06)
2020-08-16 11:03:24;2020-08-16 09:03:22;E10,899443;N48,366310;H503,2;14,1;12,6;12,0;11,0;50818;35490;27408;17757;7488;1827;1993;460;101;116;72;64;30;37;33;15;2;3;4;1;0;0;1;0;0;0;0;0;0;0;0;24,1;65,0;NA;7H170013;SW V7-0 (2020-04-06)
2020-08-16 11:08:24;2020-08-16 09:08:22;E10,899615;N48,366297;H510,9;13,6;12,3;11,6;10,6;49297;33933;25723;16352;6697;1727;1779;426;115;100;91;67;38;38;36;14;4;3;3;2;0;1;0;0;0;0;1;0;0;1;0;24,3;64,5;NA;7H170013;SW V7-0 (2020-04-06)
2020-08-16 11:13:24;2020-08-16 09:13:22;E10,899580;N48,366300;H510,3;13,7;12,0;11,4;10,6;49631;34038;25730;16129;6754;1644;1860;395;103;102;74;55;21;38;31;9;4;3;2;1;1;0;1;0;0;0;0;0;0;0;0;24,6;63,3;NA;7H170013;SW V7-0 (2020-04-06)
2020-08-16 11:18:24;2020-08-16 09:18:22;E10,899573;N48,366297;H509,3;13,6;12,4;11,9;11,1;50802;35432;27414;17850;7570;1881;2052;446;94;122;78;79;35;28;29;13;3;2;1;2;0;1;0;0;0;0;0;0;0;0;0;24,6;63,5;NA;7H170013;SW V7-0 (2020-04-06)
2020-08-16 11:23:24;2020-08-16 09:23:22;E10,899570;N48,366292;H505,9;14,5;12,6;12,0;11,2;51775;35676;27150;17636;7590;1851;2030;474;104;120;67;60;37;27;29;14;3;2;3;1;1;0;0;1;0;0;0;0;0;0;0;24,3;64,5;NA;7H170013;SW V7-0 (2020-04-06)
2020-08-16 11:28:24;2020-08-16 09:28:22;E10,899562;N48,366308;H506,6;13,6;12,4;11,9;11,1;51270;35263;26957;17620;7451;1854;2007;494;118;110;73;55;27;38;22;12;3;3;3;0;0;0;1;0;0;0;0;0;0;0;0;24,5;64,1;NA;7H170013;SW V7-0 (2020-04-06)
2020-08-16 11:33:24;2020-08-16 09:33:22;E10,899545;N48,366305;H504,1;12,9;12,0;11,3;10,5;49262;33588;25612;16157;6528;1604;1749;395;99;95;63;52;18;33;30;16;3;3;4;1;1;0;0;0;0;0;0;0;0;0;0;24,6;62,7;NA;7H170013;SW V7-0 (2020-04-06)
2020-08-16 11:38:24;2020-08-16 09:38:22;E10,899528;N48,366308;H504,0;12,6;11,5;10,9;10,0;48371;31823;23142;14400;5666;1409;1508;372;104;104;49;62;20;21;35;18;3;2;3;1;0;1;0;0;0;0;0;0;0;0;0;24,8;61,9;NA;7H170013;SW V7-0 (2020-04-06)
2020-08-16 11:43:24;2020-08-16 09:43:22;E10,899498;N48,366318;H503,7;13,2;11,3;10,6;9,7;46783;31078;23226;13857;5516;1283;1346;326;88;93;70;53;26;23;41;13;5;3;2;2;1;0;1;0;0;0;0;0;0;0;0;25,2;60,5;NA;7H170013;SW V7-0 (2020-04-06)
2020-08-16 11:48:24;2020-08-16 09:48:22;E10,899445;N48,366347;H511,6;12,3;11,2;10,5;9,7;46906;31176;22964;13872;5533;1310;1407;330;88;105;65;60;17;33;29;11;4;3;4;1;0;1;0;0;0;0;0;0;0;0;0;25,4;60,2;NA;7H170013;SW V7-0 (2020-04-06)
2020-08-16 11:53:24;2020-08-16 09:53:22;E10,899335;N48,366415;H507,8;12,1;11,3;10,7;10,0;48253;31679;23305;14408;5766;1382;1410;350;96;96;68;52;27;25;22;16;3;2;2;1;1;0;0;0;0;0;0;0;0;0;0;25,6;60,2;NA;7H170013;SW V7-0 (2020-04-06)
2020-08-16 11:58:24;2020-08-16 09:58:22;E10,899580;N48,366290;H507,6;13,3;11,6;10,8;9,8;48001;31636;23098;13590;5228;1218;1321;337;104;90;72;44;20;35;36;21;4;4;3;2;0;0;0;1;0;0;0;0;0;0;0;25,8;59,4;NA;7H170013;SW V7-0 (2020-04-06)
2020-08-16 12:03:24;2020-08-16 10:03:23;E10,899400;N48,366392;H510,8;12,4;11,5;11,0;10,1;49197;32823;23718;13803;5446;1299;1362;324;113;109;99;47;36;24;30;16;3;1;3;1;1;0;0;0;0;0;0;0;0;0;0;26,0;58,2;NA;7H170013;SW V7-0 (2020-04-06)
2020-08-16 12:08:25;2020-08-16 10:08:23;E10,899645;N48,366208;H518,9;12,8;11,4;11,0;10,4;50561;34176;24747;14972;5791;1292;1451;319;90;116;74;55;25;23;20;8;2;2;1;2;0;0;1;0;0;0;0;0;0;0;0;26,2;57,8;NA;7H170013;SW V7-0 (2020-04-06)
2020-08-16 12:13:25;2020-08-16 10:13:23;E10,899632;N48,366207;H519,3;11,9;11,2;10,7;10,0;49579;32679;23138;13608;5121;1244;1225;320;95;111;70;49;21;26;22;10;2;3;3;0;1;0;0;0;0;0;0;0;0;0;0;26,4;57,0;NA;7H170013;SW V7-0 (2020-04-06)
2020-08-16 12:18:25;2020-08-16 10:18:23;E10,899728;N48,366187;H508,9;12,9;10,7;10,2;9,5;46962;30530;21914;12364;4739;1043;1144;308;83;101;61;52;24;27;23;10;2;2;3;2;0;1;0;1;0;0;0;0;0;0;0;26,6;55,3;NA;7H170013;SW V7-0 (2020-04-06)
2020-08-16 12:23:25;2020-08-16 10:23:23;E10,899728;N48,366282;H491,8;12,5;10,8;10,3;9,6;47411;30815;22159;12708;4783;1115;1168;328;111;105;59;57;34;24;21;9;3;2;3;1;1;0;1;0;0;0;0;0;0;0;0;27,0;54,1;NA;7H170013;SW V7-0 (2020-04-06)
2020-08-16 12:28:25;2020-08-16 10:28:23;E10,899583;N48,366362;H492,6;11,1;10,1;9,6;8,9;43663;28395;20449;11574;4601;1044;1111;286;93;114;59;49;23;29;27;11;3;2;2;1;0;1;0;0;0;0;0;0;0;0;0;26,8;54,1;NA;7H170013;SW V7-0 (2020-04-06)
