***begin of header***
date&time [local time];serial-no;type;PM10 [ug/m3];PM2.5 [ug/m3];PM1 [ug/m3];0,35 [um];0,46 [um];0,66 [um];1,0 [um];1,3 [um];1,7 [um];2,3 [um];3,0 [um];4,0 [um];5,2 [um];6,5 [um];8,0 [um];10 [um];12 [um];14 [um];16 [um];18 [um];20 [um];22 [um];25 [um];28 [um];31 [um];34 [um];37 [um];serial-OPC;T-out [°C];T-aerosol [°C];rH [%];date&time [UTC];longitude [°];latitude [°];height [m];time-resolution [s];software-version;last calibration [local time];configuration version
***end of header***
2020-08-17 00:00:06;SN19021;measure;2,69;2,22;2,11;13877,2;897,3;162,0;68,5;43,6;31,2;6,2;6,2;6,2;0,0;0,0;6,2;0,0;0,0;0,0;0,0;0,0;0,0;0,0;0,0;0,0;0,0;0,0;0,0;177340613;21,7;30,3;40,6;2020-08-16 22:00:06;E10,820040;N48,381295;525,400;300;SW V5-1 (2020-04-01);2019-06-11 14:16:04;original set-up
2020-08-17 00:05:06;SN19021;measure;2,36;1,99;1,84;11990,1;722,4;111,1;24,7;43,2;37,0;24,7;12,3;0,0;0,0;6,2;0,0;0,0;0,0;0,0;0,0;0,0;0,0;0,0;0,0;0,0;0,0;0,0;0,0;177340613;21,6;30,3;39,6;2020-08-16 22:05:06;E10,820028;N48,381288;525,800;300;SW V5-1 (2020-04-01);2019-06-11 14:16:04;original set-up
2020-08-17 00:10:06;SN19021;measure;2,23;1,72;1,53;9739,0;556,7;134,6;30,6;61,2;79,5;12,2;12,2;6,1;0,0;0,0;6,1;0,0;0,0;6,1;0,0;0,0;0,0;0,0;0,0;0,0;0,0;0,0;0,0;177340613;21,3;30,3;38,0;2020-08-16 22:10:06;E10,820010;N48,381308;529,400;300;SW V5-1 (2020-04-01);2019-06-11 14:16:04;original set-up
2020-08-17 00:15:06;SN19021;measure;2,26;1,65;1,53;9573,1;495,5;171,3;24,5;42,8;36,7;18,4;0,0;6,1;6,1;0,0;6,1;0,0;0,0;0,0;0,0;0,0;0,0;0,0;0,0;0,0;0,0;0,0;0,0;177340613;21,3;30,3;37,1;2020-08-16 22:15:06;E10,820005;N48,381310;530,300;300;SW V5-1 (2020-04-01);2019-06-11 14:16:04;original set-up
2020-08-17 00:20:06;SN19021;measure;1,99;1,73;1,63;10181,0;679,1;135,8;30,9;24,7;37,0;6,2;12,3;0,0;6,2;0,0;0,0;0,0;0,0;0,0;0,0;0,0;0,0;0,0;0,0;0,0;0,0;0,0;0,0;177340613;21,2;30,2;36,8;2020-08-16 22:20:06;E10,820007;N48,381302;529,000;300;SW V5-1 (2020-04-01);2019-06-11 14:16:04;original set-up
2020-08-17 00:25:06;SN19021;measure;2,24;1,71;1,55;9714,7;610,7;105,9;68,5;31,2;24,9;24,9;12,5;6,2;12,5;0,0;0,0;0,0;0,0;0,0;0,0;0,0;0,0;0,0;0,0;0,0;0,0;0,0;0,0;177340613;21,1;30,2;36,9;2020-08-16 22:25:06;E10,820015;N48,381302;528,600;300;SW V5-1 (2020-04-01);2019-06-11 14:16:04;original set-up
2020-08-17 00:30:06;SN19021;measure;2,07;1,83;1,69;10662,3;731,5;123,0;25,9;64,7;32,4;12,9;6,5;12,9;0,0;0,0;0,0;0,0;0,0;0,0;0,0;0,0;0,0;0,0;0,0;0,0;0,0;0,0;0,0;177340613;20,9;30,1;36,9;2020-08-16 22:30:06;E10,820030;N48,381325;532,200;300;SW V5-1 (2020-04-01);2019-06-11 14:16:04;original set-up
2020-08-17 00:35:06;SN19021;measure;1,82;1,68;1,63;10239,7;600,8;217,9;26,4;33,0;6,6;0,0;6,6;6,6;0,0;0,0;0,0;0,0;0,0;0,0;0,0;0,0;0,0;0,0;0,0;0,0;0,0;0,0;0,0;177340613;21,1;30,1;37,3;2020-08-16 22:35:06;E10,820030;N48,381318;530,000;300;SW V5-1 (2020-04-01);2019-06-11 14:16:04;original set-up
2020-08-17 00:40:06;SN19021;measure;2,03;1,57;1,50;9348,0;506,5;185,9;19,2;38,5;25,6;0,0;6,4;6,4;0,0;6,4;0,0;0,0;0,0;0,0;0,0;0,0;0,0;0,0;0,0;0,0;0,0;0,0;0,0;177340613;20,9;30,0;36,6;2020-08-16 22:40:06;E10,820033;N48,381340;533,500;300;SW V5-1 (2020-04-01);2019-06-11 14:16:04;original set-up
2020-08-17 00:45:06;SN19021;measure;1,67;1,54;1,38;8593,0;473,6;143,3;31,2;37,4;24,9;31,2;6,2;6,2;0,0;0,0;0,0;0,0;0,0;0,0;0,0;0,0;0,0;0,0;0,0;0,0;0,0;0,0;0,0;177340613;21,0;29,9;36,9;2020-08-16 22:45:06;E10,820060;N48,381320;532,000;300;SW V5-1 (2020-04-01);2019-06-11 14:16:04;original set-up
2020-08-17 00:50:06;SN19021;measure;2,03;1,49;1,44;8922,4;438,2;184,2;57,2;25,4;6,4;6,4;0,0;0,0;6,4;0,0;6,4;0,0;0,0;0,0;0,0;0,0;0,0;0,0;0,0;0,0;0,0;0,0;0,0;177340613;20,8;29,8;36,4;2020-08-16 22:50:06;E10,820058;N48,381320;531,800;300;SW V5-1 (2020-04-01);2019-06-11 14:16:04;original set-up
2020-08-17 00:55:06;SN19021;measure;1,74;1,43;1,30;8007,2;562,8;110,1;85,6;24,5;12,2;24,5;6,1;6,1;6,1;0,0;0,0;0,0;0,0;0,0;0,0;0,0;0,0;0,0;0,0;0,0;0,0;0,0;0,0;177340613;20,9;29,8;36,7;2020-08-16 22:55:06;E10,820058;N48,381317;531,600;300;SW V5-1 (2020-04-01);2019-06-11 14:16:04;original set-up
2020-08-17 01:00:06;SN19021;measure;1,77;1,44;1,32;8124,5;518,6;148,2;30,9;61,7;30,9;6,2;6,2;18,5;0,0;0,0;0,0;0,0;0,0;0,0;0,0;0,0;0,0;0,0;0,0;0,0;0,0;0,0;0,0;177340613;20,9;29,8;36,6;2020-08-16 23:00:06;E10,820053;N48,381317;529,000;300;SW V5-1 (2020-04-01);2019-06-11 14:16:04;original set-up
2020-08-17 01:05:06;SN19021;measure;2,13;1,52;1,37;8452,5;362,0;158,8;38,1;44,5;31,8;19,1;6,4;12,7;0,0;0,0;6,4;0,0;0,0;0,0;0,0;0,0;0,0;0,0;0,0;0,0;0,0;0,0;0,0;177340613;20,9;29,7;36,5;2020-08-16 23:05:06;E10,820040;N48,381307;528,800;300;SW V5-1 (2020-04-01);2019-06-11 14:16:04;original set-up
2020-08-17 01:10:06;SN19021;measure;1,77;1,49;1,35;8245,3;495,1;99,0;59,4;52,8;26,4;19,8;6,6;6,6;0,0;0,0;0,0;0,0;6,6;0,0;0,0;0,0;0,0;0,0;0,0;0,0;0,0;0,0;0,0;177340613;21,0;29,7;36,5;2020-08-16 23:10:06;E10,820038;N48,381305;528,800;300;SW V5-1 (2020-04-01);2019-06-11 14:16:04;original set-up
2020-08-17 01:15:06;SN19021;measure;1,45;1,40;1,28;7849,2;476,3;88,9;12,7;50,8;19,1;25,4;6,4;0,0;0,0;0,0;0,0;0,0;0,0;0,0;0,0;0,0;0,0;0,0;0,0;0,0;0,0;0,0;0,0;177340613;21,1;29,6;36,7;2020-08-16 23:15:06;E10,820028;N48,381300;529,700;300;SW V5-1 (2020-04-01);2019-06-11 14:16:04;original set-up
2020-08-17 01:20:06;SN19021;measure;1,78;1,53;1,42;8747,6;534,8;138,6;59,4;46,2;19,8;6,6;6,6;13,2;0,0;0,0;0,0;0,0;0,0;0,0;0,0;0,0;0,0;0,0;0,0;0,0;0,0;0,0;0,0;177340613;20,9;29,6;36,8;2020-08-16 23:20:06;E10,820032;N48,381302;530,100;300;SW V5-1 (2020-04-01);2019-06-11 14:16:04;original set-up
2020-08-17 01:25:06;SN19021;measure;2,33;1,65;1,43;8943,0;523,0;150,4;32,7;26,1;13,1;45,8;13,1;26,1;6,5;0,0;0,0;0,0;0,0;0,0;0,0;0,0;0,0;0,0;0,0;0,0;0,0;0,0;0,0;177340613;20,8;29,6;37,0;2020-08-16 23:25:06;E10,820033;N48,381303;530,400;300;SW V5-1 (2020-04-01);2019-06-11 14:16:04;original set-up
2020-08-17 01:30:06;SN19021;measure;1,85;1,57;1,42;8910,3;437,8;121,2;80,8;40,4;26,9;26,9;0,0;6,7;6,7;0,0;0,0;0,0;0,0;0,0;0,0;0,0;0,0;0,0;0,0;0,0;0,0;0,0;0,0;177340613;20,6;29,6;37,3;2020-08-16 23:30:06;E10,820043;N48,381313;531,300;300;SW V5-1 (2020-04-01);2019-06-11 14:16:04;original set-up
2020-08-17 01:35:06;SN19021;measure;2,37;1,58;1,39;8792,6;549,1;104,6;32,7;32,7;45,8;32,7;0,0;19,6;6,5;6,5;0,0;0,0;0,0;0,0;0,0;0,0;0,0;0,0;0,0;0,0;0,0;0,0;0,0;177340613;20,6;29,5;37,5;2020-08-16 23:35:06;E10,820053;N48,381318;530,400;300;SW V5-1 (2020-04-01);2019-06-11 14:16:04;original set-up
2020-08-17 01:40:06;SN19021;measure;1,92;1,41;1,31;8291,2;500,1;111,1;37,0;49,4;12,3;18,5;6,2;0,0;6,2;6,2;0,0;0,0;0,0;0,0;0,0;0,0;0,0;0,0;0,0;0,0;0,0;0,0;0,0;177340613;20,6;29,5;37,8;2020-08-16 23:40:06;E10,820067;N48,381327;531,600;300;SW V5-1 (2020-04-01);2019-06-11 14:16:04;original set-up
2020-08-17 01:45:06;SN19021;measure;1,81;1,44;1,33;8460,4;568,9;97,9;42,8;24,5;36,7;6,1;12,2;0,0;0,0;6,1;0,0;0,0;0,0;0,0;0,0;0,0;0,0;0,0;0,0;0,0;0,0;0,0;0,0;177340613;20,5;29,4;37,9;2020-08-16 23:45:06;E10,820063;N48,381325;531,300;300;SW V5-1 (2020-04-01);2019-06-11 14:16:04;original set-up
2020-08-17 01:50:06;SN19021;measure;1,58;1,58;1,43;9096,2;585,0;157,3;31,5;62,9;37,7;31,5;0,0;0,0;0,0;0,0;0,0;0,0;0,0;0,0;0,0;0,0;0,0;0,0;0,0;0,0;0,0;0,0;0,0;177340613;20,4;29,4;38,1;2020-08-16 23:50:06;E10,820060;N48,381322;529,400;300;SW V5-1 (2020-04-01);2019-06-11 14:16:04;original set-up
2020-08-17 01:55:06;SN19021;measure;2,00;1,61;1,51;9744,1;559,9;138,4;12,6;37,7;31,5;12,6;6,3;0,0;0,0;0,0;6,3;0,0;0,0;0,0;0,0;0,0;0,0;0,0;0,0;0,0;0,0;0,0;0,0;177340613;20,4;29,3;38,3;2020-08-16 23:55:06;E10,820065;N48,381318;529,400;300;SW V5-1 (2020-04-01);2019-06-11 14:16:04;original set-up
2020-08-17 02:00:06;SN19021;measure;2,16;1,56;1,45;9223,5;672,9;92,6;49,4;24,7;30,9;12,3;12,3;0,0;6,2;0,0;6,2;0,0;0,0;0,0;0,0;0,0;0,0;0,0;0,0;0,0;0,0;0,0;0,0;177340613;20,4;29,3;38,5;2020-08-17 00:00:06;E10,820068;N48,381315;528,900;300;SW V5-1 (2020-04-01);2019-06-11 14:16:04;original set-up
2020-08-17 02:05:06;SN19021;measure;2,47;1,56;1,43;9053,8;666,8;183,5;61,2;48,9;36,7;18,4;6,1;0,0;0,0;0,0;6,1;6,1;0,0;0,0;0,0;0,0;0,0;0,0;0,0;0,0;0,0;0,0;0,0;177340613;20,4;29,2;38,6;2020-08-17 00:05:06;E10,820067;N48,381315;528,900;300;SW V5-1 (2020-04-01);2019-06-11 14:16:04;original set-up
2020-08-17 02:10:06;SN19021;measure;1,61;1,53;1,43;9142,0;666,8;124,6;24,9;24,9;18,7;12,5;12,5;0,0;0,0;0,0;0,0;0,0;0,0;0,0;0,0;0,0;0,0;0,0;0,0;0,0;0,0;0,0;0,0;177340613;20,5;29,1;38,8;2020-08-17 00:10:06;E10,820067;N48,381310;528,800;300;SW V5-1 (2020-04-01);2019-06-11 14:16:04;original set-up
2020-08-17 02:15:06;SN19021;measure;2,05;1,58;1,44;9234,9;542,1;99,7;49,9;43,6;18,7;24,9;6,2;6,2;12,5;0,0;0,0;0,0;0,0;0,0;0,0;0,0;0,0;0,0;0,0;0,0;0,0;0,0;0,0;177340613;20,4;29,1;38,9;2020-08-17 00:15:06;E10,820067;N48,381308;528,700;300;SW V5-1 (2020-04-01);2019-06-11 14:16:04;original set-up
2020-08-17 02:20:06;SN19021;measure;2,42;1,49;1,40;9044,2;497,1;133,4;24,2;36,4;12,1;18,2;0,0;6,1;12,1;0,0;0,0;6,1;0,0;0,0;0,0;0,0;0,0;0,0;0,0;0,0;0,0;0,0;0,0;177340613;20,4;29,1;39,0;2020-08-17 00:20:06;E10,820065;N48,381308;527,900;300;SW V5-1 (2020-04-01);2019-06-11 14:16:04;original set-up
2020-08-17 02:25:06;SN19021;measure;2,06;1,65;1,44;9458,1;642,1;185,2;0,0;43,2;49,4;30,9;24,7;6,2;6,2;0,0;0,0;0,0;0,0;0,0;0,0;0,0;0,0;0,0;0,0;0,0;0,0;0,0;0,0;177340613;19,9;29,1;39,0;2020-08-17 00:25:06;E10,820065;N48,381307;527,700;300;SW V5-1 (2020-04-01);2019-06-11 14:16:04;original set-up
2020-08-17 02:30:06;SN19021;measure;1,95;1,61;1,45;9759,0;585,8;93,5;74,8;49,9;12,5;24,9;12,5;18,7;0,0;0,0;0,0;0,0;0,0;0,0;0,0;0,0;0,0;0,0;0,0;0,0;0,0;0,0;0,0;177340613;19,6;29,1;39,3;2020-08-17 00:30:06;E10,820087;N48,381320;524,200;300;SW V5-1 (2020-04-01);2019-06-11 14:16:04;original set-up
2020-08-17 02:35:06;SN19021;measure;1,68;1,56;1,44;9655,6;568,0;166,7;30,9;61,7;24,7;18,5;6,2;6,2;0,0;0,0;0,0;0,0;0,0;0,0;0,0;0,0;0,0;0,0;0,0;0,0;0,0;0,0;0,0;177340613;19,7;29,0;39,7;2020-08-17 00:35:06;E10,820080;N48,381305;525,300;300;SW V5-1 (2020-04-01);2019-06-11 14:16:04;original set-up
2020-08-17 02:40:06;SN19021;measure;1,83;1,63;1,47;9818,5;660,7;128,5;55,1;67,3;36,7;18,4;18,4;6,1;0,0;0,0;0,0;0,0;0,0;0,0;0,0;0,0;0,0;0,0;0,0;0,0;0,0;0,0;0,0;177340613;19,5;28,8;39,6;2020-08-17 00:40:06;E10,820077;N48,381308;526,800;300;SW V5-1 (2020-04-01);2019-06-11 14:16:04;original set-up
2020-08-17 02:45:06;SN19021;measure;1,91;1,58;1,48;9910,2;636,2;165,2;85,6;36,7;36,7;12,2;0,0;0,0;0,0;0,0;6,1;0,0;0,0;0,0;0,0;0,0;0,0;0,0;0,0;0,0;0,0;0,0;0,0;177340613;19,4;28,7;39,8;2020-08-17 00:45:06;E10,820097;N48,381295;527,900;300;SW V5-1 (2020-04-01);2019-06-11 14:16:04;original set-up
2020-08-17 02:50:06;SN19021;measure;1,89;1,64;1,51;10292,2;617,4;160,5;67,9;24,7;61,7;12,3;0,0;6,2;6,2;0,0;0,0;0,0;0,0;0,0;0,0;0,0;0,0;0,0;0,0;0,0;0,0;0,0;0,0;177340613;19,2;28,5;40,1;2020-08-17 00:50:06;E10,820087;N48,381305;528,200;300;SW V5-1 (2020-04-01);2019-06-11 14:16:04;original set-up
2020-08-17 02:55:06;SN19021;measure;2,01;1,63;1,53;10503,7;527,1;165,1;31,8;44,5;25,4;19,1;6,4;0,0;0,0;0,0;6,4;0,0;0,0;0,0;0,0;0,0;0,0;0,0;0,0;0,0;0,0;0,0;0,0;177340613;19,1;28,4;40,4;2020-08-17 00:55:06;E10,820075;N48,381293;527,100;300;SW V5-1 (2020-04-01);2019-06-11 14:16:04;original set-up
2020-08-17 03:00:06;SN19021;measure;2,01;1,69;1,54;10587,0;666,8;119,5;44,0;62,9;31,5;18,9;12,6;6,3;6,3;0,0;0,0;0,0;0,0;0,0;0,0;0,0;0,0;0,0;0,0;0,0;0,0;0,0;0,0;177340613;19,1;28,3;40,6;2020-08-17 01:00:06;E10,820073;N48,381297;527,200;300;SW V5-1 (2020-04-01);2019-06-11 14:16:04;original set-up
2020-08-17 03:05:06;SN19021;measure;1,92;1,68;1,53;10514,4;605,1;172,9;67,9;55,6;18,5;37,0;0,0;6,2;6,2;0,0;0,0;0,0;0,0;0,0;0,0;0,0;0,0;0,0;0,0;0,0;0,0;0,0;0,0;177340613;18,9;28,1;40,8;2020-08-17 01:05:06;E10,820073;N48,381303;526,400;300;SW V5-1 (2020-04-01);2019-06-11 14:16:04;original set-up
2020-08-17 03:10:06;SN19021;measure;1,92;1,68;1,49;10351,0;641,9;193,2;62,3;81,0;24,9;31,2;24,9;6,2;0,0;0,0;0,0;0,0;0,0;0,0;0,0;0,0;0,0;0,0;0,0;0,0;0,0;0,0;0,0;177340613;18,7;28,0;41,1;2020-08-17 01:10:06;E10,820083;N48,381297;526,000;300;SW V5-1 (2020-04-01);2019-06-11 14:16:04;original set-up
2020-08-17 03:15:06;SN19021;measure;1,73;1,52;1,43;9995,8;685,3;142,0;67,9;18,5;30,9;6,2;6,2;12,3;0,0;0,0;0,0;0,0;0,0;0,0;0,0;0,0;0,0;0,0;0,0;0,0;0,0;0,0;0,0;177340613;18,6;27,9;41,4;2020-08-17 01:15:06;E10,820085;N48,381298;525,900;300;SW V5-1 (2020-04-01);2019-06-11 14:16:04;original set-up
2020-08-17 03:20:06;SN19021;measure;1,89;1,60;1,48;10567,2;654,1;247,7;50,8;31,8;31,8;12,7;6,4;19,1;0,0;0,0;0,0;0,0;0,0;0,0;0,0;0,0;0,0;0,0;0,0;0,0;0,0;0,0;0,0;177340613;18,4;27,7;41,7;2020-08-17 01:20:06;E10,820082;N48,381300;525,800;300;SW V5-1 (2020-04-01);2019-06-11 14:16:04;original set-up
2020-08-17 03:25:06;SN19021;measure;1,74;1,58;1,44;10397,6;773,7;157,3;94,4;75,5;44,0;12,6;12,6;6,3;0,0;0,0;0,0;0,0;0,0;0,0;0,0;0,0;0,0;0,0;0,0;0,0;0,0;0,0;0,0;177340613;18,1;27,6;42,0;2020-08-17 01:25:06;E10,820058;N48,381298;525,600;300;SW V5-1 (2020-04-01);2019-06-11 14:16:04;original set-up
2020-08-17 03:30:06;SN19021;measure;2,22;1,62;1,47;10632,4;715,3;200,0;60,6;60,6;48,5;6,1;24,2;12,1;0,0;0,0;6,1;0,0;0,0;0,0;0,0;0,0;0,0;0,0;0,0;0,0;0,0;0,0;0,0;177340613;18,2;27,5;42,5;2020-08-17 01:30:06;E10,820055;N48,381340;530,600;300;SW V5-1 (2020-04-01);2019-06-11 14:16:04;original set-up
2020-08-17 03:35:06;SN19021;measure;1,79;1,75;1,65;11874,2;839,9;153,9;57,7;64,1;19,2;19,2;6,4;0,0;0,0;0,0;0,0;0,0;0,0;0,0;0,0;0,0;0,0;0,0;0,0;0,0;0,0;0,0;0,0;177340613;18,4;27,3;43,3;2020-08-17 01:35:06;E10,820067;N48,381358;531,000;300;SW V5-1 (2020-04-01);2019-06-11 14:16:04;original set-up
2020-08-17 03:40:06;SN19021;measure;1,93;1,72;1,58;11253,0;851,0;241,3;101,6;50,8;31,8;19,1;6,4;12,7;0,0;0,0;0,0;0,0;0,0;0,0;0,0;0,0;0,0;0,0;0,0;0,0;0,0;0,0;0,0;177340613;18,5;27,2;43,6;2020-08-17 01:40:06;E10,820063;N48,381362;532,500;300;SW V5-1 (2020-04-01);2019-06-11 14:16:04;original set-up
2020-08-17 03:45:06;SN19021;measure;1,99;1,70;1,57;11039,9;679,4;213,9;88,1;88,1;37,7;0,0;18,9;12,6;0,0;0,0;0,0;0,0;0,0;0,0;0,0;0,0;0,0;0,0;0,0;0,0;0,0;0,0;0,0;177340613;18,7;27,1;43,8;2020-08-17 01:45:06;E10,820037;N48,381345;531,300;300;SW V5-1 (2020-04-01);2019-06-11 14:16:04;original set-up
2020-08-17 03:50:06;SN19021;measure;1,84;1,72;1,59;11232,3;660,3;224,4;102,6;89,8;25,6;12,8;6,4;6,4;0,0;0,0;0,0;0,0;0,0;0,0;0,0;0,0;0,0;0,0;0,0;0,0;0,0;0,0;0,0;177340613;18,7;27,1;43,8;2020-08-17 01:50:06;E10,820042;N48,381342;530,700;300;SW V5-1 (2020-04-01);2019-06-11 14:16:04;original set-up
2020-08-17 03:55:06;SN19021;measure;1,87;1,79;1,61;11342,1;731,5;213,6;45,3;90,6;32,4;38,8;12,9;0,0;0,0;0,0;0,0;0,0;0,0;0,0;0,0;0,0;0,0;0,0;0,0;0,0;0,0;0,0;0,0;177340613;18,8;27,2;43,7;2020-08-17 01:55:06;E10,820045;N48,381338;530,300;300;SW V5-1 (2020-04-01);2019-06-11 14:16:04;original set-up
2020-08-17 04:00:06;SN19021;measure;1,96;1,68;1,49;10483,9;743,0;190,5;95,3;44,5;63,5;25,4;6,4;6,4;6,4;0,0;0,0;0,0;0,0;0,0;0,0;0,0;0,0;0,0;0,0;0,0;0,0;0,0;0,0;177340613;18,7;27,2;43,5;2020-08-17 02:00:06;E10,820042;N48,381327;528,600;300;SW V5-1 (2020-04-01);2019-06-11 14:16:04;original set-up
2020-08-17 04:05:06;SN19021;measure;2,11;1,71;1,51;10700,9;718,1;173,1;51,3;64,1;70,5;25,6;12,8;12,8;6,4;0,0;0,0;0,0;0,0;0,0;0,0;0,0;0,0;0,0;0,0;0,0;0,0;0,0;0,0;177340613;18,6;27,2;43,5;2020-08-17 02:05:06;E10,820045;N48,381327;528,000;300;SW V5-1 (2020-04-01);2019-06-11 14:16:04;original set-up
2020-08-17 04:10:06;SN19021;measure;1,78;1,55;1,41;10038,4;796,4;191,4;43,2;80,3;30,9;30,9;0,0;6,2;6,2;0,0;0,0;0,0;0,0;0,0;0,0;0,0;0,0;0,0;0,0;0,0;0,0;0,0;0,0;177340613;18,5;27,2;43,5;2020-08-17 02:10:06;E10,820048;N48,381330;527,600;300;SW V5-1 (2020-04-01);2019-06-11 14:16:04;original set-up
2020-08-17 04:15:06;SN19021;measure;1,68;1,48;1,31;9408,6;605,6;238,6;73,4;104,0;42,8;24,5;6,1;12,2;0,0;0,0;0,0;0,0;0,0;0,0;0,0;0,0;0,0;0,0;0,0;0,0;0,0;0,0;0,0;177340613;18,5;27,2;43,7;2020-08-17 02:15:06;E10,820052;N48,381333;525,800;300;SW V5-1 (2020-04-01);2019-06-11 14:16:04;original set-up
2020-08-17 04:20:06;SN19021;measure;NA;NA;NA;NA;NA;NA;NA;NA;NA;NA;NA;NA;NA;NA;NA;NA;NA;NA;NA;NA;NA;NA;NA;NA;NA;NA;NA;177340613;18,3;130,0;100,0;2020-08-17 02:20:06;E10,820063;N48,381350;527,500;300;SW V5-1 (2020-04-01);2019-06-11 14:16:04;original set-up
2020-08-17 04:25:06;SN19021;measure;1,86;1,64;1,41;10364,0;755,7;209,6;69,9;69,9;82,6;38,1;12,7;0,0;6,4;0,0;0,0;0,0;0,0;0,0;0,0;0,0;0,0;0,0;0,0;0,0;0,0;0,0;0,0;177340613;18,3;27,2;43,8;2020-08-17 02:25:06;E10,820077;N48,381337;527,600;300;SW V5-1 (2020-04-01);2019-06-11 14:16:04;original set-up
2020-08-17 04:30:06;SN19021;measure;1,75;1,67;1,46;10910,7;758,3;163,4;52,3;85,0;52,3;45,8;13,1;0,0;0,0;0,0;0,0;0,0;0,0;0,0;0,0;0,0;0,0;0,0;0,0;0,0;0,0;0,0;0,0;177340613;18,2;27,2;44,0;2020-08-17 02:30:06;E10,820082;N48,381333;527,800;300;SW V5-1 (2020-04-01);2019-06-11 14:16:04;original set-up
2020-08-17 04:35:06;SN19021;measure;1,67;1,58;1,39;10517,0;792,2;277,3;33,0;118,8;39,6;52,8;0,0;6,6;0,0;0,0;0,0;0,0;0,0;0,0;0,0;0,0;0,0;0,0;0,0;0,0;0,0;0,0;0,0;177340613;18,0;27,1;44,2;2020-08-17 02:35:06;E10,820095;N48,381327;528,900;300;SW V5-1 (2020-04-01);2019-06-11 14:16:04;original set-up
2020-08-17 04:40:06;SN19021;measure;2,01;1,53;1,40;10668,1;787,4;171,5;95,3;101,6;38,1;19,1;6,4;0,0;6,4;0,0;6,4;0,0;0,0;0,0;0,0;0,0;0,0;0,0;0,0;0,0;0,0;0,0;0,0;177340613;18,0;27,1;44,5;2020-08-17 02:40:06;E10,820085;N48,381322;528,200;300;SW V5-1 (2020-04-01);2019-06-11 14:16:04;original set-up
2020-08-17 04:45:06;SN19021;measure;2,00;1,53;1,34;10197,0;717,1;245,3;163,6;75,5;25,2;25,2;18,9;18,9;6,3;0,0;0,0;0,0;0,0;0,0;0,0;0,0;0,0;0,0;0,0;0,0;0,0;0,0;0,0;177340613;17,9;27,0;44,8;2020-08-17 02:45:06;E10,820077;N48,381318;527,600;300;SW V5-1 (2020-04-01);2019-06-11 14:16:04;original set-up
2020-08-17 04:50:06;SN19021;measure;1,74;1,48;1,35;10527,7;807,9;250,1;25,6;70,5;51,3;19,2;6,4;6,4;6,4;0,0;0,0;0,0;0,0;0,0;0,0;0,0;0,0;0,0;0,0;0,0;0,0;0,0;0,0;177340613;17,9;26,9;45,0;2020-08-17 02:50:06;E10,820060;N48,381315;525,100;300;SW V5-1 (2020-04-01);2019-06-11 14:16:04;original set-up
2020-08-17 04:55:06;SN19021;measure;1,78;1,60;1,40;10802,2;838,3;254,0;88,9;95,3;63,5;31,8;6,4;12,7;0,0;0,0;0,0;0,0;0,0;0,0;0,0;0,0;0,0;0,0;0,0;0,0;0,0;0,0;0,0;177340613;17,9;26,8;45,2;2020-08-17 02:55:06;E10,820062;N48,381317;524,700;300;SW V5-1 (2020-04-01);2019-06-11 14:16:04;original set-up
2020-08-17 05:00:06;SN19021;measure;1,58;1,50;1,37;10841,9;839,9;179,5;57,7;76,9;25,6;32,1;0,0;6,4;0,0;0,0;0,0;0,0;0,0;0,0;0,0;0,0;0,0;0,0;0,0;0,0;0,0;0,0;0,0;177340613;17,8;26,8;45,4;2020-08-17 03:00:06;E10,820058;N48,381318;524,500;300;SW V5-1 (2020-04-01);2019-06-11 14:16:04;original set-up
2020-08-17 05:05:06;SN19021;measure;1,80;1,48;1,33;10662,3;796,3;226,6;58,3;84,2;71,2;19,4;0,0;6,5;0,0;6,5;0,0;0,0;0,0;0,0;0,0;0,0;0,0;0,0;0,0;0,0;0,0;0,0;0,0;177340613;17,7;26,7;45,7;2020-08-17 03:05:06;E10,820048;N48,381317;524,300;300;SW V5-1 (2020-04-01);2019-06-11 14:16:04;original set-up
2020-08-17 05:10:06;SN19021;measure;1,71;1,63;1,40;11203,6;851,7;237,7;92,4;85,8;66,0;52,8;13,2;0,0;0,0;0,0;0,0;0,0;0,0;0,0;0,0;0,0;0,0;0,0;0,0;0,0;0,0;0,0;0,0;177340613;17,7;26,7;45,9;2020-08-17 03:10:06;E10,820038;N48,381322;522,800;300;SW V5-1 (2020-04-01);2019-06-11 14:16:04;original set-up
2020-08-17 05:15:06;SN19021;measure;1,63;1,47;1,30;10687,3;827,0;262,9;51,3;76,9;64,1;32,1;6,4;0,0;6,4;0,0;0,0;0,0;0,0;0,0;0,0;0,0;0,0;0,0;0,0;0,0;0,0;0,0;0,0;177340613;17,5;26,6;46,0;2020-08-17 03:15:06;E10,820038;N48,381320;522,400;300;SW V5-1 (2020-04-01);2019-06-11 14:16:04;original set-up
2020-08-17 05:20:06;SN19021;measure;1,88;1,43;1,26;10232,6;797,7;280,4;68,5;81,0;74,8;24,9;0,0;18,7;0,0;6,2;0,0;0,0;0,0;0,0;0,0;0,0;0,0;0,0;0,0;0,0;0,0;0,0;0,0;177340613;17,5;26,5;46,2;2020-08-17 03:20:06;E10,820040;N48,381320;522,300;300;SW V5-1 (2020-04-01);2019-06-11 14:16:04;original set-up
2020-08-17 05:25:06;SN19021;measure;1,57;1,40;1,23;10086,9;763,8;248,5;42,4;84,9;36,4;36,4;18,2;6,1;0,0;0,0;0,0;0,0;0,0;0,0;0,0;0,0;0,0;0,0;0,0;0,0;0,0;0,0;0,0;177340613;17,5;26,5;46,3;2020-08-17 03:25:06;E10,820050;N48,381307;521,600;300;SW V5-1 (2020-04-01);2019-06-11 14:16:04;original set-up
2020-08-17 05:30:06;SN19021;measure;1,67;1,43;1,27;10598,9;735,9;213,9;81,8;69,2;37,7;25,2;18,9;12,6;0,0;0,0;0,0;0,0;0,0;0,0;0,0;0,0;0,0;0,0;0,0;0,0;0,0;0,0;0,0;177340613;17,4;26,4;46,6;2020-08-17 03:30:06;E10,820042;N48,381310;521,400;300;SW V5-1 (2020-04-01);2019-06-11 14:16:04;original set-up
2020-08-17 05:35:06;SN19021;measure;1,56;1,46;1,31;10649,7;787,5;209,6;120,7;76,2;50,8;19,1;6,4;6,4;0,0;0,0;0,0;0,0;0,0;0,0;0,0;0,0;0,0;0,0;0,0;0,0;0,0;0,0;0,0;177340613;17,4;26,3;46,7;2020-08-17 03:35:06;E10,820043;N48,381308;521,300;300;SW V5-1 (2020-04-01);2019-06-11 14:16:04;original set-up
2020-08-17 05:40:06;SN19021;measure;1,83;1,40;1,28;10783,1;819,2;209,6;69,9;63,5;50,8;19,1;6,4;0,0;6,4;0,0;6,4;0,0;0,0;0,0;0,0;0,0;0,0;0,0;0,0;0,0;0,0;0,0;0,0;177340613;17,2;26,2;46,9;2020-08-17 03:40:06;E10,820050;N48,381318;521,200;300;SW V5-1 (2020-04-01);2019-06-11 14:16:04;original set-up
2020-08-17 05:45:06;SN19021;measure;1,72;1,31;1,19;9983,1;773,7;213,9;125,8;69,2;50,3;12,6;0,0;12,6;0,0;0,0;6,3;0,0;0,0;0,0;0,0;0,0;0,0;0,0;0,0;0,0;0,0;0,0;0,0;177340613;17,2;26,1;47,1;2020-08-17 03:45:06;E10,820053;N48,381313;521,300;300;SW V5-1 (2020-04-01);2019-06-11 14:16:04;original set-up
2020-08-17 05:50:06;SN19021;measure;1,41;1,32;1,20;9988,8;660,5;245,3;113,2;56,6;37,7;12,6;18,9;0,0;0,0;0,0;0,0;0,0;0,0;0,0;0,0;0,0;0,0;0,0;0,0;0,0;0,0;0,0;0,0;177340613;17,2;26,0;47,4;2020-08-17 03:50:06;E10,820027;N48,381325;523,900;300;SW V5-1 (2020-04-01);2019-06-11 14:16:04;original set-up
2020-08-17 05:55:06;SN19021;measure;1,70;1,36;1,20;10105,6;725,1;187,7;64,7;135,9;58,3;32,4;0,0;6,5;12,9;0,0;0,0;0,0;0,0;0,0;0,0;0,0;0,0;0,0;0,0;0,0;0,0;0,0;0,0;177340613;17,2;26,0;47,7;2020-08-17 03:55:06;E10,820045;N48,381308;523,400;300;SW V5-1 (2020-04-01);2019-06-11 14:16:04;original set-up
2020-08-17 06:00:06;SN19021;measure;1,43;1,24;1,09;9347,4;673,2;173,1;51,3;57,7;51,3;32,1;12,8;0,0;6,4;0,0;0,0;0,0;0,0;0,0;0,0;0,0;0,0;0,0;0,0;0,0;0,0;0,0;0,0;177340613;17,2;25,9;48,1;2020-08-17 04:00:06;E10,820048;N48,381312;524,400;300;SW V5-1 (2020-04-01);2019-06-11 14:16:04;original set-up
2020-08-17 06:05:06;SN19021;measure;1,50;1,21;1,06;9136,4;647,6;198,8;89,8;102,6;51,3;19,2;6,4;12,8;6,4;0,0;0,0;0,0;0,0;0,0;0,0;0,0;0,0;0,0;0,0;0,0;0,0;0,0;0,0;177340613;17,2;25,8;48,3;2020-08-17 04:05:06;E10,820052;N48,381313;524,500;300;SW V5-1 (2020-04-01);2019-06-11 14:16:04;original set-up
2020-08-17 06:10:06;SN19021;measure;1,23;1,23;1,12;9582,2;698,5;235,0;120,7;57,2;12,7;31,8;0,0;0,0;0,0;0,0;0,0;0,0;0,0;0,0;0,0;0,0;0,0;0,0;0,0;0,0;0,0;0,0;0,0;177340613;17,2;25,8;48,5;2020-08-17 04:10:06;E10,820050;N48,381315;524,900;300;SW V5-1 (2020-04-01);2019-06-11 14:16:04;original set-up
2020-08-17 06:15:06;SN19021;measure;1,51;1,25;1,05;9042,3;635,6;243,0;81,0;74,8;68,5;31,2;24,9;12,5;0,0;0,0;0,0;0,0;0,0;0,0;0,0;0,0;0,0;0,0;0,0;0,0;0,0;0,0;0,0;177340613;17,2;25,8;48,5;2020-08-17 04:15:06;E10,820062;N48,381312;525,300;300;SW V5-1 (2020-04-01);2019-06-11 14:16:04;original set-up
2020-08-17 06:20:06;SN19021;measure;1,18;1,15;1,05;9211,7;802,6;179,0;117,3;105,0;24,7;12,3;6,2;0,0;0,0;0,0;0,0;0,0;0,0;0,0;0,0;0,0;0,0;0,0;0,0;0,0;0,0;0,0;0,0;177340613;17,1;25,8;48,5;2020-08-17 04:20:06;E10,820067;N48,381305;525,800;300;SW V5-1 (2020-04-01);2019-06-11 14:16:04;original set-up
2020-08-17 06:25:06;SN19021;measure;1,27;1,21;1,07;9291,6;660,6;143,3;87,2;81,0;62,3;18,7;12,5;0,0;0,0;0,0;0,0;0,0;0,0;0,0;0,0;0,0;0,0;0,0;0,0;0,0;0,0;0,0;0,0;177340613;17,1;25,8;48,5;2020-08-17 04:25:06;E10,820072;N48,381298;526,400;300;SW V5-1 (2020-04-01);2019-06-11 14:16:04;original set-up
2020-08-17 06:30:06;SN19021;measure;1,70;1,25;1,07;9322,1;686,4;222,3;52,3;78,4;39,2;39,2;26,1;6,5;13,1;0,0;0,0;0,0;0,0;0,0;0,0;0,0;0,0;0,0;0,0;0,0;0,0;0,0;0,0;177340613;17,1;25,7;48,7;2020-08-17 04:30:06;E10,820082;N48,381308;526,400;300;SW V5-1 (2020-04-01);2019-06-11 14:16:04;original set-up
2020-08-17 06:35:06;SN19021;measure;1,63;1,09;0,98;8643,2;641,6;220,2;50,3;81,8;31,5;18,9;0,0;18,9;6,3;6,3;0,0;0,0;0,0;0,0;0,0;0,0;0,0;0,0;0,0;0,0;0,0;0,0;0,0;177340613;17,1;25,7;48,9;2020-08-17 04:35:06;E10,820078;N48,381332;530,900;300;SW V5-1 (2020-04-01);2019-06-11 14:16:04;original set-up
2020-08-17 06:40:06;SN19021;measure;1,32;1,16;1,03;8969,7;763,0;224,4;64,1;96,2;44,9;19,2;6,4;12,8;0,0;0,0;0,0;0,0;0,0;0,0;0,0;0,0;0,0;0,0;0,0;0,0;0,0;0,0;0,0;177340613;17,1;25,6;49,0;2020-08-17 04:40:06;E10,820062;N48,381328;530,100;300;SW V5-1 (2020-04-01);2019-06-11 14:16:04;original set-up
2020-08-17 06:45:06;SN19021;measure;1,18;1,15;1,06;9043,1;596,9;203,2;95,3;50,8;31,8;12,7;6,4;0,0;0,0;0,0;0,0;0,0;0,0;0,0;0,0;0,0;0,0;0,0;0,0;0,0;0,0;0,0;0,0;177340613;17,3;25,7;49,1;2020-08-17 04:45:06;E10,820057;N48,381338;528,800;300;SW V5-1 (2020-04-01);2019-06-11 14:16:04;original set-up
2020-08-17 06:50:06;SN19021;measure;1,76;1,17;1,02;8599,9;704,2;274,2;56,1;93,5;56,1;24,9;12,5;0,0;6,2;0,0;0,0;6,2;0,0;0,0;0,0;0,0;0,0;0,0;0,0;0,0;0,0;0,0;0,0;177340613;17,4;25,7;49,2;2020-08-17 04:50:06;E10,820073;N48,381320;528,700;300;SW V5-1 (2020-04-01);2019-06-11 14:16:04;original set-up
2020-08-17 06:55:06;SN19021;measure;1,21;1,11;0,99;8505,8;585,7;205,6;74,8;99,7;18,7;24,9;6,2;6,2;0,0;0,0;0,0;0,0;0,0;0,0;0,0;0,0;0,0;0,0;0,0;0,0;0,0;0,0;0,0;177340613;17,4;25,8;49,2;2020-08-17 04:55:06;E10,820072;N48,381317;528,100;300;SW V5-1 (2020-04-01);2019-06-11 14:16:04;original set-up
2020-08-17 07:00:06;SN19021;measure;2,30;1,40;1,09;9108,6;582,6;291,3;77,7;77,7;84,2;51,8;38,8;38,8;12,9;0,0;0,0;0,0;0,0;0,0;0,0;0,0;0,0;0,0;0,0;0,0;0,0;0,0;0,0;177340613;17,7;25,9;49,2;2020-08-17 05:00:06;E10,820047;N48,381317;526,500;300;SW V5-1 (2020-04-01);2019-06-11 14:16:04;original set-up
2020-08-17 07:05:06;SN19021;measure;1,31;1,18;1,05;8863,4;572,4;220,2;50,3;94,4;50,3;12,6;12,6;6,3;0,0;0,0;0,0;0,0;0,0;0,0;0,0;0,0;0,0;0,0;0,0;0,0;0,0;0,0;0,0;177340613;17,8;26,0;49,0;2020-08-17 05:05:06;E10,820023;N48,381318;524,700;300;SW V5-1 (2020-04-01);2019-06-11 14:16:04;original set-up
2020-08-17 07:10:06;SN19021;measure;1,42;1,25;1,09;8739,6;543,8;187,7;38,8;84,2;71,2;25,9;6,5;0,0;6,5;0,0;0,0;0,0;0,0;0,0;0,0;0,0;0,0;0,0;0,0;0,0;0,0;0,0;0,0;177340613;18,2;26,2;48,7;2020-08-17 05:10:06;E10,820030;N48,381310;522,000;300;SW V5-1 (2020-04-01);2019-06-11 14:16:04;original set-up
2020-08-17 07:15:06;SN19021;measure;1,34;1,20;1,05;8681,2;551,4;243,6;44,9;128,2;51,3;25,6;0,0;12,8;0,0;0,0;0,0;0,0;0,0;0,0;0,0;0,0;0,0;0,0;0,0;0,0;0,0;0,0;0,0;177340613;18,1;26,4;48,5;2020-08-17 05:15:06;E10,820013;N48,381292;518,800;300;SW V5-1 (2020-04-01);2019-06-11 14:16:04;original set-up
2020-08-17 07:20:06;SN19021;measure;1,29;1,06;0,95;7763,0;489,4;146,8;61,2;48,9;48,9;6,1;18,4;0,0;6,1;0,0;0,0;0,0;0,0;0,0;0,0;0,0;0,0;0,0;0,0;0,0;0,0;0,0;0,0;177340613;18,1;26,6;47,9;2020-08-17 05:20:06;E10,820013;N48,381298;518,700;300;SW V5-1 (2020-04-01);2019-06-11 14:16:04;original set-up
2020-08-17 07:25:06;SN19021;measure;1,72;1,07;0,91;7322,2;509,5;195,0;50,3;81,8;37,7;25,2;18,9;12,6;6,3;0,0;6,3;0,0;0,0;0,0;0,0;0,0;0,0;0,0;0,0;0,0;0,0;0,0;0,0;177340613;18,2;26,7;47,4;2020-08-17 05:25:06;E10,820018;N48,381323;520,700;300;SW V5-1 (2020-04-01);2019-06-11 14:16:04;original set-up
2020-08-17 07:30:06;SN19021;measure;1,47;1,06;0,91;7385,1;566,2;207,6;56,6;18,9;50,3;25,2;12,6;18,9;6,3;0,0;0,0;0,0;0,0;0,0;0,0;0,0;0,0;0,0;0,0;0,0;0,0;0,0;0,0;177340613;18,1;26,9;47,2;2020-08-17 05:30:06;E10,820013;N48,381323;520,600;300;SW V5-1 (2020-04-01);2019-06-11 14:16:04;original set-up
2020-08-17 07:35:06;SN19021;measure;1,38;1,15;0,93;7353,7;459,2;132,1;106,9;81,8;62,9;50,3;0,0;18,9;0,0;0,0;0,0;0,0;0,0;0,0;0,0;0,0;0,0;0,0;0,0;0,0;0,0;0,0;0,0;177340613;18,3;27,0;46,9;2020-08-17 05:35:06;E10,820003;N48,381318;521,900;300;SW V5-1 (2020-04-01);2019-06-11 14:16:04;original set-up
2020-08-17 07:40:06;SN19021;measure;1,15;1,02;0,88;7032,9;478,1;125,8;56,6;62,9;37,7;37,7;0,0;0,0;6,3;0,0;0,0;0,0;0,0;0,0;0,0;0,0;0,0;0,0;0,0;0,0;0,0;0,0;0,0;177340613;18,3;27,0;46,7;2020-08-17 05:40:06;E10,820020;N48,381305;521,800;300;SW V5-1 (2020-04-01);2019-06-11 14:16:04;original set-up
2020-08-17 07:45:06;SN19021;measure;1,08;0,94;0,87;6860,3;461,6;192,3;70,5;57,7;25,6;6,4;0,0;0,0;6,4;0,0;0,0;0,0;0,0;0,0;0,0;0,0;0,0;0,0;0,0;0,0;0,0;0,0;0,0;177340613;18,4;27,1;46,5;2020-08-17 05:45:06;E10,820015;N48,381317;523,500;300;SW V5-1 (2020-04-01);2019-06-11 14:16:04;original set-up
2020-08-17 07:50:06;SN19021;measure;1,08;1,04;0,93;7238,1;455,2;173,1;76,9;76,9;12,8;25,6;6,4;0,0;0,0;0,0;0,0;0,0;0,0;0,0;0,0;0,0;0,0;0,0;0,0;0,0;0,0;0,0;0,0;177340613;18,5;27,2;46,2;2020-08-17 05:50:06;E10,820027;N48,381322;523,400;300;SW V5-1 (2020-04-01);2019-06-11 14:16:04;original set-up
2020-08-17 07:55:06;SN19021;measure;1,30;1,03;0,91;7082,3;401,4;155,4;84,2;38,8;45,3;6,5;6,5;19,4;0,0;0,0;0,0;0,0;0,0;0,0;0,0;0,0;0,0;0,0;0,0;0,0;0,0;0,0;0,0;177340613;18,6;27,3;46,0;2020-08-17 05:55:06;E10,820028;N48,381318;523,400;300;SW V5-1 (2020-04-01);2019-06-11 14:16:04;original set-up
2020-08-17 08:00:06;SN19021;measure;1,42;1,05;0,89;6888,0;400,1;186,7;73,3;73,3;26,7;33,3;13,3;0,0;13,3;0,0;0,0;0,0;0,0;0,0;0,0;0,0;0,0;0,0;0,0;0,0;0,0;0,0;0,0;177340613;18,7;27,4;46,0;2020-08-17 06:00:06;E10,820027;N48,381318;523,300;300;SW V5-1 (2020-04-01);2019-06-11 14:16:04;original set-up
2020-08-17 08:05:06;SN19021;measure;1,17;1,01;0,89;6958,5;409,3;132,0;33,0;52,8;19,8;33,0;0,0;13,2;0,0;0,0;0,0;0,0;0,0;0,0;0,0;0,0;0,0;0,0;0,0;0,0;0,0;0,0;0,0;177340613;18,7;27,5;45,9;2020-08-17 06:05:06;E10,820032;N48,381320;525,800;300;SW V5-1 (2020-04-01);2019-06-11 14:16:04;original set-up
2020-08-17 08:10:06;SN19021;measure;1,79;0,91;0,82;6477,1;476,3;146,1;63,5;63,5;31,8;0,0;6,4;19,1;6,4;12,7;0,0;0,0;0,0;0,0;0,0;0,0;0,0;0,0;0,0;0,0;0,0;0,0;0,0;177340613;18,5;27,6;45,7;2020-08-17 06:10:06;E10,820053;N48,381298;525,500;300;SW V5-1 (2020-04-01);2019-06-11 14:16:04;original set-up
2020-08-17 08:15:06;SN19021;measure;1,32;0,94;0,82;6819,0;390,0;163,6;31,5;44,0;31,5;18,9;6,3;18,9;6,3;0,0;0,0;0,0;0,0;0,0;0,0;0,0;0,0;0,0;0,0;0,0;0,0;0,0;0,0;177340613;18,2;27,6;45,5;2020-08-17 06:15:06;E10,820055;N48,381293;525,500;300;SW V5-1 (2020-04-01);2019-06-11 14:16:04;original set-up
2020-08-17 08:20:06;SN19021;measure;1,20;0,88;0,78;6538,3;370,4;123,5;61,7;80,3;30,9;12,3;6,2;6,2;0,0;6,2;0,0;0,0;0,0;0,0;0,0;0,0;0,0;0,0;0,0;0,0;0,0;0,0;0,0;177340613;18,1;27,6;45,5;2020-08-17 06:20:06;E10,820050;N48,381298;525,500;300;SW V5-1 (2020-04-01);2019-06-11 14:16:04;original set-up
2020-08-17 08:25:06;SN19021;measure;1,23;1,11;0,92;7437,9;433,1;171,9;48,1;82,5;68,7;41,2;6,9;6,9;0,0;0,0;0,0;0,0;0,0;0,0;0,0;0,0;0,0;0,0;0,0;0,0;0,0;0,0;0,0;177340613;18,2;27,5;45,6;2020-08-17 06:25:06;E10,820068;N48,381335;526,200;300;SW V5-1 (2020-04-01);2019-06-11 14:16:04;original set-up
2020-08-17 08:30:06;SN19021;measure;1,16;1,01;0,87;6980,9;373,4;120,0;53,3;60,0;46,7;20,0;13,3;6,7;0,0;0,0;0,0;0,0;0,0;0,0;0,0;0,0;0,0;0,0;0,0;0,0;0,0;0,0;0,0;177340613;18,4;27,4;46,0;2020-08-17 06:30:06;E10,820068;N48,381323;526,300;300;SW V5-1 (2020-04-01);2019-06-11 14:16:04;original set-up
2020-08-17 08:35:06;SN19021;measure;0,88;0,88;0,81;6285,1;455,5;165,0;72,6;39,6;39,6;6,6;0,0;0,0;0,0;0,0;0,0;0,0;0,0;0,0;0,0;0,0;0,0;0,0;0,0;0,0;0,0;0,0;0,0;177340613;18,6;27,3;46,4;2020-08-17 06:35:06;E10,820045;N48,381343;528,000;300;SW V5-1 (2020-04-01);2019-06-11 14:16:04;original set-up
2020-08-17 08:40:06;SN19021;measure;1,44;0,85;0,77;6125,8;373,9;174,5;49,9;31,2;37,4;6,2;0,0;6,2;0,0;6,2;6,2;0,0;0,0;0,0;0,0;0,0;0,0;0,0;0,0;0,0;0,0;0,0;0,0;177340613;18,8;27,4;46,8;2020-08-17 06:40:06;E10,820045;N48,381323;521,200;300;SW V5-1 (2020-04-01);2019-06-11 14:16:04;original set-up
2020-08-17 08:45:06;SN19021;measure;0,79;0,79;0,72;6045,7;457,2;139,7;50,8;38,1;25,4;12,7;0,0;0,0;0,0;0,0;0,0;0,0;0,0;0,0;0,0;0,0;0,0;0,0;0,0;0,0;0,0;0,0;0,0;177340613;18,3;27,5;46,5;2020-08-17 06:45:06;E10,820038;N48,381327;519,500;300;SW V5-1 (2020-04-01);2019-06-11 14:16:04;original set-up
2020-08-17 08:50:06;SN19021;measure;1,17;0,88;0,72;6169,5;349,0;130,9;43,6;49,9;49,9;37,4;18,7;6,2;6,2;0,0;0,0;0,0;0,0;0,0;0,0;0,0;0,0;0,0;0,0;0,0;0,0;0,0;0,0;177340613;18,1;27,6;46,2;2020-08-17 06:50:06;E10,820075;N48,381350;523,100;300;SW V5-1 (2020-04-01);2019-06-11 14:16:04;original set-up
2020-08-17 08:55:06;SN19021;measure;0,77;0,77;0,69;6287,4;373,9;124,6;56,1;68,5;24,9;18,7;0,0;0,0;0,0;0,0;0,0;0,0;0,0;0,0;0,0;0,0;0,0;0,0;0,0;0,0;0,0;0,0;0,0;177340613;17,8;27,5;46,2;2020-08-17 06:55:06;E10,820058;N48,381360;528,300;300;SW V5-1 (2020-04-01);2019-06-11 14:16:04;original set-up
