***begin of header***
date&time [local time];serial-no;type;PM10 [ug/m3];PM2.5 [ug/m3];PM1 [ug/m3];0,35 [um];0,46 [um];0,66 [um];1,0 [um];1,3 [um];1,7 [um];2,3 [um];3,0 [um];4,0 [um];5,2 [um];6,5 [um];8,0 [um];10 [um];12 [um];14 [um];16 [um];18 [um];20 [um];22 [um];25 [um];28 [um];31 [um];34 [um];37 [um];serial-OPC;T-out [°C];T-aerosol [°C];rH [%];date&time [UTC];longitude [°];latitude [°];height [m];time-resolution [s];software-version;last calibration [local time];configuration version
***end of header***
2020-08-16 00:00:06;SN19057;measure;12,19;11,60;11,28;57995,9;5654,9;699,0;125,8;127,2;69,9;29,4;11,2;8,4;4,2;0,0;2,8;0,0;0,0;0,0;0,0;0,0;0,0;0,0;0,0;0,0;0,0;0,0;0,0;177770012;21,1;31,1;40,8;2020-08-15 22:00:06;E10,907078;N48,357867;487,900;300;SW V1-11 (2020-06-17);2019-06-11 14:16:04;original set-up
2020-08-16 00:05:06;SN19057;measure;12,46;11,90;11,50;58846,8;5811,9;789,3;135,0;121,1;89,1;41,8;13,9;4,2;1,4;2,8;0,0;1,4;0,0;0,0;2,8;0,0;0,0;0,0;0,0;0,0;0,0;0,0;0,0;177770012;21,1;31,1;40,8;2020-08-15 22:05:06;E10,906923;N48,357863;493,200;300;SW V1-11 (2020-06-17);2019-06-11 14:16:04;original set-up
2020-08-16 00:10:06;SN19057;measure;13,13;12,39;11,95;60657,1;5998,3;757,9;151,9;137,4;101,2;44,8;11,6;4,3;2,9;0,0;4,3;1,4;0,0;0,0;0,0;0,0;0,0;0,0;0,0;0,0;0,0;0,0;0,0;177770012;21,2;31,1;40,9;2020-08-15 22:10:06;E10,906930;N48,357900;493,100;300;SW V1-11 (2020-06-17);2019-06-11 14:16:04;original set-up
2020-08-16 00:15:06;SN19057;measure;13,45;12,67;12,23;62230,3;6289,0;841,0;157,2;147,2;93,4;43,9;11,3;11,3;2,8;4,2;1,4;0,0;1,4;0,0;0,0;0,0;0,0;0,0;0,0;0,0;0,0;0,0;0,0;177770012;21,2;31,1;41,1;2020-08-15 22:15:06;E10,906955;N48,357895;504,200;300;SW V1-11 (2020-06-17);2019-06-11 14:16:04;original set-up
2020-08-16 00:20:06;SN19057;measure;13,53;12,65;12,21;61856,6;6336,7;863,3;124,9;144,6;73,0;57,6;11,2;12,6;9,8;1,4;1,4;0,0;1,4;0,0;0,0;0,0;0,0;0,0;0,0;0,0;0,0;0,0;0,0;177770012;21,2;31,1;41,0;2020-08-15 22:20:06;E10,906893;N48,357875;505,600;300;SW V1-11 (2020-06-17);2019-06-11 14:16:04;original set-up
2020-08-16 00:25:06;SN19057;measure;12,83;12,08;11,71;61062,3;6255,5;920,7;138,1;124,2;75,3;36,3;14,0;12,6;5,6;1,4;0,0;1,4;0,0;0,0;1,4;0,0;0,0;0,0;0,0;0,0;0,0;0,0;0,0;177770012;20,9;31,1;41,1;2020-08-15 22:25:06;E10,906905;N48,357807;522,400;300;SW V1-11 (2020-06-17);2019-06-11 14:16:04;original set-up
2020-08-16 00:30:06;SN19057;measure;12,34;11,91;11,51;60778,9;6178,4;836,7;137,8;118,3;62,6;54,3;16,7;7,0;4,2;0,0;0,0;0,0;1,4;0,0;1,4;0,0;0,0;0,0;0,0;0,0;0,0;0,0;0,0;177770012;20,8;31,1;41,2;2020-08-15 22:30:06;E10,906908;N48,357843;509,900;300;SW V1-11 (2020-06-17);2019-06-11 14:16:04;original set-up
2020-08-16 00:35:06;SN19057;measure;12,85;12,11;11,68;61695,7;6380,4;883,5;154,2;157,0;88,9;45,8;19,4;8,3;5,6;2,8;1,4;0,0;0,0;0,0;0,0;0,0;0,0;0,0;0,0;0,0;0,0;0,0;0,0;177770012;20,8;31,0;41,3;2020-08-15 22:35:06;E10,906923;N48,357950;506,300;300;SW V1-11 (2020-06-17);2019-06-11 14:16:04;original set-up
2020-08-16 00:40:06;SN19057;measure;13,30;12,61;12,23;64457,3;7229,2;961,3;166,7;137,5;83,4;32,0;18,1;5,6;2,8;1,4;4,2;0,0;0,0;0,0;0,0;0,0;0,0;0,0;0,0;0,0;0,0;0,0;0,0;177770012;20,8;30,9;41,5;2020-08-15 22:40:06;E10,906845;N48,357973;493,900;300;SW V1-11 (2020-06-17);2019-06-11 14:16:04;original set-up
2020-08-16 00:45:06;SN19057;measure;12,83;12,38;11,94;64722,8;7474,2;1011,4;126,4;126,4;107,0;47,2;22,2;11,1;0,0;1,4;0,0;0,0;0,0;0,0;0,0;0,0;0,0;0,0;0,0;0,0;0,0;0,0;0,0;177770012;20,4;30,8;41,6;2020-08-15 22:45:06;E10,906927;N48,358027;504,200;300;SW V1-11 (2020-06-17);2019-06-11 14:16:04;original set-up
2020-08-16 00:50:06;SN19057;measure;13,13;12,10;11,64;64389,3;7444,5;1009,9;137,5;138,9;88,9;58,3;16,7;19,4;6,9;2,8;2,8;0,0;1,4;0,0;1,4;0,0;0,0;0,0;0,0;0,0;0,0;0,0;0,0;177770012;20,2;30,8;41,7;2020-08-15 22:50:06;E10,906997;N48,357955;502,300;300;SW V1-11 (2020-06-17);2019-06-11 14:16:04;original set-up
2020-08-16 00:55:06;SN19057;measure;13,07;12,41;11,99;65720,1;7709,9;1041,9;144,5;159,8;76,4;54,2;18,1;6,9;5,6;4,2;0,0;0,0;0,0;0,0;0,0;0,0;0,0;0,0;0,0;0,0;0,0;0,0;0,0;177770012;20,3;30,7;41,8;2020-08-15 22:55:06;E10,907002;N48,357998;503,900;300;SW V1-11 (2020-06-17);2019-06-11 14:16:04;original set-up
2020-08-16 01:00:06;SN19057;measure;13,20;12,46;12,08;65728,6;7906,3;1064,2;158,4;148,7;73,6;45,8;11,1;5,6;5,6;2,8;1,4;1,4;0,0;0,0;1,4;0,0;0,0;0,0;0,0;0,0;0,0;0,0;0,0;177770012;20,4;30,6;42,0;2020-08-15 23:00:06;E10,907003;N48,357968;509,300;300;SW V1-11 (2020-06-17);2019-06-11 14:16:04;original set-up
2020-08-16 01:05:06;SN19057;measure;13,44;12,77;12,39;66364,9;8006,3;1047,5;168,1;136,1;77,8;43,1;9,7;12,5;1,4;4,2;1,4;0,0;0,0;0,0;0,0;0,0;0,0;0,0;0,0;0,0;0,0;0,0;0,0;177770012;20,5;30,6;42,1;2020-08-15 23:05:06;E10,906963;N48,357848;518,800;300;SW V1-11 (2020-06-17);2019-06-11 14:16:04;original set-up
2020-08-16 01:10:06;SN19057;measure;13,70;12,95;12,58;67958,4;8398,1;1173,9;155,6;108,4;77,8;40,3;22,2;4,2;2,8;4,2;2,8;0,0;0,0;1,4;0,0;0,0;0,0;0,0;0,0;0,0;0,0;0,0;0,0;177770012;20,4;30,5;42,3;2020-08-15 23:10:06;E10,906917;N48,357848;496,100;300;SW V1-11 (2020-06-17);2019-06-11 14:16:04;original set-up
2020-08-16 01:15:06;SN19057;measure;12,90;12,41;12,05;70526,7;8931,7;1177,8;150,1;135,7;70,7;50,5;13,0;7,2;0,0;2,9;0,0;1,4;0,0;0,0;0,0;0,0;0,0;0,0;0,0;0,0;0,0;0,0;0,0;177770012;19,8;30,5;42,4;2020-08-15 23:15:06;E10,906970;N48,357958;496,700;300;SW V1-11 (2020-06-17);2019-06-11 14:16:04;original set-up
2020-08-16 01:20:06;SN19057;measure;12,85;12,35;12,01;70774,2;8994,0;1230,3;169,9;123,2;97,7;35,4;11,3;5,7;1,4;1,4;1,4;1,4;0,0;0,0;0,0;0,0;0,0;0,0;0,0;0,0;0,0;0,0;0,0;177770012;19,7;30,5;42,4;2020-08-15 23:20:06;E10,906925;N48,358060;521,800;300;SW V1-11 (2020-06-17);2019-06-11 14:16:04;original set-up
2020-08-16 01:25:06;SN19057;measure;13,94;13,33;12,94;73161,0;9876,6;1381,3;182,1;142,9;86,9;39,2;22,4;8,4;4,2;2,8;0,0;0,0;1,4;0,0;1,4;0,0;0,0;0,0;0,0;0,0;0,0;0,0;0,0;177770012;19,9;30,3;42,6;2020-08-15 23:25:06;E10,906967;N48,358017;500,300;300;SW V1-11 (2020-06-17);2019-06-11 14:16:04;original set-up
2020-08-16 01:30:06;SN19057;measure;14,49;14,12;13,69;77287,9;11032,6;1522,0;178,3;160,9;105,8;55,1;4,3;8,7;1,4;2,9;0,0;0,0;0,0;0,0;0,0;0,0;0,0;0,0;0,0;0,0;0,0;0,0;0,0;177770012;19,9;30,2;42,9;2020-08-15 23:30:06;E10,907015;N48,358025;487,500;300;SW V1-11 (2020-06-17);2019-06-11 14:16:04;original set-up
2020-08-16 01:35:06;SN19057;measure;14,44;13,92;13,49;76199,0;11281,0;1628,8;248,3;147,6;79,5;55,3;18,4;7,1;4,3;0,0;0,0;1,4;0,0;0,0;0,0;0,0;0,0;0,0;0,0;0,0;0,0;0,0;0,0;177770012;19,9;30,2;43,1;2020-08-15 23:35:06;E10,906907;N48,357900;472,900;300;SW V1-11 (2020-06-17);2019-06-11 14:16:04;original set-up
2020-08-16 01:40:06;SN19057;measure;13,82;13,16;12,76;75542,1;11421,2;1781,4;226,0;137,6;89,8;42,1;21,1;15,4;7,0;1,4;0,0;0,0;0,0;1,4;0,0;0,0;0,0;0,0;0,0;0,0;0,0;0,0;0,0;177770012;19,6;30,1;43,3;2020-08-15 23:40:06;E10,906913;N48,357998;467,000;300;SW V1-11 (2020-06-17);2019-06-11 14:16:04;original set-up
2020-08-16 01:45:06;SN19057;measure;15,05;14,23;13,81;80099,6;12659,9;1862,8;260,9;166,7;95,7;40,6;21,7;8,7;4,3;4,3;2,9;0,0;0,0;0,0;0,0;0,0;0,0;0,0;0,0;0,0;0,0;0,0;0,0;177770012;19,7;30,0;43,5;2020-08-15 23:45:06;E10,907010;N48,357955;479,900;300;SW V1-11 (2020-06-17);2019-06-11 14:16:04;original set-up
2020-08-16 01:50:06;SN19057;measure;14,38;13,87;13,50;79592,9;13257,4;1906,9;234,1;166,0;92,2;35,5;11,4;12,8;0,0;2,8;1,4;0,0;0,0;0,0;0,0;1,4;0,0;0,0;0,0;0,0;0,0;0,0;0,0;177770012;19,6;30,0;43,6;2020-08-15 23:50:06;E10,906972;N48,357958;476,900;300;SW V1-11 (2020-06-17);2019-06-11 14:16:04;original set-up
2020-08-16 01:55:06;SN19057;measure;15,97;15,29;14,84;82881,6;13800,0;2047,1;281,6;167,8;89,0;48,1;16,0;7,3;4,4;1,5;1,5;1,5;0,0;0,0;0,0;0,0;0,0;0,0;0,0;0,0;0,0;0,0;0,0;177770012;19,9;29,9;43,7;2020-08-15 23:55:06;E10,906945;N48,357952;477,700;300;SW V1-11 (2020-06-17);2019-06-11 14:16:04;original set-up
2020-08-16 02:00:06;SN19057;measure;15,44;14,53;14,09;84152,5;14351,2;2223,8;285,4;183,3;96,1;44,4;14,8;20,7;1,5;3,0;3,0;1,5;0,0;0,0;0,0;0,0;0,0;0,0;0,0;0,0;0,0;0,0;0,0;177770012;19,4;29,9;43,8;2020-08-16 00:00:06;E10,906952;N48,357947;480,600;300;SW V1-11 (2020-06-17);2019-06-11 14:16:04;original set-up
2020-08-16 02:05:06;SN19057;measure;15,72;14,68;14,22;84574,6;14128,8;2107,7;265,0;199,5;95,3;47,6;22,3;17,9;6,0;6,0;1,5;0,0;3,0;0,0;0,0;0,0;0,0;1,5;0,0;0,0;0,0;0,0;0,0;177770012;19,4;29,9;43,7;2020-08-16 00:05:06;E10,907012;N48,357925;488,500;300;SW V1-11 (2020-06-17);2019-06-11 14:16:04;original set-up
2020-08-16 02:10:06;SN19057;measure;15,03;14,25;13,83;80046,2;13318,8;2000,4;286,0;178,2;81,9;44,5;18,7;10,1;5,7;2,9;2,9;0,0;0,0;0,0;0,0;0,0;0,0;0,0;0,0;0,0;0,0;0,0;0,0;177770012;19,6;29,8;43,9;2020-08-16 00:10:06;E10,907037;N48,357990;488,400;300;SW V1-11 (2020-06-17);2019-06-11 14:16:04;original set-up
2020-08-16 02:15:06;SN19057;measure;15,90;15,48;15,06;82236,3;13831,9;2100,4;270,3;168,9;77,8;48,5;7,3;10,3;0,0;0,0;2,9;0,0;0,0;0,0;0,0;0,0;0,0;0,0;0,0;0,0;0,0;0,0;0,0;177770012;20,1;29,7;44,0;2020-08-16 00:15:06;E10,906985;N48,357992;486,300;300;SW V1-11 (2020-06-17);2019-06-11 14:16:04;original set-up
2020-08-16 02:20:06;SN19057;measure;16,48;15,74;15,27;84926,6;14761,5;2209,3;294,9;200,0;80,0;51,9;22,2;7,4;7,4;0,0;1,5;1,5;0,0;0,0;1,5;0,0;0,0;0,0;0,0;0,0;0,0;0,0;0,0;177770012;19,9;29,7;44,2;2020-08-16 00:20:06;E10,906980;N48,358013;482,900;300;SW V1-11 (2020-06-17);2019-06-11 14:16:04;original set-up
2020-08-16 02:25:06;SN19057;measure;15,39;14,29;13,83;81537,5;14025,7;2106,5;276,8;167,8;103,2;58,8;14,3;8,6;5,7;2,9;7,2;1,4;0,0;0,0;0,0;0,0;0,0;0,0;0,0;0,0;0,0;0,0;0,0;177770012;19,5;29,7;44,2;2020-08-16 00:25:06;E10,906910;N48,358075;481,100;300;SW V1-11 (2020-06-17);2019-06-11 14:16:04;original set-up
2020-08-16 02:30:06;SN19057;measure;14,49;14,02;13,58;82627,5;13825,5;2072,2;293,1;158,3;87,9;60,1;19,1;7,3;2,9;2,9;0,0;0,0;0,0;0,0;1,5;0,0;0,0;0,0;0,0;0,0;0,0;0,0;0,0;177770012;19,2;29,7;44,1;2020-08-16 00:30:06;E10,906967;N48,358000;485,400;300;SW V1-11 (2020-06-17);2019-06-11 14:16:04;original set-up
2020-08-16 02:35:06;SN19057;measure;14,39;14,02;13,60;82984,0;13817,6;2170,8;254,9;197,1;109,7;50,4;8,9;5,9;4,4;1,5;0,0;0,0;1,5;0,0;0,0;1,5;0,0;0,0;0,0;0,0;0,0;0,0;0,0;177770012;19,2;29,6;44,2;2020-08-16 00:35:06;E10,906952;N48,358018;485,800;300;SW V1-11 (2020-06-17);2019-06-11 14:16:04;original set-up
2020-08-16 02:40:06;SN19057;measure;15,17;14,50;14,10;85936,6;15106,7;2289,3;293,2;180,1;86,3;46,1;10,4;11,9;7,4;4,5;0,0;0,0;0,0;0,0;0,0;0,0;0,0;0,0;0,0;0,0;0,0;0,0;0,0;177770012;19,2;29,6;44,2;2020-08-16 00:40:06;E10,907022;N48,357982;484,500;300;SW V1-11 (2020-06-17);2019-06-11 14:16:04;original set-up
2020-08-16 02:45:06;SN19057;measure;16,49;15,72;15,19;87929,4;15897,1;2465,4;345,4;209,3;113,6;58,3;19,4;15,0;0,0;1,5;3,0;1,5;0,0;0,0;0,0;0,0;0,0;0,0;0,0;0,0;0,0;0,0;0,0;177770012;19,5;29,6;44,2;2020-08-16 00:45:06;E10,907028;N48,358055;487,300;300;SW V1-11 (2020-06-17);2019-06-11 14:16:04;original set-up
2020-08-16 02:50:06;SN19057;measure;16,02;15,68;15,19;89014,8;16128,4;2567,2;324,5;206,3;95,7;62,8;15,0;7,5;1,5;1,5;0,0;0,0;0,0;0,0;0,0;1,5;0,0;0,0;0,0;0,0;0,0;0,0;0,0;177770012;19,4;29,5;44,4;2020-08-16 00:50:06;E10,907035;N48,357973;488,300;300;SW V1-11 (2020-06-17);2019-06-11 14:16:04;original set-up
2020-08-16 02:55:06;SN19057;measure;17,45;16,56;16,09;90857,1;17258,9;2830,5;352,1;229,3;74,9;47,9;19,5;13,5;4,5;1,5;3,0;1,5;0,0;0,0;0,0;0,0;0,0;0,0;0,0;0,0;0,0;0,0;0,0;177770012;19,7;29,5;44,4;2020-08-16 00:55:06;E10,907007;N48,357920;481,100;300;SW V1-11 (2020-06-17);2019-06-11 14:16:04;original set-up
2020-08-16 03:00:06;SN19057;measure;16,09;15,33;14,84;87970,0;16749,4;2850,5;324,7;202,1;90,9;57,7;21,6;15,9;2,9;2,9;1,4;0,0;2,9;0,0;0,0;0,0;0,0;0,0;0,0;0,0;0,0;0,0;0,0;177770012;19,4;29,6;44,4;2020-08-16 01:00:06;E10,906947;N48,357997;482,400;300;SW V1-11 (2020-06-17);2019-06-11 14:16:04;original set-up
2020-08-16 03:05:06;SN19057;measure;17,26;16,48;15,95;91177,0;17947,5;2961,1;414,2;230,6;96,9;55,8;16,2;17,6;4,4;0,0;1,5;1,5;1,5;0,0;0,0;0,0;0,0;0,0;0,0;0,0;0,0;0,0;0,0;177770012;19,6;29,6;44,3;2020-08-16 01:05:06;E10,906920;N48,358015;474,300;300;SW V1-11 (2020-06-17);2019-06-11 14:16:04;original set-up
2020-08-16 03:10:06;SN19057;measure;17,24;16,89;16,41;92177,3;18348,1;3146,9;403,9;203,5;98,0;47,5;10,4;8,9;1,5;1,5;0,0;0,0;0,0;0,0;0,0;0,0;0,0;0,0;0,0;0,0;0,0;0,0;0,0;177770012;19,7;29,5;44,3;2020-08-16 01:10:06;E10,906718;N48,358250;482,000;300;SW V1-11 (2020-06-17);2019-06-11 14:16:04;original set-up
2020-08-16 03:15:06;SN19057;measure;17,66;16,62;16,17;90925,0;18230,3;2986,4;399,8;217,8;71,6;44,8;16,4;6,0;7,5;4,5;6,0;0,0;0,0;0,0;0,0;0,0;0,0;0,0;0,0;0,0;0,0;0,0;0,0;177770012;19,7;29,5;44,4;2020-08-16 01:15:06;E10,906937;N48,357998;482,700;300;SW V1-11 (2020-06-17);2019-06-11 14:16:04;original set-up
2020-08-16 03:20:06;SN19057;measure;17,49;16,69;16,18;92157,6;19160,6;3238,5;471,0;207,8;97,2;41,9;23,9;10,5;7,5;3,0;1,5;0,0;0,0;0,0;0,0;0,0;0,0;0,0;0,0;0,0;0,0;0,0;0,0;177770012;19,6;29,5;44,3;2020-08-16 01:20:06;E10,906835;N48,358130;495,700;300;SW V1-11 (2020-06-17);2019-06-11 14:16:04;original set-up
2020-08-16 03:25:06;SN19057;measure;16,02;15,43;14,96;90488,9;17626,8;3000,6;406,7;197,3;95,7;53,8;12,0;15,0;3,0;1,5;0,0;1,5;0,0;0,0;0,0;0,0;0,0;0,0;0,0;0,0;0,0;0,0;0,0;177770012;19,2;29,5;44,5;2020-08-16 01:25:06;E10,906988;N48,357930;487,000;300;SW V1-11 (2020-06-17);2019-06-11 14:16:04;original set-up
2020-08-16 03:30:06;SN19057;measure;16,22;15,63;15,11;89767,8;17245,0;2793,3;332,7;218,8;107,9;68,9;9,0;19,5;3,0;3,0;0,0;0,0;0,0;1,5;0,0;0,0;0,0;0,0;0,0;0,0;0,0;0,0;0,0;177770012;19,2;29,5;44,3;2020-08-16 01:30:06;E10,907005;N48,357953;493,900;300;SW V1-11 (2020-06-17);2019-06-11 14:16:04;original set-up
2020-08-16 03:35:06;SN19057;measure;15,90;15,25;14,72;91514,9;17539,1;2844,0;374,6;238,2;109,4;71,9;15,0;10,5;6,0;1,5;3,0;0,0;0,0;0,0;0,0;1,5;0,0;0,0;0,0;0,0;0,0;0,0;0,0;177770012;19,0;29,5;44,4;2020-08-16 01:35:06;E10,906937;N48,357992;481,300;300;SW V1-11 (2020-06-17);2019-06-11 14:16:04;original set-up
2020-08-16 03:40:06;SN19057;measure;16,24;15,72;15,23;88726,3;16654,6;2767,8;340,2;220,3;94,4;56,9;16,5;9,0;3,0;3,0;0,0;0,0;1,5;0,0;0,0;0,0;0,0;0,0;0,0;0,0;0,0;0,0;0,0;177770012;19,4;29,4;44,4;2020-08-16 01:40:06;E10,906985;N48,358000;489,900;300;SW V1-11 (2020-06-17);2019-06-11 14:16:04;original set-up
2020-08-16 03:45:06;SN19057;measure;16,73;16,22;15,75;90508,0;17497,1;2971,4;401,6;224,8;89,9;50,9;7,5;10,5;1,5;3,0;1,5;0,0;0,0;0,0;0,0;1,5;0,0;0,0;0,0;0,0;0,0;0,0;0,0;177770012;19,4;29,4;44,5;2020-08-16 01:45:06;E10,907045;N48,358107;502,600;300;SW V1-11 (2020-06-17);2019-06-11 14:16:04;original set-up
2020-08-16 03:50:06;SN19057;measure;15,24;14,58;14,18;88967,6;16723,9;2835,0;325,2;160,3;95,9;43,5;15,0;9,0;4,5;3,0;3,0;0,0;0,0;0,0;0,0;0,0;0,0;0,0;0,0;0,0;0,0;0,0;0,0;177770012;18,9;29,4;44,6;2020-08-16 01:50:06;E10,906945;N48,358010;488,100;300;SW V1-11 (2020-06-17);2019-06-11 14:16:04;original set-up
2020-08-16 03:55:06;SN19057;measure;15,15;14,60;14,17;89641,9;17057,7;2853,2;356,6;208,3;97,4;49,5;15,0;9,0;4,5;4,5;0,0;0,0;0,0;0,0;0,0;0,0;0,0;0,0;0,0;0,0;0,0;0,0;0,0;177770012;18,9;29,3;44,6;2020-08-16 01:55:06;E10,906930;N48,358123;494,800;300;SW V1-11 (2020-06-17);2019-06-11 14:16:04;original set-up
2020-08-16 04:00:06;SN19057;measure;13,86;13,34;12,97;87620,5;16154,5;2683,7;314,7;176,8;100,4;43,5;13,5;7,5;4,5;1,5;3,0;0,0;0,0;0,0;0,0;0,0;0,0;0,0;0,0;0,0;0,0;0,0;0,0;177770012;18,5;29,3;44,6;2020-08-16 02:00:06;E10,907022;N48,358193;502,600;300;SW V1-11 (2020-06-17);2019-06-11 14:16:04;original set-up
2020-08-16 04:05:06;SN19057;measure;14,67;13,96;13,52;88546,5;16341,8;2722,6;401,6;211,3;77,9;64,4;12,0;10,5;6,0;3,0;1,5;1,5;0,0;0,0;0,0;0,0;0,0;0,0;0,0;0,0;0,0;0,0;0,0;177770012;18,6;29,2;44,8;2020-08-16 02:05:06;E10,907010;N48,358082;499,000;300;SW V1-11 (2020-06-17);2019-06-11 14:16:04;original set-up
2020-08-16 04:10:06;SN19057;measure;14,80;14,23;13,80;91212,3;17591,2;2964,1;356,6;181,3;95,9;58,4;15,0;13,5;6,0;0,0;0,0;1,5;1,5;0,0;0,0;0,0;0,0;0,0;0,0;0,0;0,0;0,0;0,0;177770012;18,6;29,1;45,0;2020-08-16 02:10:06;E10,906998;N48,358067;497,500;300;SW V1-11 (2020-06-17);2019-06-11 14:16:04;original set-up
2020-08-16 04:15:06;SN19057;measure;15,49;14,85;14,38;92282,3;18345,0;3161,9;407,6;242,8;107,9;49,5;22,5;6,0;4,5;3,0;3,0;0,0;0,0;0,0;0,0;0,0;0,0;0,0;0,0;0,0;0,0;0,0;0,0;177770012;18,6;29,0;45,2;2020-08-16 02:15:06;E10,907008;N48,357967;483,300;300;SW V1-11 (2020-06-17);2019-06-11 14:16:04;original set-up
2020-08-16 04:20:06;SN19057;measure;15,00;14,51;14,13;91345,6;18603,0;3206,6;401,6;230,8;58,4;42,0;15,0;10,5;4,5;3,0;0,0;0,0;0,0;0,0;1,5;0,0;0,0;0,0;0,0;0,0;0,0;0,0;0,0;177770012;18,6;28,9;45,4;2020-08-16 02:20:06;E10,907013;N48,358017;484,700;300;SW V1-11 (2020-06-17);2019-06-11 14:16:04;original set-up
2020-08-16 04:30:06;SN19057;measure;14,28;13,67;13,24;94951,2;20529,8;3651,9;536,5;247,3;92,9;53,9;15,0;13,5;3,0;3,0;3,0;0,0;1,5;0,0;0,0;0,0;0,0;0,0;0,0;0,0;0,0;0,0;0,0;177770012;18,1;28,8;45,5;2020-08-16 02:30:06;E10,906932;N48,358033;482,100;300;SW V1-11 (2020-06-17);2019-06-11 14:16:04;original set-up
2020-08-16 04:35:06;SN19057;measure;14,46;13,66;13,18;94727,6;21348,1;3825,5;530,4;259,2;121,4;58,4;25,5;1,5;7,5;0,0;3,0;4,5;0,0;0,0;0,0;0,0;0,0;0,0;0,0;0,0;0,0;0,0;0,0;177770012;18,0;28,7;45,7;2020-08-16 02:35:06;E10,907048;N48,357965;480,800;300;SW V1-11 (2020-06-17);2019-06-11 14:16:04;original set-up
2020-08-16 04:40:06;SN19057;measure;15,31;14,96;14,49;96783,9;22226,2;3971,1;542,5;254,7;110,9;45,0;15,0;12,0;1,5;1,5;0,0;0,0;0,0;0,0;0,0;0,0;0,0;0,0;0,0;0,0;0,0;0,0;0,0;177770012;18,3;28,6;46,0;2020-08-16 02:40:06;E10,907010;N48,357962;478,300;300;SW V1-11 (2020-06-17);2019-06-11 14:16:04;original set-up
2020-08-16 04:45:06;SN19057;measure;15,91;14,99;14,47;96750,4;22485,4;4201,6;523,0;272,7;106,4;68,9;18,0;13,5;3,0;3,0;1,5;4,5;0,0;0,0;0,0;0,0;0,0;0,0;0,0;0,0;0,0;0,0;0,0;177770012;18,2;28,5;46,2;2020-08-16 02:45:06;E10,906938;N48,357942;475,400;300;SW V1-11 (2020-06-17);2019-06-11 14:16:04;original set-up
2020-08-16 04:50:06;SN19057;measure;16,50;16,03;15,54;95829,3;22226,2;3857,2;582,9;278,7;74,9;46,5;19,5;9,0;3,0;0,0;0,0;1,5;0,0;0,0;0,0;0,0;0,0;0,0;0,0;0,0;0,0;0,0;0,0;177770012;18,7;28,5;46,3;2020-08-16 02:50:06;E10,906980;N48,357933;476,100;300;SW V1-11 (2020-06-17);2019-06-11 14:16:04;original set-up
2020-08-16 04:55:06;SN19057;measure;17,76;17,01;16,46;97865,8;23913,5;4452,1;499,0;271,2;115,4;59,9;10,5;10,5;4,5;3,0;0,0;3,0;0,0;0,0;1,5;0,0;0,0;0,0;0,0;0,0;0,0;0,0;0,0;177770012;18,9;28,5;46,2;2020-08-16 02:55:06;E10,906980;N48,357937;471,900;300;SW V1-11 (2020-06-17);2019-06-11 14:16:04;original set-up
2020-08-16 05:00:06;SN19057;measure;18,19;17,34;16,74;98206,0;24541,4;4699,4;672,8;314,7;121,4;46,5;16,5;12,0;6,0;4,5;3,0;0,0;0,0;0,0;0,0;0,0;0,0;0,0;0,0;0,0;0,0;0,0;0,0;177770012;18,9;28,5;46,0;2020-08-16 03:00:06;E10,906978;N48,357957;473,700;300;SW V1-11 (2020-06-17);2019-06-11 14:16:04;original set-up
2020-08-16 05:05:06;SN19057;measure;17,92;17,22;16,54;98199,4;26922,2;5180,1;732,7;343,1;112,4;65,9;28,5;13,5;6,0;3,0;0,0;0,0;0,0;0,0;0,0;0,0;0,0;0,0;0,0;0,0;0,0;0,0;0,0;177770012;18,8;28,5;46,0;2020-08-16 03:05:06;E10,906983;N48,357930;473,800;300;SW V1-11 (2020-06-17);2019-06-11 14:16:04;original set-up
2020-08-16 05:10:06;SN19057;measure;17,71;16,91;16,21;98199,4;26679,5;5307,4;746,2;326,7;130,4;85,4;13,5;10,5;4,5;3,0;3,0;1,5;0,0;1,5;0,0;1,5;0,0;0,0;0,0;0,0;0,0;0,0;0,0;177770012;18,6;28,6;45,9;2020-08-16 03:10:06;E10,906922;N48,357992;479,000;300;SW V1-11 (2020-06-17);2019-06-11 14:16:04;original set-up
2020-08-16 05:15:06;SN19057;measure;18,12;17,34;16,75;98206,0;26188,3;5216,4;629,4;292,2;101,9;59,9;18,0;15,0;3,0;4,5;0,0;1,5;0,0;0,0;0,0;0,0;0,0;0,0;0,0;0,0;0,0;0,0;0,0;177770012;18,8;28,6;45,7;2020-08-16 03:15:06;E10,906958;N48,357985;481,100;300;SW V1-11 (2020-06-17);2019-06-11 14:16:04;original set-up
2020-08-16 05:20:06;SN19057;measure;16,37;15,88;15,35;92490,6;20487,9;3696,9;460,0;256,2;88,4;65,9;21,0;7,5;6,0;1,5;0,0;0,0;0,0;0,0;0,0;0,0;0,0;0,0;0,0;0,0;0,0;0,0;0,0;177770012;18,7;28,6;45,4;2020-08-16 03:20:06;E10,906985;N48,358003;494,300;300;SW V1-11 (2020-06-17);2019-06-11 14:16:04;original set-up
2020-08-16 05:25:06;SN19057;measure;16,37;15,72;15,21;91305,2;18823,0;3434,6;506,5;265,2;83,9;53,9;16,5;12,0;7,5;3,0;0,0;0,0;0,0;0,0;0,0;0,0;0,0;0,0;0,0;0,0;0,0;0,0;0,0;177770012;18,5;28,6;44,8;2020-08-16 03:25:06;E10,907033;N48,357970;482,600;300;SW V1-11 (2020-06-17);2019-06-11 14:16:04;original set-up
2020-08-16 05:30:06;SN19057;measure;15,87;15,23;14,75;88264,8;17810,3;3178,2;367,1;235,3;91,4;55,4;18,0;10,5;6,0;1,5;1,5;0,0;1,5;0,0;0,0;0,0;0,0;0,0;0,0;0,0;0,0;0,0;0,0;177770012;18,4;28,6;44,5;2020-08-16 03:30:06;E10,906972;N48,358062;479,100;300;SW V1-11 (2020-06-17);2019-06-11 14:16:04;original set-up
2020-08-16 05:35:06;SN19057;measure;16,24;15,25;14,72;85480,8;16698,5;3014,8;383,6;203,8;101,9;55,4;22,5;19,5;1,5;1,5;4,5;1,5;0,0;0,0;0,0;0,0;0,0;0,0;0,0;0,0;0,0;0,0;0,0;177770012;18,5;28,6;44,2;2020-08-16 03:35:06;E10,906990;N48,358005;484,000;300;SW V1-11 (2020-06-17);2019-06-11 14:16:04;original set-up
2020-08-16 05:40:06;SN19057;measure;15,61;14,55;14,11;88515,1;17702,4;3104,7;409,1;220,3;98,9;45,0;15,0;9,0;7,5;7,5;3,0;1,5;0,0;0,0;1,5;0,0;0,0;0,0;0,0;0,0;0,0;0,0;0,0;177770012;17,9;28,5;44,1;2020-08-16 03:40:06;E10,906998;N48,357993;483,700;300;SW V1-11 (2020-06-17);2019-06-11 14:16:04;original set-up
2020-08-16 05:45:06;SN19057;measure;14,88;14,42;13,97;89333,2;17889,4;3131,9;412,1;227,8;94,4;52,4;16,5;12,0;4,5;1,5;0,0;0,0;0,0;0,0;0,0;0,0;0,0;0,0;0,0;0,0;0,0;0,0;0,0;177770012;17,8;28,5;44,1;2020-08-16 03:45:06;E10,906997;N48,358010;479,900;300;SW V1-11 (2020-06-17);2019-06-11 14:16:04;original set-up
2020-08-16 05:50:06;SN19057;measure;17,18;16,36;15,73;93672,7;19927,6;3743,1;496,0;251,7;112,4;76,4;24,0;21,0;12,0;0,0;0,0;0,0;0,0;0,0;0,0;0,0;0,0;0,0;0,0;0,0;0,0;0,0;0,0;177770012;18,2;28,5;44,2;2020-08-16 03:50:06;E10,907010;N48,358002;480,400;300;SW V1-11 (2020-06-17);2019-06-11 14:16:04;original set-up
2020-08-16 05:55:06;SN19057;measure;18,58;17,58;16,91;98199,4;24391,4;4928,3;764,2;308,7;94,4;62,9;25,5;21,0;4,5;6,0;1,5;0,0;0,0;0,0;0,0;0,0;0,0;0,0;0,0;0,0;0,0;0,0;0,0;177770012;18,2;28,4;44,4;2020-08-16 03:55:06;E10,906972;N48,358032;479,800;300;SW V1-11 (2020-06-17);2019-06-11 14:16:04;original set-up
2020-08-16 06:00:06;SN19057;measure;18,30;17,40;16,70;98199,4;26006,7;5270,0;792,7;377,6;125,9;59,9;22,5;12,0;4,5;3,0;3,0;1,5;0,0;0,0;0,0;0,0;0,0;0,0;0,0;0,0;0,0;0,0;0,0;177770012;18,2;28,3;44,9;2020-08-16 04:00:06;E10,906938;N48,358038;476,400;300;SW V1-11 (2020-06-17);2019-06-11 14:16:04;original set-up
2020-08-16 06:05:06;SN19057;measure;19,85;18,66;17,82;101861,9;29628,3;6475,3;977,7;407,2;133,7;71,5;28,0;18,7;9,3;4,7;1,6;1,6;0,0;0,0;0,0;0,0;0,0;0,0;0,0;0,0;0,0;0,0;0,0;177770012;18,4;28,3;45,0;2020-08-16 04:05:06;E10,906935;N48,357993;478,200;300;SW V1-11 (2020-06-17);2019-06-11 14:16:04;original set-up
2020-08-16 06:10:06;SN19057;measure;19,47;18,46;17,66;103804,4;32027,5;7034,3;1113,5;465,7;99,8;53,9;30,1;19,0;4,8;3,2;1,6;1,6;0,0;0,0;0,0;0,0;0,0;0,0;0,0;0,0;0,0;0,0;0,0;177770012;18,4;28,3;45,3;2020-08-16 04:10:06;E10,906895;N48,358012;476,000;300;SW V1-11 (2020-06-17);2019-06-11 14:16:04;original set-up
2020-08-16 06:15:06;SN19057;measure;18,20;17,28;16,50;104542,4;32741,8;7296,5;1121,4;497,7;114,9;55,8;19,1;23,9;11,2;3,2;0,0;0,0;0,0;0,0;0,0;0,0;0,0;0,0;0,0;0,0;0,0;0,0;0,0;177770012;18,2;28,3;45,5;2020-08-16 04:15:06;E10,906948;N48,358095;466,400;300;SW V1-11 (2020-06-17);2019-06-11 14:16:04;original set-up
2020-08-16 06:20:06;SN19057;measure;19,31;18,62;17,88;105052,1;31075,6;6969,8;1016,3;442,4;113,8;54,5;12,8;20,8;4,8;1,6;1,6;0,0;0,0;0,0;0,0;0,0;0,0;0,0;0,0;0,0;0,0;0,0;0,0;177770012;18,4;28,3;45,6;2020-08-16 04:20:06;E10,906968;N48,358065;464,300;300;SW V1-11 (2020-06-17);2019-06-11 14:16:04;original set-up
2020-08-16 06:25:06;SN19057;measure;19,30;18,70;17,99;105305,2;28555,4;6191,2;888,6;409,7;114,1;59,5;17,7;9,6;1,6;1,6;3,2;0,0;1,6;0,0;0,0;0,0;1,6;0,0;0,0;0,0;0,0;0,0;0,0;177770012;18,4;28,3;45,3;2020-08-16 04:25:06;E10,906953;N48,358092;471,700;300;SW V1-11 (2020-06-17);2019-06-11 14:16:04;original set-up
2020-08-16 06:30:06;SN19057;measure;18,23;17,51;16,86;101218,7;25050,0;4904,9;716,4;319,4;96,1;72,9;20,2;12,4;3,1;3,1;3,1;0,0;0,0;0,0;0,0;0,0;0,0;0,0;0,0;0,0;0,0;0,0;0,0;177770012;18,2;28,3;45,2;2020-08-16 04:30:06;E10,906933;N48,358077;473,700;300;SW V1-11 (2020-06-17);2019-06-11 14:16:04;original set-up
2020-08-16 06:35:06;SN19057;measure;17,25;16,71;16,12;95575,4;22323,3;4451,2;598,2;302,1;96,1;65,6;19,8;6,1;3,1;4,6;0,0;0,0;0,0;0,0;0,0;0,0;0,0;0,0;0,0;0,0;0,0;0,0;0,0;177770012;18,2;28,3;44,9;2020-08-16 04:35:06;E10,906975;N48,358023;473,600;300;SW V1-11 (2020-06-17);2019-06-11 14:16:04;original set-up
2020-08-16 06:40:06;SN19057;measure;17,22;16,24;15,69;91883,8;20359,3;3870,8;544,3;261,6;102,8;52,9;13,6;16,6;9,1;3,0;1,5;1,5;0,0;0,0;0,0;0,0;0,0;0,0;0,0;0,0;0,0;0,0;0,0;177770012;18,2;28,3;44,6;2020-08-16 04:40:06;E10,906987;N48,358007;479,200;300;SW V1-11 (2020-06-17);2019-06-11 14:16:04;original set-up
2020-08-16 06:45:06;SN19057;measure;19,99;18,86;18,19;102339,0;25527,4;5075,2;749,6;365,4;99,9;51,5;18,7;18,7;4,7;3,1;1,6;3,1;1,6;0,0;0,0;0,0;0,0;0,0;0,0;0,0;0,0;0,0;0,0;177770012;18,4;28,3;44,5;2020-08-16 04:45:06;E10,906993;N48,358015;481,200;300;SW V1-11 (2020-06-17);2019-06-11 14:16:04;original set-up
2020-08-16 06:50:06;SN19057;measure;18,19;17,19;16,50;99252,8;24136,4;4793,3;668,4;335,0;120,8;73,4;27,5;13,8;7,6;3,1;4,6;0,0;0,0;1,5;0,0;0,0;1,5;0,0;0,0;0,0;0,0;0,0;0,0;177770012;18,1;28,3;44,6;2020-08-16 04:50:06;E10,906947;N48,358065;480,300;300;SW V1-11 (2020-06-17);2019-06-11 14:16:04;original set-up
2020-08-16 06:55:06;SN19057;measure;16,94;16,23;15,67;97986,8;23584,5;4669,4;660,8;313,0;114,9;52,9;10,6;13,6;4,5;4,5;0,0;1,5;0,0;0,0;0,0;0,0;0,0;0,0;0,0;0,0;0,0;0,0;0,0;177770012;17,8;28,3;44,5;2020-08-16 04:55:06;E10,906917;N48,357993;472,300;300;SW V1-11 (2020-06-17);2019-06-11 14:16:04;original set-up
2020-08-16 07:00:06;SN19057;measure;17,78;16,67;16,11;95825,0;23824,2;4896,4;638,2;301,0;99,3;54,2;15,1;7,5;7,5;9,0;4,5;0,0;0,0;1,5;0,0;0,0;0,0;0,0;0,0;0,0;0,0;0,0;0,0;177770012;18,1;28,3;44,6;2020-08-16 05:00:06;E10,906887;N48,357988;480,800;300;SW V1-11 (2020-06-17);2019-06-11 14:16:04;original set-up
2020-08-16 07:05:06;SN19057;measure;19,01;18,04;17,36;97677,7;25197,4;5186,1;794,5;331,9;100,6;58,6;21,0;16,5;10,5;1,5;3,0;0,0;0,0;0,0;0,0;0,0;0,0;0,0;0,0;0,0;0,0;0,0;0,0;177770012;18,6;28,4;44,8;2020-08-16 05:05:06;E10,906910;N48,358018;481,400;300;SW V1-11 (2020-06-17);2019-06-11 14:16:04;original set-up
2020-08-16 07:10:06;SN19057;measure;19,36;18,41;17,79;97902,7;24815,4;5126,1;726,7;334,1;76,4;47,9;16,5;19,5;4,5;3,0;1,5;1,5;0,0;0,0;0,0;0,0;0,0;0,0;0,0;0,0;0,0;0,0;0,0;177770012;18,8;28,4;45,0;2020-08-16 05:10:06;E10,906890;N48,358075;484,200;300;SW V1-11 (2020-06-17);2019-06-11 14:16:04;original set-up
2020-08-16 07:15:06;SN19057;measure;19,26;18,19;17,54;97967,2;24869,4;5073,7;716,2;338,6;89,9;53,9;22,5;18,0;3,0;6,0;1,5;1,5;0,0;0,0;0,0;0,0;0,0;0,0;0,0;0,0;0,0;0,0;0,0;177770012;18,8;28,5;45,0;2020-08-16 05:15:06;E10,906897;N48,358053;483,300;300;SW V1-11 (2020-06-17);2019-06-11 14:16:04;original set-up
2020-08-16 07:20:06;SN19057;measure;17,85;17,11;16,40;98206,0;28158,8;6132,0;881,1;379,1;125,9;59,9;21,0;18,0;9,0;1,5;0,0;0,0;1,5;0,0;1,5;0,0;0,0;0,0;0,0;0,0;0,0;0,0;0,0;177770012;18,4;28,7;45,0;2020-08-16 05:20:06;E10,906972;N48,358110;492,700;300;SW V1-11 (2020-06-17);2019-06-11 14:16:04;original set-up
2020-08-16 07:25:06;SN19057;measure;18,14;17,51;16,79;98199,4;29740,8;6727,9;1051,9;385,1;118,4;53,9;18,0;7,5;6,0;1,5;0,0;1,5;1,5;0,0;0,0;0,0;0,0;0,0;0,0;0,0;0,0;0,0;0,0;177770012;18,6;28,8;44,8;2020-08-16 05:25:06;E10,906968;N48,358037;486,800;300;SW V1-11 (2020-06-17);2019-06-11 14:16:04;original set-up
2020-08-16 07:30:06;SN19057;measure;17,18;16,41;15,61;98206,0;30405,1;6995,1;1023,5;449,6;125,9;73,4;27,0;18,0;1,5;3,0;3,0;0,0;0,0;0,0;0,0;0,0;0,0;0,0;0,0;0,0;0,0;0,0;0,0;177770012;18,4;28,8;45,0;2020-08-16 05:30:06;E10,906910;N48,358040;478,800;300;SW V1-11 (2020-06-17);2019-06-11 14:16:04;original set-up
2020-08-16 07:35:06;SN19057;measure;18,57;17,87;17,12;101861,9;30396,1;6798,6;1030,5;411,9;121,2;56,0;23,3;21,8;4,7;1,6;0,0;0,0;1,6;0,0;1,6;0,0;0,0;0,0;0,0;0,0;0,0;0,0;0,0;177770012;18,6;28,8;45,1;2020-08-16 05:35:06;E10,906903;N48,357972;480,300;300;SW V1-11 (2020-06-17);2019-06-11 14:16:04;original set-up
2020-08-16 07:40:06;SN19057;measure;20,02;19,02;18,23;99163,0;28178,4;6062,6;842,3;393,7;105,3;68,7;35,1;13,7;6,1;3,1;3,1;0,0;0,0;0,0;0,0;0,0;0,0;1,5;0,0;0,0;0,0;0,0;0,0;177770012;19,3;28,9;45,2;2020-08-16 05:40:06;E10,906908;N48,357995;471,400;300;SW V1-11 (2020-06-17);2019-06-11 14:16:04;original set-up
2020-08-16 07:45:06;SN19057;measure;21,53;20,65;19,80;102081,6;28245,6;6090,6;913,1;379,7;145,9;53,3;26,7;15,7;1,6;3,1;0,0;1,6;1,6;0,0;0,0;0,0;0,0;0,0;0,0;0,0;0,0;0,0;0,0;177770012;19,9;28,9;45,4;2020-08-16 05:45:06;E10,906910;N48,357977;470,800;300;SW V1-11 (2020-06-17);2019-06-11 14:16:04;original set-up
2020-08-16 07:50:06;SN19057;measure;22,45;21,33;20,50;100763,0;27175,3;5929,8;808,1;327,0;128,6;61,9;20,6;14,3;9,5;3,2;0,0;1,6;1,6;0,0;0,0;0,0;0,0;0,0;0,0;0,0;0,0;0,0;0,0;177770012;20,4;29,0;45,0;2020-08-16 05:50:06;E10,906938;N48,357967;471,300;300;SW V1-11 (2020-06-17);2019-06-11 14:16:04;original set-up
2020-08-16 07:55:06;SN19057;measure;21,20;20,57;19,80;97462,7;25639,6;5212,8;739,4;290,2;138,9;55,6;10,8;17,0;1,5;1,5;1,5;0,0;0,0;0,0;0,0;0,0;0,0;0,0;0,0;0,0;0,0;0,0;0,0;177770012;20,5;29,2;44,8;2020-08-16 05:55:06;E10,906900;N48,357982;469,000;300;SW V1-11 (2020-06-17);2019-06-11 14:16:04;original set-up
2020-08-16 08:00:06;SN19057;measure;20,93;19,95;19,22;93789,4;23886,3;4849,9;653,1;276,4;94,2;60,8;22,8;15,2;1,5;4,6;3,0;0,0;0,0;0,0;0,0;0,0;0,0;0,0;0,0;0,0;0,0;0,0;0,0;177770012;20,8;29,4;44,6;2020-08-16 06:00:06;E10,906912;N48,358012;472,900;300;SW V1-11 (2020-06-17);2019-06-11 14:16:04;original set-up
2020-08-16 08:05:06;SN19057;measure;19,92;19,18;18,49;90232,2;22266,9;4488,1;553,7;277,6;101,1;61,9;13,6;16,6;1,5;3,0;1,5;0,0;0,0;0,0;0,0;0,0;0,0;0,0;0,0;0,0;0,0;0,0;0,0;177770012;20,9;29,7;44,3;2020-08-16 06:05:06;E10,907060;N48,357978;489,600;300;SW V1-11 (2020-06-17);2019-06-11 14:16:04;original set-up
2020-08-16 08:10:06;SN19057;measure;19,36;18,31;17,66;89136,4;21471,2;4283,4;527,2;258,3;111,1;51,1;25,5;12,0;10,5;1,5;3,0;0,0;0,0;0,0;0,0;0,0;0,0;0,0;0,0;0,0;0,0;0,0;0,0;177770012;20,7;29,9;44,0;2020-08-16 06:10:06;E10,907060;N48,357938;483,200;300;SW V1-11 (2020-06-17);2019-06-11 14:16:04;original set-up
2020-08-16 08:15:06;SN19057;measure;18,02;17,31;16,69;87697,6;20559,5;4065,6;516,7;274,8;87,1;55,6;27,0;13,5;6,0;1,5;0,0;0,0;0,0;0,0;0,0;0,0;0,0;0,0;0,0;0,0;0,0;0,0;0,0;177770012;20,4;30,1;43,5;2020-08-16 06:15:06;E10,907035;N48,358000;487,800;300;SW V1-11 (2020-06-17);2019-06-11 14:16:04;original set-up
2020-08-16 08:20:06;SN19057;measure;18,76;18,11;17,42;86502,5;20360,5;4062,5;556,0;260,7;103,4;53,9;27,0;16,5;1,5;1,5;0,0;0,0;0,0;0,0;0,0;0,0;0,0;0,0;0,0;0,0;0,0;0,0;0,0;177770012;20,9;30,3;43,1;2020-08-16 06:20:06;E10,907033;N48,358008;490,700;300;SW V1-11 (2020-06-17);2019-06-11 14:16:04;original set-up
2020-08-16 08:25:06;SN19057;measure;18,75;17,96;17,33;86573,1;20249,7;4005,3;567,9;271,2;112,4;42,0;15,0;15,0;3,0;0,0;4,5;0,0;0,0;0,0;0,0;0,0;0,0;0,0;0,0;0,0;0,0;0,0;0,0;177770012;20,9;30,4;43,0;2020-08-16 06:25:06;E10,906965;N48,358037;482,100;300;SW V1-11 (2020-06-17);2019-06-11 14:16:04;original set-up
2020-08-16 08:30:06;SN19057;measure;18,01;17,05;16,42;85919,8;19119,9;3759,6;514,0;245,7;91,4;67,4;18,0;13,5;4,5;4,5;3,0;0,0;0,0;0,0;0,0;0,0;0,0;0,0;1,5;0,0;0,0;0,0;0,0;177770012;20,6;30,6;42,9;2020-08-16 06:30:06;E10,906933;N48,358030;480,300;300;SW V1-11 (2020-06-17);2019-06-11 14:16:04;original set-up
2020-08-16 08:35:06;SN19057;measure;17,65;17,02;16,44;84109,7;18682,4;3429,9;424,1;205,3;91,4;53,9;18,0;16,5;3,0;0,0;1,5;0,0;0,0;0,0;0,0;0,0;0,0;0,0;0,0;0,0;0,0;0,0;0,0;177770012;20,8;30,7;42,5;2020-08-16 06:35:06;E10,907028;N48,358008;486,800;300;SW V1-11 (2020-06-17);2019-06-11 14:16:04;original set-up
2020-08-16 08:40:06;SN19057;measure;17,02;16,17;15,64;83447,0;18238,6;3358,2;430,1;223,3;85,4;49,5;18,0;16,5;6,0;4,5;0,0;0,0;0,0;1,5;0,0;0,0;0,0;0,0;0,0;0,0;0,0;0,0;0,0;177770012;20,4;30,8;42,3;2020-08-16 06:40:06;E10,906973;N48,358020;486,200;300;SW V1-11 (2020-06-17);2019-06-11 14:16:04;original set-up
2020-08-16 08:45:06;SN19057;measure;16,52;15,99;15,50;78235,3;15534,8;2710,9;342,0;230,1;85,5;37,3;17,1;10,9;3,1;1,6;0,0;0,0;0,0;0,0;0,0;0,0;0,0;0,0;0,0;0,0;0,0;0,0;0,0;177770012;21,1;30,9;42,1;2020-08-16 06:45:06;E10,907025;N48,358045;489,500;300;SW V1-11 (2020-06-17);2019-06-11 14:16:04;original set-up
2020-08-16 08:50:06;SN19057;measure;16,25;15,54;15,01;76402,8;14744,4;2522,2;355,5;187,7;93,1;51,9;16,8;6,1;4,6;3,1;1,5;0,0;1,5;0,0;0,0;0,0;1,5;0,0;0,0;0,0;0,0;0,0;0,0;177770012;21,1;31,0;42,2;2020-08-16 06:50:06;E10,906955;N48,358020;487,300;300;SW V1-11 (2020-06-17);2019-06-11 14:16:04;original set-up
2020-08-16 08:55:06;SN19057;measure;15,78;15,06;14,51;73691,6;14020,1;2555,8;346,7;193,0;109,8;45,5;18,8;11,0;3,1;0,0;1,6;1,6;0,0;0,0;0,0;0,0;0,0;0,0;0,0;0,0;0,0;0,0;0,0;177770012;21,2;31,1;41,9;2020-08-16 06:55:06;E10,906860;N48,358038;479,200;300;SW V1-11 (2020-06-17);2019-06-11 14:16:04;original set-up
2020-08-16 09:00:06;SN19057;measure;15,14;14,55;14,02;71014,2;12641,5;2256,2;277,9;193,7;77,8;52,4;25,4;15,9;0,0;1,6;0,0;0,0;0,0;1,6;0,0;0,0;0,0;0,0;0,0;0,0;0,0;0,0;0,0;177770012;21,2;31,3;41,5;2020-08-16 07:00:06;E10,906897;N48,357995;478,700;300;SW V1-11 (2020-06-17);2019-06-11 14:16:04;original set-up
2020-08-16 09:05:06;SN19057;measure;15,38;14,39;13,90;68518,9;11516,3;2026,0;267,0;185,5;94,3;40,0;16,0;12,8;9,6;4,8;0,0;0,0;0,0;0,0;0,0;0,0;0,0;0,0;0,0;0,0;0,0;0,0;0,0;177770012;21,6;31,3;41,3;2020-08-16 07:05:06;E10,906865;N48,358013;477,000;300;SW V1-11 (2020-06-17);2019-06-11 14:16:04;original set-up
2020-08-16 09:10:06;SN19057;measure;14,64;13,78;13,25;66406,2;10670,3;1833,3;236,7;168,6;88,2;57,2;23,2;13,9;3,1;1,5;3,1;0,0;0,0;0,0;0,0;1,5;0,0;0,0;0,0;0,0;0,0;0,0;0,0;177770012;21,5;31,4;41,3;2020-08-16 07:10:06;E10,906893;N48,357953;474,700;300;SW V1-11 (2020-06-17);2019-06-11 14:16:04;original set-up
2020-08-16 09:15:06;SN19057;measure;14,13;13,76;13,30;64082,5;10342,2;1752,4;228,4;159,9;94,4;39,6;10,7;9,1;3,0;0,0;0,0;0,0;0,0;0,0;0,0;0,0;0,0;0,0;0,0;0,0;0,0;0,0;0,0;177770012;21,9;31,4;41,0;2020-08-16 07:15:06;E10,906922;N48,357932;473,200;300;SW V1-11 (2020-06-17);2019-06-11 14:16:04;original set-up
2020-08-16 09:20:06;SN19057;measure;14,10;13,44;12,94;61569,4;9389,6;1613,3;267,6;152,7;93,7;39,3;19,7;9,1;1,5;1,5;0,0;1,5;0,0;0,0;0,0;0,0;1,5;0,0;0,0;0,0;0,0;0,0;0,0;177770012;22,3;31,6;41,0;2020-08-16 07:20:06;E10,906782;N48,358040;482,500;300;SW V1-11 (2020-06-17);2019-06-11 14:16:04;original set-up
2020-08-16 09:25:06;SN19057;measure;13,11;12,56;12,13;57408,0;8155,1;1329,1;182,1;149,0;75,3;43,7;12,0;9,0;0,0;1,5;0,0;1,5;0,0;0,0;0,0;0,0;0,0;0,0;0,0;0,0;0,0;0,0;0,0;177770012;22,6;31,7;40,9;2020-08-16 07:25:06;E10,906947;N48,358027;484,500;300;SW V1-11 (2020-06-17);2019-06-11 14:16:04;original set-up
2020-08-16 09:30:06;SN19057;measure;12,79;12,36;11,88;55240,0;7514,0;1167,0;192,2;127,7;84,1;45,1;19,5;7,5;0,0;1,5;0,0;0,0;0,0;0,0;0,0;0,0;0,0;0,0;0,0;0,0;0,0;0,0;0,0;177770012;22,8;31,9;40,2;2020-08-16 07:30:06;E10,906902;N48,358063;484,700;300;SW V1-11 (2020-06-17);2019-06-11 14:16:04;original set-up
2020-08-16 09:35:06;SN19057;measure;11,97;11,55;11,13;50435,6;6366,8;996,5;169,3;134,9;71,9;33,0;16,5;7,5;3,0;0,0;0,0;0,0;0,0;0,0;0,0;0,0;1,5;0,0;0,0;0,0;0,0;0,0;0,0;177770012;23,4;32,1;39,9;2020-08-16 07:35:06;E10,906967;N48,358138;479,900;300;SW V1-11 (2020-06-17);2019-06-11 14:16:04;original set-up
2020-08-16 09:40:06;SN19057;measure;11,83;11,40;10,91;48465,0;5928,1;1007,2;146,1;146,1;96,4;46,6;14,0;3,1;1,6;0,0;1,6;0,0;1,6;1,6;0,0;0,0;0,0;0,0;0,0;0,0;0,0;0,0;0,0;177770012;23,9;32,3;39,3;2020-08-16 07:40:06;E10,907035;N48,357983;478,400;300;SW V1-11 (2020-06-17);2019-06-11 14:16:04;original set-up
2020-08-16 09:45:06;SN19057;measure;11,21;10,33;9,88;44762,6;4898,0;769,0;145,0;119,0;67,1;47,3;16,8;6,1;1,5;0,0;4,6;1,5;0,0;0,0;0,0;0,0;0,0;0,0;0,0;0,0;0,0;0,0;0,0;177770012;23,6;32,6;38,8;2020-08-16 07:45:06;E10,906823;N48,357938;484,300;300;SW V1-11 (2020-06-17);2019-06-11 14:16:04;original set-up
2020-08-16 09:50:06;SN19057;measure;11,48;10,88;10,49;47456,2;5373,7;908,7;131,5;122,5;63,5;37,8;12,1;10,6;1,5;3,0;0,0;0,0;0,0;0,0;0,0;0,0;0,0;0,0;0,0;0,0;0,0;0,0;0,0;177770012;23,5;32,8;38,1;2020-08-16 07:50:06;E10,906927;N48,357950;503,200;300;SW V1-11 (2020-06-17);2019-06-11 14:16:04;original set-up
2020-08-16 09:55:06;SN19057;measure;14,66;13,93;13,53;65173,1;9991,1;1686,5;207,7;154,6;70,3;31,2;12,5;15,6;3,1;1,6;1,6;0,0;0,0;0,0;0,0;0,0;0,0;0,0;0,0;0,0;0,0;0,0;0,0;177770012;22,4;33,1;38,2;2020-08-16 07:55:06;E10,906968;N48,358023;506,000;300;SW V1-11 (2020-06-17);2019-06-11 14:16:04;original set-up
2020-08-16 10:00:06;SN19057;measure;14,59;13,87;13,40;64325,1;9783,6;1525,8;220,7;154,0;96,9;41,3;15,9;4,8;3,2;3,2;0,0;1,6;0,0;0,0;0,0;0,0;0,0;0,0;0,0;0,0;0,0;0,0;0,0;177770012;22,6;33,4;37,9;2020-08-16 08:00:06;E10,906918;N48,357933;509,400;300;SW V1-11 (2020-06-17);2019-06-11 14:16:04;original set-up
2020-08-16 10:05:06;SN19057;measure;13,35;12,47;12,00;55559,2;7256,9;1197,8;163,1;139,1;94,3;44,8;11,2;6,4;8,0;1,6;3,2;0,0;0,0;0,0;0,0;0,0;0,0;0,0;0,0;0,0;0,0;0,0;0,0;177770012;23,3;33,4;37,7;2020-08-16 08:05:06;E10,906912;N48,357960;499,300;300;SW V1-11 (2020-06-17);2019-06-11 14:16:04;original set-up
2020-08-16 10:10:06;SN19057;measure;11,83;11,18;10,80;50289,1;5647,3;822,3;129,8;144,3;67,3;35,3;9,6;4,8;3,2;1,6;3,2;0,0;0,0;0,0;0,0;0,0;0,0;0,0;0,0;0,0;0,0;0,0;0,0;177770012;23,4;33,5;37,6;2020-08-16 08:10:06;E10,906973;N48,357933;524,200;300;SW V1-11 (2020-06-17);2019-06-11 14:16:04;original set-up
2020-08-16 10:15:06;SN19057;measure;11,16;10,50;10,15;48281,3;5051,0;798,5;141,7;108,4;68,3;35,0;8,3;3,3;5,0;3,3;1,7;0,0;0,0;0,0;0,0;0,0;0,0;0,0;0,0;0,0;0,0;0,0;0,0;177770012;23,0;33,8;37,1;2020-08-16 08:15:06;E10,906998;N48,357972;532,400;300;SW V1-11 (2020-06-17);2019-06-11 14:16:04;original set-up
2020-08-16 10:20:06;SN19057;measure;10,86;10,16;9,76;45281,8;4629,9;743,8;108,1;126,2;68,8;41,0;8,2;13,1;3,3;1,6;1,6;0,0;0,0;0,0;0,0;1,6;0,0;0,0;0,0;0,0;0,0;0,0;0,0;177770012;23,3;34,0;36,2;2020-08-16 08:20:06;E10,906970;N48,358012;532,400;300;SW V1-11 (2020-06-17);2019-06-11 14:16:04;original set-up
2020-08-16 10:25:06;SN19057;measure;10,52;9,95;9,49;43877,0;3962,3;609,6;128,0;109,5;79,1;43,8;18,5;13,5;3,4;0,0;0,0;0,0;0,0;0,0;0,0;0,0;0,0;0,0;0,0;0,0;0,0;0,0;0,0;177770012;23,4;34,2;35,8;2020-08-16 08:25:06;E10,906933;N48,358047;526,500;300;SW V1-11 (2020-06-17);2019-06-11 14:16:04;original set-up
2020-08-16 10:30:06;SN19057;measure;10,02;9,63;9,28;42062,7;3452,5;546,6;87,3;100,4;90,6;28,0;8,2;3,3;0,0;1,6;1,6;0,0;0,0;0,0;0,0;0,0;0,0;0,0;0,0;0,0;0,0;0,0;0,0;177770012;24,0;34,5;35,3;2020-08-16 08:30:06;E10,906998;N48,358008;507,700;300;SW V1-11 (2020-06-17);2019-06-11 14:16:04;original set-up
2020-08-16 10:35:06;SN19057;measure;10,38;9,98;9,50;41970,9;3647,0;624,4;102,7;123,9;78,3;44,0;24,5;4,9;1,6;0,0;0,0;0,0;0,0;0,0;0,0;0,0;0,0;0,0;0,0;0,0;0,0;0,0;0,0;177770012;24,6;34,9;34,6;2020-08-16 08:35:06;E10,906985;N48,358008;496,200;300;SW V1-11 (2020-06-17);2019-06-11 14:16:04;original set-up
2020-08-16 10:40:06;SN19057;measure;10,33;9,59;9,22;41192,2;3614,2;508,2;92,3;116,5;59,9;34,0;14,6;8,1;3,2;1,6;0,0;1,6;0,0;0,0;0,0;0,0;0,0;0,0;0,0;0,0;0,0;0,0;0,0;177770012;24,4;35,3;34,0;2020-08-16 08:40:06;E10,907017;N48,358017;491,200;300;SW V1-11 (2020-06-17);2019-06-11 14:16:04;original set-up
2020-08-16 10:45:06;SN19057;measure;10,23;9,80;9,42;42205,6;3637,5;537,8;108,9;113,9;70,4;36,9;8,4;5,0;0,0;1,7;1,7;0,0;0,0;0,0;0,0;0,0;0,0;0,0;0,0;0,0;0,0;0,0;0,0;177770012;24,4;35,8;33,2;2020-08-16 08:45:06;E10,906993;N48,358033;487,200;300;SW V1-11 (2020-06-17);2019-06-11 14:16:04;original set-up
2020-08-16 10:50:06;SN19057;measure;10,43;9,92;9,49;41257,8;3427,6;583,0;87,0;110,0;78,8;37,8;16,4;6,6;0,0;0,0;0,0;1,6;0,0;0,0;0,0;0,0;0,0;0,0;0,0;0,0;0,0;0,0;0,0;177770012;25,1;36,1;32,4;2020-08-16 08:50:06;E10,907008;N48,358033;484,700;300;SW V1-11 (2020-06-17);2019-06-11 14:16:04;original set-up
2020-08-16 10:55:06;SN19057;measure;11,31;10,49;10,13;43797,0;3988,1;621,3;96,0;96,0;69,9;29,3;9,8;6,5;1,6;1,6;4,9;0,0;0,0;0,0;0,0;0,0;0,0;0,0;0,0;0,0;0,0;0,0;0,0;177770012;25,2;36,3;32,1;2020-08-16 08:55:06;E10,907007;N48,358033;485,800;300;SW V1-11 (2020-06-17);2019-06-11 14:16:04;original set-up
2020-08-16 11:00:06;SN19057;measure;11,51;11,25;10,78;47027,8;4448,1;738,8;115,6;98,8;87,1;50,3;11,7;1,7;0,0;1,7;0,0;0,0;0,0;0,0;0,0;0,0;0,0;0,0;0,0;0,0;0,0;0,0;0,0;177770012;24,9;36,4;31,8;2020-08-16 09:00:06;E10,907043;N48,358020;486,300;300;SW V1-11 (2020-06-17);2019-06-11 14:16:04;original set-up
2020-08-16 11:05:06;SN19057;measure;11,90;11,22;10,80;46391,7;4518,4;762,1;108,4;129,8;69,0;44,3;6,6;8,2;1,6;3,3;1,6;0,0;0,0;0,0;0,0;0,0;0,0;0,0;0,0;0,0;0,0;0,0;0,0;177770012;25,4;36,4;31,9;2020-08-16 09:05:06;E10,907022;N48,358080;487,800;300;SW V1-11 (2020-06-17);2019-06-11 14:16:04;original set-up
2020-08-16 11:10:06;SN19057;measure;10,46;9,89;9,49;41063,5;3482,0;582,2;89,4;100,8;91,1;29,3;9,8;9,8;6,5;0,0;0,0;0,0;0,0;0,0;0,0;0,0;0,0;0,0;0,0;0,0;0,0;0,0;0,0;177770012;25,3;36,4;31,9;2020-08-16 09:10:06;E10,907127;N48,358012;491,700;300;SW V1-11 (2020-06-17);2019-06-11 14:16:04;original set-up
2020-08-16 11:15:06;SN19057;measure;11,24;10,68;10,24;43840,8;3885,5;619,9;105,6;110,6;70,4;46,9;10,1;6,7;1,7;3,4;0,0;0,0;0,0;1,7;0,0;0,0;0,0;0,0;0,0;0,0;0,0;0,0;0,0;177770012;25,6;36,4;31,9;2020-08-16 09:15:06;E10,907027;N48,358085;491,100;300;SW V1-11 (2020-06-17);2019-06-11 14:16:04;original set-up
2020-08-16 11:20:06;SN19057;measure;11,52;10,65;10,24;43947,6;3808,6;610,7;112,3;108,9;74,8;37,4;6,8;10,2;0,0;5,1;0,0;1,7;0,0;0,0;0,0;0,0;0,0;0,0;0,0;0,0;0,0;0,0;0,0;177770012;25,4;36,3;32,0;2020-08-16 09:20:06;E10,907060;N48,358080;490,900;300;SW V1-11 (2020-06-17);2019-06-11 14:16:04;original set-up
2020-08-16 11:25:06;SN19057;measure;10,93;10,31;9,94;43348,4;4100,4;707,6;143,7;111,7;67,4;28,4;8,9;12,4;3,5;1,8;0,0;0,0;0,0;0,0;0,0;0,0;0,0;0,0;0,0;0,0;0,0;0,0;0,0;177770012;24,9;36,2;32,2;2020-08-16 09:25:06;E10,907023;N48,358015;482,900;300;SW V1-11 (2020-06-17);2019-06-11 14:16:04;original set-up
2020-08-16 11:30:06;SN19057;measure;11,92;10,92;10,53;44957,8;4009,5;636,4;116,8;106,6;72,8;28,8;8,5;11,8;3,4;3,4;3,4;0,0;0,0;0,0;0,0;0,0;0,0;0,0;0,0;0,0;0,0;0,0;0,0;177770012;25,4;36,1;31,8;2020-08-16 09:30:06;E10,906933;N48,358013;477,600;300;SW V1-11 (2020-06-17);2019-06-11 14:16:04;original set-up
2020-08-16 11:35:06;SN19057;measure;10,51;9,93;9,50;39519,0;3549,4;576,2;102,6;100,9;71,8;39,3;8,5;15,4;3,4;0,0;0,0;0,0;0,0;0,0;0,0;0,0;0,0;0,0;0,0;0,0;0,0;0,0;0,0;177770012;26,4;36,0;32,3;2020-08-16 09:35:06;E10,906962;N48,358012;476,700;300;SW V1-11 (2020-06-17);2019-06-11 14:16:04;original set-up
2020-08-16 11:40:06;SN19057;measure;11,02;10,11;9,71;41166,9;3249,6;491,0;121,1;126,1;56,4;39,8;8,3;5,0;8,3;3,3;1,7;0,0;0,0;0,0;0,0;0,0;0,0;0,0;0,0;0,0;0,0;0,0;0,0;177770012;25,9;36,0;32,5;2020-08-16 09:40:06;E10,906958;N48,358015;474,700;300;SW V1-11 (2020-06-17);2019-06-11 14:16:04;original set-up
2020-08-16 11:45:06;SN19057;measure;9,80;9,25;8,85;38434,1;3130,9;522,9;93,1;101,5;55,8;47,4;8,5;8,5;0,0;3,4;0,0;0,0;1,7;0,0;0,0;0,0;0,0;0,0;0,0;0,0;0,0;0,0;1,7;177770012;25,1;36,1;32,3;2020-08-16 09:45:06;E10,906968;N48,358113;480,000;300;SW V1-11 (2020-06-17);2019-06-11 14:16:04;original set-up
2020-08-16 11:50:06;SN19057;measure;10,52;9,94;9,57;41585,4;3544,5;576,2;75,2;104,3;54,7;39,3;10,3;6,8;3,4;0,0;1,7;0,0;1,7;0,0;0,0;0,0;0,0;0,0;0,0;0,0;0,0;0,0;0,0;177770012;24,8;36,1;31,7;2020-08-16 09:50:06;E10,907010;N48,358032;482,300;300;SW V1-11 (2020-06-17);2019-06-11 14:16:04;original set-up
2020-08-16 11:55:06;SN19057;measure;10,80;10,33;9,96;42701,9;3703,9;556,6;94,2;81,8;71,1;26,7;12,4;12,4;1,8;0,0;0,0;0,0;0,0;0,0;0,0;0,0;0,0;0,0;1,8;0,0;0,0;0,0;0,0;177770012;25,3;36,0;32,0;2020-08-16 09:55:06;E10,906997;N48,358017;485,400;300;SW V1-11 (2020-06-17);2019-06-11 14:16:04;original set-up
2020-08-16 12:00:06;SN19057;measure;10,45;9,92;9,56;41153,8;3314,7;528,2;117,6;105,3;61,4;35,1;1,8;8,8;1,8;3,5;0,0;0,0;0,0;0,0;0,0;0,0;0,0;0,0;0,0;0,0;0,0;0,0;0,0;177770012;25,0;35,9;31,8;2020-08-16 10:00:06;E10,906973;N48,358012;483,000;300;SW V1-11 (2020-06-17);2019-06-11 14:16:04;original set-up
2020-08-16 12:05:06;SN19057;measure;11,53;10,45;10,02;43054,1;3430,0;531,0;90,5;120,1;73,1;47,0;3,5;10,4;3,5;0,0;0,0;5,2;0,0;0,0;0,0;0,0;0,0;0,0;0,0;0,0;0,0;0,0;0,0;177770012;25,2;35,9;32,0;2020-08-16 10:05:06;E10,906843;N48,358000;485,400;300;SW V1-11 (2020-06-17);2019-06-11 14:16:04;original set-up
2020-08-16 12:10:06;SN19057;measure;10,44;9,97;9,55;40063,3;2957,0;474,1;100,5;105,5;80,4;31,8;16,8;5,0;1,7;1,7;0,0;0,0;0,0;0,0;0,0;0,0;0,0;0,0;0,0;0,0;0,0;0,0;0,0;177770012;26,1;35,9;32,1;2020-08-16 10:10:06;E10,906930;N48,358033;488,900;300;SW V1-11 (2020-06-17);2019-06-11 14:16:04;original set-up
2020-08-16 12:15:06;SN19057;measure;9,76;9,03;8,67;36332,4;2617,9;438,5;96,9;93,6;52,6;36,1;11,5;0,0;1,6;1,6;4,9;0,0;0,0;0,0;0,0;0,0;0,0;0,0;0,0;0,0;0,0;0,0;0,0;177770012;26,2;35,9;32,1;2020-08-16 10:15:06;E10,906965;N48,358003;484,700;300;SW V1-11 (2020-06-17);2019-06-11 14:16:04;original set-up
2020-08-16 12:20:06;SN19057;measure;9,71;8,98;8,63;35456,6;2364,1;407,5;104,4;92,6;42,1;37,0;10,1;0,0;0,0;3,4;1,7;1,7;0,0;0,0;0,0;0,0;0,0;0,0;0,0;0,0;0,0;0,0;0,0;177770012;27,2;36,2;31,6;2020-08-16 10:20:06;E10,906937;N48,358013;479,600;300;SW V1-11 (2020-06-17);2019-06-11 14:16:04;original set-up
2020-08-16 12:25:06;SN19057;measure;8,76;8,42;8,10;33156,2;2287,0;447,9;85,6;87,3;57,6;24,7;11,5;0,0;0,0;0,0;0,0;1,6;0,0;0,0;1,6;0,0;0,0;0,0;0,0;0,0;0,0;0,0;0,0;177770012;27,1;36,6;30,5;2020-08-16 10:25:06;E10,906962;N48,358000;478,400;300;SW V1-11 (2020-06-17);2019-06-11 14:16:04;original set-up
2020-08-16 12:30:06;SN19057;measure;8,66;8,35;7,86;32274,8;2074,7;373,1;104,7;103,0;76,0;55,7;6,8;5,1;0,0;1,7;0,0;0,0;0,0;0,0;0,0;0,0;0,0;0,0;0,0;0,0;0,0;0,0;0,0;177770012;27,1;37,1;29,9;2020-08-16 10:30:06;E10,906933;N48,358035;487,800;300;SW V1-11 (2020-06-17);2019-06-11 14:16:04;original set-up
2020-08-16 12:35:06;SN19057;measure;8,97;8,10;7,77;32755,3;2080,8;448,0;75,2;100,9;49,6;32,5;8,5;5,1;5,1;0,0;0,0;3,4;0,0;0,0;0,0;0,0;0,0;0,0;0,0;0,0;0,0;0,0;0,0;177770012;26,1;37,7;29,2;2020-08-16 10:35:06;E10,906848;N48,358070;487,400;300;SW V1-11 (2020-06-17);2019-06-11 14:16:04;original set-up
2020-08-16 12:40:06;SN19057;measure;8,81;8,36;7,97;32594,6;2224,0;446,9;123,7;92,8;55,0;39,5;8,6;3,4;0,0;1,7;1,7;0,0;0,0;0,0;0,0;0,0;0,0;0,0;0,0;0,0;0,0;0,0;0,0;177770012;27,0;38,3;27,9;2020-08-16 10:40:06;E10,906927;N48,358035;482,800;300;SW V1-11 (2020-06-17);2019-06-11 14:16:04;original set-up
2020-08-16 12:45:06;SN19057;measure;7,81;7,60;7,28;30464,5;1806,2;362,0;82,0;115,9;60,6;23,2;8,9;1,8;1,8;0,0;0,0;0,0;0,0;0,0;0,0;0,0;0,0;0,0;0,0;0,0;0,0;0,0;0,0;177770012;26,6;38,6;28,2;2020-08-16 10:45:06;E10,906952;N48,358018;477,800;300;SW V1-11 (2020-06-17);2019-06-11 14:16:04;original set-up
2020-08-16 12:50:06;SN19057;measure;8,38;8,13;7,82;33118,4;1998,5;409,5;103,3;103,3;52,6;24,4;7,5;7,5;0,0;0,0;0,0;0,0;0,0;0,0;0,0;0,0;0,0;0,0;0,0;0,0;0,0;0,0;0,0;177770012;25,8;39,0;26,9;2020-08-16 10:50:06;E10,906977;N48,358032;479,200;300;SW V1-11 (2020-06-17);2019-06-11 14:16:04;original set-up
2020-08-16 12:55:06;SN19057;measure;9,51;9,05;8,72;36009,6;2155,5;401,9;84,7;102,7;39,7;32,4;12,6;1,8;3,6;1,8;0,0;0,0;0,0;0,0;0,0;0,0;0,0;0,0;0,0;0,0;0,0;0,0;0,0;177770012;26,8;39,2;26,5;2020-08-16 10:55:06;E10,906998;N48,358045;477,600;300;SW V1-11 (2020-06-17);2019-06-11 14:16:04;original set-up
2020-08-16 13:00:06;SN19057;measure;9,33;8,86;8,56;35570,6;2166,6;352,6;60,3;98,6;62,1;21,9;9,1;0,0;1,8;1,8;1,8;0,0;0,0;0,0;0,0;0,0;0,0;0,0;0,0;0,0;0,0;0,0;0,0;177770012;26,8;39,1;27,0;2020-08-16 11:00:06;E10,906978;N48,358000;476,600;300;SW V1-11 (2020-06-17);2019-06-11 14:16:04;original set-up
2020-08-16 13:05:06;SN19057;measure;9,34;8,51;8,17;33075,1;1925,7;337,8;96,0;117,4;55,1;23,1;12,4;1,8;7,1;1,8;1,8;0,0;1,8;0,0;0,0;0,0;0,0;0,0;0,0;0,0;0,0;0,0;0,0;177770012;28,1;39,2;26,9;2020-08-16 11:05:06;E10,906962;N48,357998;475,300;300;SW V1-11 (2020-06-17);2019-06-11 14:16:04;original set-up
2020-08-16 13:10:06;SN19057;measure;7,80;6,95;6,71;26475,8;1428,5;279,3;49,1;69,4;38,9;15,2;6,8;8,5;1,7;1,7;3,4;0,0;1,7;0,0;0,0;0,0;0,0;0,0;0,0;0,0;0,0;0,0;0,0;177770012;29,6;39,4;26,2;2020-08-16 11:10:06;E10,906975;N48,357983;474,500;300;SW V1-11 (2020-06-17);2019-06-11 14:16:04;original set-up
2020-08-16 13:15:06;SN19057;measure;7,74;7,33;7,01;28091,1;1461,8;273,6;54,7;75,2;59,8;22,2;12,0;8,5;1,7;0,0;0,0;0,0;0,0;0,0;0,0;0,0;0,0;0,0;0,0;0,0;0,0;0,0;0,0;177770012;28,6;39,8;25,7;2020-08-16 11:15:06;E10,906985;N48,358022;478,500;300;SW V1-11 (2020-06-17);2019-06-11 14:16:04;original set-up
2020-08-16 13:20:06;SN19057;measure;8,32;7,81;7,53;30092,2;1615,6;328,3;75,6;77,3;55,0;17,2;1,7;12,0;1,7;1,7;0,0;0,0;0,0;0,0;0,0;0,0;0,0;0,0;0,0;0,0;0,0;0,0;0,0;177770012;28,8;40,4;25,1;2020-08-16 11:20:06;E10,906982;N48,358015;478,500;300;SW V1-11 (2020-06-17);2019-06-11 14:16:04;original set-up
2020-08-16 13:25:06;SN19057;measure;9,23;8,24;7,96;31217,3;1648,9;323,9;74,1;74,1;56,9;10,3;12,1;6,9;5,2;1,7;3,4;0,0;0,0;0,0;0,0;0,0;0,0;0,0;0,0;0,0;0,0;0,0;0,0;177770012;30,5;40,9;24,7;2020-08-16 11:25:06;E10,906983;N48,358015;479,800;300;SW V1-11 (2020-06-17);2019-06-11 14:16:04;original set-up
2020-08-16 13:30:06;SN19057;measure;8,90;8,36;8,04;31197,9;1623,8;305,8;58,7;84,6;44,9;32,8;5,2;5,2;1,7;3,5;0,0;0,0;0,0;0,0;0,0;0,0;0,0;0,0;0,0;0,0;0,0;0,0;0,0;177770012;31,7;41,5;24,4;2020-08-16 11:30:06;E10,907000;N48,357998;483,000;300;SW V1-11 (2020-06-17);2019-06-11 14:16:04;original set-up
2020-08-16 13:35:06;SN19057;measure;8,64;8,43;8,08;32698,6;1802,1;354,0;53,6;80,5;48,3;34,0;16,1;1,8;0,0;0,0;0,0;0,0;0,0;0,0;0,0;0,0;0,0;0,0;0,0;0,0;0,0;0,0;0,0;177770012;28,6;42,2;23,5;2020-08-16 11:35:06;E10,906978;N48,358040;490,400;300;SW V1-11 (2020-06-17);2019-06-11 14:16:04;original set-up
2020-08-16 13:40:06;SN19057;measure;8,65;7,71;7,41;29833,8;1611,7;255,1;73,9;79,2;36,9;24,6;17,6;3,5;3,5;3,5;0,0;1,8;0,0;0,0;0,0;0,0;0,0;0,0;0,0;0,0;0,0;0,0;0,0;177770012;28,5;42,6;22,5;2020-08-16 11:40:06;E10,906987;N48,357950;498,600;300;SW V1-11 (2020-06-17);2019-06-11 14:16:04;original set-up
2020-08-16 13:45:06;SN19057;measure;8,08;7,65;7,38;28693,3;1680,1;276,8;67,9;66,2;48,7;19,2;8,7;1,7;3,5;1,7;0,0;0,0;0,0;1,7;0,0;0,0;0,0;0,0;0,0;0,0;0,0;0,0;0,0;177770012;30,9;42,6;22,4;2020-08-16 11:45:06;E10,906975;N48,357987;498,800;300;SW V1-11 (2020-06-17);2019-06-11 14:16:04;original set-up
2020-08-16 13:50:06;SN19057;measure;8,95;8,04;7,70;30443,0;1712,9;368,5;75,5;73,7;57,5;16,2;21,6;9,0;7,2;1,8;0,0;0,0;0,0;0,0;0,0;0,0;0,0;0,0;0,0;0,0;0,0;0,0;0,0;177770012;29,9;42,7;22,8;2020-08-16 11:50:06;E10,906952;N48,357955;494,600;300;SW V1-11 (2020-06-17);2019-06-11 14:16:04;original set-up
2020-08-16 13:55:06;SN19057;measure;9,20;7,77;7,44;29738,6;1701,0;344,7;77,2;84,8;60,3;26,4;5,7;7,5;5,7;5,7;5,7;0,0;0,0;0,0;0,0;0,0;0,0;0,0;0,0;0,0;0,0;0,0;0,0;177770012;29,2;42,9;22,6;2020-08-16 11:55:06;E10,906990;N48,357977;487,500;300;SW V1-11 (2020-06-17);2019-06-11 14:16:04;original set-up
2020-08-16 14:00:06;SN19057;measure;8,03;7,55;7,25;28291,4;1585,8;300,7;69,1;87,8;37,4;22,4;14,9;5,6;3,7;0,0;0,0;0,0;0,0;0,0;0,0;0,0;0,0;0,0;0,0;0,0;0,0;0,0;0,0;177770012;30,2;43,0;21,5;2020-08-16 12:00:06;E10,906960;N48,357987;483,200;300;SW V1-11 (2020-06-17);2019-06-11 14:16:04;original set-up
2020-08-16 14:05:06;SN19057;measure;8,66;7,95;7,58;29963,4;1606,7;321,3;81,7;98,4;53,9;37,2;5,6;0,0;5,6;1,9;0,0;1,9;0,0;0,0;0,0;0,0;0,0;0,0;0,0;0,0;0,0;0,0;0,0;177770012;29,4;43,0;21,7;2020-08-16 12:05:06;E10,906948;N48,357970;481,000;300;SW V1-11 (2020-06-17);2019-06-11 14:16:04;original set-up
2020-08-16 14:10:06;SN19057;measure;8,46;7,95;7,64;30146,9;1746,8;322,3;53,7;81,5;46,3;24,1;9,3;11,1;1,9;0,0;0,0;0,0;1,9;0,0;0,0;0,0;0,0;0,0;0,0;0,0;0,0;0,0;0,0;177770012;29,9;43,1;22,1;2020-08-16 12:10:06;E10,906920;N48,357983;480,000;300;SW V1-11 (2020-06-17);2019-06-11 14:16:04;original set-up
2020-08-16 14:15:06;SN19057;measure;8,14;7,84;7,54;30314,5;1730,2;333,4;69,0;53,7;36,4;36,4;5,7;3,8;0,0;1,9;0,0;0,0;0,0;0,0;0,0;0,0;0,0;0,0;0,0;0,0;0,0;0,0;0,0;177770012;28,6;43,2;21,9;2020-08-16 12:15:06;E10,906950;N48,357982;480,100;300;SW V1-11 (2020-06-17);2019-06-11 14:16:04;original set-up
2020-08-16 14:20:06;SN19057;measure;8,59;7,63;7,29;29130,2;1597,4;325,9;79,1;71,6;64,0;28,3;5,7;1,9;1,9;5,7;3,8;0,0;0,0;0,0;0,0;0,0;0,0;0,0;0,0;0,0;0,0;0,0;0,0;177770012;28,7;43,2;21,5;2020-08-16 12:20:06;E10,906947;N48,357998;483,100;300;SW V1-11 (2020-06-17);2019-06-11 14:16:04;original set-up
2020-08-16 14:25:06;SN19057;measure;8,50;8,28;7,95;32180,1;1798,2;404,7;86,7;107,9;46,3;28,9;7,7;5,8;0,0;0,0;0,0;0,0;0,0;0,0;0,0;0,0;0,0;0,0;0,0;0,0;0,0;0,0;0,0;177770012;28,2;43,1;22,1;2020-08-16 12:25:06;E10,906905;N48,358030;482,900;300;SW V1-11 (2020-06-17);2019-06-11 14:16:04;original set-up
2020-08-16 14:30:06;SN19057;measure;8,00;7,34;7,05;27174,5;1594,3;281,5;66,1;85,0;41,6;22,7;9,4;1,9;1,9;1,9;0,0;1,9;0,0;0,0;0,0;0,0;0,0;0,0;0,0;0,0;0,0;0,0;0,0;177770012;31,7;42,9;22,1;2020-08-16 12:30:06;E10,906915;N48,358013;482,900;300;SW V1-11 (2020-06-17);2019-06-11 14:16:04;original set-up
2020-08-16 14:35:06;SN19057;measure;7,66;7,36;7,08;27660,0;1610,1;371,7;76,6;78,5;37,4;26,2;1,9;5,6;0,0;1,9;0,0;0,0;0,0;1,9;0,0;0,0;0,0;0,0;0,0;0,0;0,0;0,0;0,0;177770012;29,9;42,9;21,6;2020-08-16 12:35:06;E10,906882;N48,358042;482,300;300;SW V1-11 (2020-06-17);2019-06-11 14:16:04;original set-up
2020-08-16 14:40:06;SN19057;measure;9,41;8,08;7,72;31096,5;1822,2;412,4;76,2;105,9;50,2;29,7;13,0;5,6;3,7;1,9;5,6;1,9;0,0;1,9;0,0;0,0;0,0;0,0;0,0;0,0;0,0;0,0;0,0;177770012;28,4;43,2;21,9;2020-08-16 12:40:06;E10,906928;N48,358005;480,900;300;SW V1-11 (2020-06-17);2019-06-11 14:16:04;original set-up
2020-08-16 14:45:06;SN19057;measure;8,63;7,89;7,64;30502,4;1843,0;396,4;64,8;85,2;46,3;13,0;11,1;3,7;1,9;3,7;1,9;0,0;0,0;0,0;0,0;0,0;0,0;0,0;0,0;0,0;0,0;0,0;0,0;177770012;29,0;43,5;21,7;2020-08-16 12:45:06;E10,906927;N48,358013;481,600;300;SW V1-11 (2020-06-17);2019-06-11 14:16:04;original set-up
2020-08-16 14:50:06;SN19057;measure;8,74;7,88;7,58;30462,1;1912,4;371,7;84,3;90,1;49,8;28,7;1,9;1,9;11,5;3,8;0,0;0,0;0,0;0,0;0,0;0,0;0,0;0,0;0,0;0,0;0,0;0,0;0,0;177770012;28,2;43,4;21,4;2020-08-16 12:50:06;E10,906960;N48,358020;484,200;300;SW V1-11 (2020-06-17);2019-06-11 14:16:04;original set-up
2020-08-16 14:55:06;SN19057;measure;9,10;8,42;8,03;31673,2;1866,8;393,7;103,6;82,9;52,7;37,7;5,7;11,3;3,8;0,0;1,9;0,0;0,0;0,0;0,0;0,0;0,0;0,0;0,0;0,0;0,0;0,0;0,0;177770012;29,3;43,4;21,2;2020-08-16 12:55:06;E10,906932;N48,358008;499,700;300;SW V1-11 (2020-06-17);2019-06-11 14:16:04;original set-up
2020-08-16 15:00:06;SN19057;measure;8,96;8,00;7,66;30464,7;1794,2;343,0;86,7;65,5;55,9;25,1;17,3;1,9;1,9;3,9;3,9;0,0;0,0;0,0;0,0;0,0;0,0;0,0;0,0;0,0;1,9;0,0;0,0;177770012;28,8;43,3;21,3;2020-08-16 13:00:06;E10,906950;N48,357985;511,300;300;SW V1-11 (2020-06-17);2019-06-11 14:16:04;original set-up
2020-08-16 15:05:06;SN19057;measure;8,99;8,33;7,89;31170,1;1871,8;391,9;78,0;74,1;66,3;44,8;9,7;5,8;1,9;1,9;1,9;0,0;0,0;0,0;0,0;0,0;0,0;0,0;0,0;0,0;0,0;0,0;0,0;177770012;29,1;43,3;21,2;2020-08-16 13:05:06;E10,907000;N48,357968;500,500;300;SW V1-11 (2020-06-17);2019-06-11 14:16:04;original set-up
2020-08-16 15:10:06;SN19057;measure;8,69;7,93;7,64;30464,0;1772,6;402,8;64,6;60,8;57,0;22,8;3,8;3,8;0,0;3,8;3,8;0,0;0,0;1,9;0,0;0,0;0,0;0,0;0,0;0,0;0,0;0,0;0,0;177770012;28,4;43,2;21,1;2020-08-16 13:10:06;E10,907073;N48,357995;501,000;300;SW V1-11 (2020-06-17);2019-06-11 14:16:04;original set-up
2020-08-16 15:15:06;SN19057;measure;8,45;7,71;7,39;29583,4;1738,7;374,1;69,8;77,5;48,5;31,0;9,7;1,9;1,9;1,9;3,9;0,0;0,0;0,0;0,0;0,0;0,0;0,0;0,0;0,0;0,0;0,0;0,0;177770012;27,9;43,1;20,9;2020-08-16 13:15:06;E10,907053;N48,357928;496,600;300;SW V1-11 (2020-06-17);2019-06-11 14:16:04;original set-up
2020-08-16 15:20:06;SN19057;measure;7,83;7,43;7,09;27939,1;1562,4;369,6;80,2;86,0;66,5;25,4;3,9;3,9;2,0;0,0;2,0;0,0;0,0;0,0;0,0;0,0;0,0;0,0;0,0;0,0;0,0;0,0;0,0;177770012;28,9;42,9;21,0;2020-08-16 13:20:06;E10,907045;N48,357940;490,500;300;SW V1-11 (2020-06-17);2019-06-11 14:16:04;original set-up
2020-08-16 15:25:06;SN19057;measure;7,45;7,16;6,91;27129,2;1552,7;323,9;83,8;53,3;43,8;15,2;5,7;9,5;0,0;0,0;0,0;0,0;0,0;0,0;0,0;0,0;0,0;1,9;0,0;0,0;0,0;0,0;0,0;177770012;28,9;42,7;21,0;2020-08-16 13:25:06;E10,907005;N48,357963;486,400;300;SW V1-11 (2020-06-17);2019-06-11 14:16:04;original set-up
2020-08-16 15:30:06;SN19057;measure;7,98;7,22;6,96;27478,3;1512,0;316,0;75,6;62,0;23,3;27,1;7,8;5,8;1,9;0,0;1,9;1,9;0,0;0,0;0,0;0,0;0,0;0,0;0,0;0,0;0,0;0,0;0,0;177770012;28,9;42,7;21,3;2020-08-16 13:30:06;E10,906918;N48,357997;488,300;300;SW V1-11 (2020-06-17);2019-06-11 14:16:04;original set-up
2020-08-16 15:35:06;SN19057;measure;7,59;6,86;6,51;25588,5;1384,7;314,5;62,5;85,2;53,0;32,2;1,9;11,4;0,0;1,9;1,9;0,0;3,8;0,0;0,0;0,0;0,0;0,0;0,0;0,0;0,0;0,0;0,0;177770012;29,2;42,9;21,1;2020-08-16 13:35:06;E10,906920;N48,357960;489,000;300;SW V1-11 (2020-06-17);2019-06-11 14:16:04;original set-up
2020-08-16 15:40:06;SN19057;measure;7,23;6,57;6,32;24638,5;1250,6;247,4;48,3;71,5;48,3;15,5;7,7;3,9;5,8;1,9;0,0;0,0;1,9;0,0;0,0;0,0;0,0;0,0;0,0;0,0;0,0;0,0;0,0;177770012;29,8;43,1;20,5;2020-08-16 13:40:06;E10,907022;N48,357965;487,800;300;SW V1-11 (2020-06-17);2019-06-11 14:16:04;original set-up
2020-08-16 15:45:06;SN19057;measure;7,50;6,59;6,23;24466,8;1102,6;238,7;56,8;66,3;70,1;30,3;7,6;5,7;11,4;0,0;1,9;0,0;0,0;0,0;0,0;0,0;0,0;0,0;0,0;0,0;0,0;0,0;0,0;177770012;29,6;43,2;20,8;2020-08-16 13:45:06;E10,907058;N48,357962;487,600;300;SW V1-11 (2020-06-17);2019-06-11 14:16:04;original set-up
2020-08-16 15:50:06;SN19057;measure;6,15;5,87;5,60;22053,1;1172,5;219,1;61,8;59,9;43,1;22,5;9,4;3,7;1,9;0,0;0,0;0,0;0,0;0,0;0,0;0,0;0,0;0,0;0,0;0,0;0,0;0,0;0,0;177770012;29,2;43,4;20,7;2020-08-16 13:50:06;E10,906963;N48,357968;484,900;300;SW V1-11 (2020-06-17);2019-06-11 14:16:04;original set-up
2020-08-16 15:55:06;SN19057;measure;6,32;6,04;5,70;22128,8;996,5;203,0;59,6;63,3;42,8;35,4;9,3;3,7;1,9;0,0;0,0;0,0;0,0;0,0;0,0;0,0;0,0;0,0;0,0;0,0;0,0;0,0;0,0;177770012;30,2;43,5;20,1;2020-08-16 13:55:06;E10,906965;N48,357962;484,700;300;SW V1-11 (2020-06-17);2019-06-11 14:16:04;original set-up
2020-08-16 16:00:06;SN19057;measure;6,58;6,10;5,71;22101,0;919,4;200,6;68,7;70,6;44,6;39,0;18,6;3,7;0,0;0,0;1,9;0,0;0,0;0,0;0,0;0,0;0,0;0,0;0,0;0,0;0,0;0,0;0,0;177770012;30,6;43,7;20,1;2020-08-16 14:00:06;E10,906985;N48,357983;481,600;300;SW V1-11 (2020-06-17);2019-06-11 14:16:04;original set-up
2020-08-16 16:05:06;SN19057;measure;6,08;5,57;5,25;20748,8;847,0;224,2;74,7;53,7;44,1;32,6;3,8;9,6;1,9;1,9;0,0;0,0;0,0;0,0;0,0;0,0;0,0;0,0;0,0;0,0;0,0;0,0;0,0;177770012;29,1;44,1;19,9;2020-08-16 14:05:06;E10,906968;N48,357972;479,900;300;SW V1-11 (2020-06-17);2019-06-11 14:16:04;original set-up
2020-08-16 16:10:06;SN19057;measure;6,10;5,53;5,24;20651,4;839,8;210,0;44,7;81,6;38,9;25,3;11,7;3,9;3,9;0,0;1,9;0,0;0,0;0,0;0,0;0,0;0,0;0,0;0,0;0,0;0,0;0,0;0,0;177770012;29,1;44,5;19,2;2020-08-16 14:10:06;E10,906978;N48,357993;481,300;300;SW V1-11 (2020-06-17);2019-06-11 14:16:04;original set-up
2020-08-16 16:15:06;SN19057;measure;5,99;5,46;5,20;20461,0;890,5;186,0;50,2;69,0;48,1;18,8;6,3;4,2;4,2;2,1;0,0;0,0;0,0;0,0;0,0;0,0;0,0;0,0;0,0;0,0;0,0;0,0;0,0;177770012;28,9;44,6;18,7;2020-08-16 14:15:06;E10,906985;N48,357963;475,700;300;SW V1-11 (2020-06-17);2019-06-11 14:16:04;original set-up
2020-08-16 16:20:06;SN19057;measure;5,80;5,27;4,96;19369,7;872,1;189,1;59,0;69,1;48,8;30,5;8,1;0,0;2,0;2,0;2,0;0,0;0,0;0,0;0,0;0,0;0,0;0,0;0,0;0,0;0,0;0,0;0,0;177770012;28,8;44,4;18,3;2020-08-16 14:20:06;E10,906937;N48,358120;489,700;300;SW V1-11 (2020-06-17);2019-06-11 14:16:04;original set-up
2020-08-16 16:25:06;SN19057;measure;5,71;5,12;4,82;18697,7;730,9;196,2;50,1;84,1;42,1;22,0;14,0;6,0;0,0;0,0;0,0;2,0;0,0;0,0;0,0;0,0;0,0;0,0;0,0;0,0;0,0;0,0;0,0;177770012;29,3;44,2;18,4;2020-08-16 14:25:06;E10,906975;N48,358033;486,700;300;SW V1-11 (2020-06-17);2019-06-11 14:16:04;original set-up
2020-08-16 16:30:06;SN19057;measure;5,65;5,05;4,83;18377,5;718,8;223,6;50,1;67,5;38,5;11,6;7,7;5,8;7,7;0,0;0,0;0,0;0,0;0,0;0,0;1,9;0,0;0,0;0,0;0,0;0,0;0,0;0,0;177770012;31,2;44,1;18,4;2020-08-16 14:30:06;E10,907012;N48,358088;492,100;300;SW V1-11 (2020-06-17);2019-06-11 14:16:04;original set-up
2020-08-16 16:35:06;SN19057;measure;5,51;5,15;4,82;18538,2;710,2;207,8;35,9;69,9;54,8;26,4;11,3;5,7;1,9;0,0;0,0;0,0;0,0;0,0;0,0;0,0;0,0;0,0;0,0;0,0;0,0;0,0;0,0;177770012;31,0;44,2;19,1;2020-08-16 14:35:06;E10,906943;N48,357995;490,200;300;SW V1-11 (2020-06-17);2019-06-11 14:16:04;original set-up
2020-08-16 16:40:06;SN19057;measure;5,69;5,12;4,86;19011,8;784,8;139,2;46,4;87,0;50,3;19,3;3,9;1,9;3,9;3,9;0,0;0,0;0,0;0,0;0,0;0,0;0,0;0,0;0,0;0,0;0,0;0,0;0,0;177770012;29,1;44,5;18,6;2020-08-16 14:40:06;E10,906882;N48,358057;489,800;300;SW V1-11 (2020-06-17);2019-06-11 14:16:04;original set-up
2020-08-16 16:45:06;SN19057;measure;5,95;5,34;5,12;19962,3;784,2;185,8;56,7;56,7;35,2;19,6;3,9;2,0;3,9;0,0;0,0;2,0;2,0;0,0;0,0;0,0;0,0;0,0;0,0;0,0;0,0;0,0;0,0;177770012;28,8;44,4;18,0;2020-08-16 14:45:06;E10,907013;N48,357982;484,600;300;SW V1-11 (2020-06-17);2019-06-11 14:16:04;original set-up
2020-08-16 16:50:06;SN19057;measure;5,76;5,42;5,17;20198,7;790,7;171,1;53,1;64,9;35,4;25,6;3,9;2,0;2,0;2,0;0,0;0,0;0,0;0,0;0,0;0,0;0,0;0,0;0,0;0,0;0,0;0,0;0,0;177770012;29,1;43,8;19,0;2020-08-16 14:50:06;E10,906958;N48,358065;479,300;300;SW V1-11 (2020-06-17);2019-06-11 14:16:04;original set-up
2020-08-16 16:55:06;SN19057;measure;5,95;5,52;5,21;20400,7;853,7;188,8;35,4;66,9;39,3;31,5;9,8;5,9;3,9;0,0;0,0;0,0;0,0;0,0;0,0;0,0;0,0;0,0;0,0;0,0;0,0;0,0;0,0;177770012;28,8;43,0;19,6;2020-08-16 14:55:06;E10,906932;N48,357987;473,400;300;SW V1-11 (2020-06-17);2019-06-11 14:16:04;original set-up
2020-08-16 17:00:06;SN19057;measure;6,56;5,33;5,09;19965,3;862,6;189,6;53,0;89,7;36,7;18,4;6,1;0,0;6,1;4,1;0,0;4,1;0,0;0,0;0,0;0,0;0,0;2,0;0,0;0,0;0,0;0,0;0,0;177770012;28,0;42,3;19,9;2020-08-16 15:00:06;E10,906982;N48,357990;473,700;300;SW V1-11 (2020-06-17);2019-06-11 14:16:04;original set-up
2020-08-16 17:05:06;SN19057;measure;5,95;5,64;5,39;20909,4;878,8;188,6;56,4;79,7;48,6;13,6;7,8;1,9;3,9;0,0;0,0;0,0;0,0;0,0;0,0;0,0;0,0;0,0;0,0;0,0;0,0;0,0;0,0;177770012;28,2;41,5;19,8;2020-08-16 15:05:06;E10,907113;N48,358055;481,200;300;SW V1-11 (2020-06-17);2019-06-11 14:16:04;original set-up
2020-08-16 17:10:06;SN19057;measure;6,51;5,83;5,50;21487,3;1013,5;181,9;68,2;72,0;54,9;26,5;9,5;7,6;1,9;3,8;0,0;0,0;0,0;0,0;0,0;1,9;0,0;0,0;0,0;0,0;0,0;0,0;0,0;177770012;28,2;40,9;21,4;2020-08-16 15:10:06;E10,906995;N48,358002;473,900;300;SW V1-11 (2020-06-17);2019-06-11 14:16:04;original set-up
2020-08-16 17:15:06;SN19057;measure;6,42;5,77;5,47;21340,8;940,5;235,6;54,4;90,6;38,1;25,4;14,5;1,8;3,6;3,6;0,0;0,0;0,0;0,0;0,0;0,0;0,0;0,0;0,0;0,0;0,0;0,0;0,0;177770012;28,3;40,4;21,9;2020-08-16 15:15:06;E10,906962;N48,358052;485,800;300;SW V1-11 (2020-06-17);2019-06-11 14:16:04;original set-up
2020-08-16 17:20:06;SN19057;measure;6,41;5,79;5,44;21326,2;919,7;214,3;86,1;64,1;55,0;29,3;12,8;3,7;5,5;1,8;0,0;0,0;0,0;0,0;0,0;0,0;0,0;0,0;0,0;0,0;0,0;0,0;0,0;177770012;28,1;40,1;22,5;2020-08-16 15:20:06;E10,906923;N48,358083;484,400;300;SW V1-11 (2020-06-17);2019-06-11 14:16:04;original set-up
2020-08-16 17:25:06;SN19057;measure;6,17;5,55;5,27;20556,6;931,8;176,0;49,8;83,6;40,9;19,6;8,9;8,9;0,0;1,8;1,8;0,0;0,0;0,0;0,0;0,0;0,0;0,0;0,0;0,0;0,0;0,0;0,0;177770012;28,6;39,8;22,8;2020-08-16 15:25:06;E10,906970;N48,358027;473,900;300;SW V1-11 (2020-06-17);2019-06-11 14:16:04;original set-up
2020-08-16 17:30:06;SN19057;measure;6,04;5,33;5,00;19596,5;909,0;191,3;52,6;73,7;49,1;28,1;15,8;1,8;0,0;3,5;1,8;0,0;1,8;0,0;0,0;0,0;0,0;0,0;0,0;0,0;0,0;0,0;0,0;177770012;28,4;39,5;23,6;2020-08-16 15:30:06;E10,906965;N48,357992;471,200;300;SW V1-11 (2020-06-17);2019-06-11 14:16:04;original set-up
2020-08-16 17:35:06;SN19057;measure;6,18;5,35;5,02;19625,8;802,7;191,5;52,2;64,4;40,0;33,1;8,7;8,7;0,0;3,5;0,0;1,7;0,0;0,0;0,0;0,0;0,0;0,0;0,0;0,0;0,0;0,0;0,0;177770012;28,6;39,3;23,6;2020-08-16 15:35:06;E10,906918;N48,358020;471,200;300;SW V1-11 (2020-06-17);2019-06-11 14:16:04;original set-up
2020-08-16 17:40:06;SN19057;measure;5,51;5,14;4,88;18895,7;837,0;168,4;53,8;76,4;43,4;19,1;5,2;6,9;0,0;1,7;0,0;0,0;0,0;0,0;0,0;0,0;0,0;0,0;0,0;0,0;0,0;0,0;0,0;177770012;29,1;39,1;23,5;2020-08-16 15:40:06;E10,906913;N48,358005;470,700;300;SW V1-11 (2020-06-17);2019-06-11 14:16:04;original set-up
2020-08-16 17:45:06;SN19057;measure;6,19;5,36;4,98;19356,3;789,8;178,4;58,9;74,5;45,0;36,4;13,9;10,4;5,2;1,7;0,0;0,0;1,7;0,0;0,0;0,0;1,7;0,0;0,0;0,0;0,0;0,0;0,0;177770012;28,9;39,0;23,8;2020-08-16 15:45:06;E10,906923;N48,357993;470,400;300;SW V1-11 (2020-06-17);2019-06-11 14:16:04;original set-up
2020-08-16 17:50:06;SN19057;measure;5,61;5,19;4,93;19508,2;866,0;169,7;53,7;64,1;38,1;22,5;8,7;6,9;3,5;0,0;0,0;0,0;0,0;0,0;0,0;0,0;0,0;0,0;0,0;0,0;0,0;0,0;0,0;177770012;27,9;39,0;24,5;2020-08-16 15:50:06;E10,906888;N48,358023;471,800;300;SW V1-11 (2020-06-17);2019-06-11 14:16:04;original set-up
2020-08-16 17:55:06;SN19057;measure;6,28;5,31;5,04;19903,8;874,1;210,8;50,1;43,2;51,8;20,7;8,6;5,2;1,7;3,5;1,7;1,7;0,0;0,0;0,0;0,0;0,0;0,0;0,0;0,0;0,0;0,0;0,0;177770012;27,9;38,9;24,4;2020-08-16 15:55:06;E10,906940;N48,358022;476,000;300;SW V1-11 (2020-06-17);2019-06-11 14:16:04;original set-up
2020-08-16 18:00:06;SN19057;measure;6,20;5,54;5,28;20809,0;951,8;203,8;50,1;70,8;44,9;20,7;5,2;5,2;1,7;0,0;1,7;1,7;0,0;0,0;0,0;0,0;0,0;0,0;0,0;0,0;0,0;0,0;0,0;177770012;27,9;38,7;24,5;2020-08-16 16:00:06;E10,906980;N48,357958;472,300;300;SW V1-11 (2020-06-17);2019-06-11 14:16:04;original set-up
2020-08-16 18:05:06;SN19057;measure;7,25;5,76;5,41;21421,3;981,5;207,4;51,8;78,7;41,1;39,3;7,2;8,9;8,9;0,0;5,4;1,8;1,8;0,0;0,0;0,0;0,0;0,0;0,0;0,0;0,0;0,0;0,0;177770012;27,8;38,5;25,0;2020-08-16 16:05:06;E10,906980;N48,357952;471,500;300;SW V1-11 (2020-06-17);2019-06-11 14:16:04;original set-up
2020-08-16 18:10:06;SN19057;measure;6,16;5,39;5,05;19864,9;894,2;190,0;44,1;47,5;52,6;30,5;13,6;8,5;3,4;3,4;0,0;0,0;0,0;0,0;0,0;0,0;0,0;0,0;0,0;0,0;0,0;0,0;0,0;177770012;28,1;38,3;25,0;2020-08-16 16:10:06;E10,906943;N48,358013;477,000;300;SW V1-11 (2020-06-17);2019-06-11 14:16:04;original set-up
2020-08-16 18:15:06;SN19057;measure;6,01;4,93;4,66;18310,9;718,1;173,7;54,6;64,5;34,7;16,5;16,5;8,3;1,7;5,0;0,0;1,7;0,0;0,0;0,0;0,0;0,0;0,0;0,0;0,0;0,0;0,0;0,0;177770012;28,2;38,2;25,1;2020-08-16 16:15:06;E10,907010;N48,358038;480,700;300;SW V1-11 (2020-06-17);2019-06-11 14:16:04;original set-up
2020-08-16 18:20:06;SN19057;measure;5,49;4,99;4,72;18457,9;831,9;173,2;71,9;49,0;34,3;26,1;4,9;8,2;1,6;1,6;0,0;0,0;1,6;0,0;1,6;0,0;0,0;0,0;0,0;0,0;0,0;0,0;0,0;177770012;28,2;38,1;25,0;2020-08-16 16:20:06;E10,906963;N48,358018;478,600;300;SW V1-11 (2020-06-17);2019-06-11 14:16:04;original set-up
2020-08-16 18:25:06;SN19057;measure;6,01;5,08;4,78;18757,3;765,9;174,7;47,0;80,6;43,7;18,5;13,4;11,8;1,7;3,4;1,7;0,0;0,0;0,0;0,0;0,0;0,0;0,0;0,0;0,0;0,0;0,0;0,0;177770012;28,3;38,1;25,2;2020-08-16 16:25:06;E10,906835;N48,357978;479,600;300;SW V1-11 (2020-06-17);2019-06-11 14:16:04;original set-up
2020-08-16 18:30:06;SN19057;measure;6,59;5,15;4,76;18572,7;793,1;220,0;58,0;81,9;39,2;44,3;8,5;11,9;5,1;3,4;3,4;1,7;0,0;0,0;0,0;0,0;0,0;0,0;0,0;0,0;0,0;0,0;0,0;177770012;28,5;38,1;25,1;2020-08-16 16:30:06;E10,906892;N48,357947;480,000;300;SW V1-11 (2020-06-17);2019-06-11 14:16:04;original set-up
2020-08-16 18:35:06;SN19057;measure;5,71;4,85;4,59;17975,4;768,0;129,4;31,5;61,4;44,8;18,2;6,6;13,3;1,7;0,0;1,7;1,7;0,0;0,0;0,0;0,0;0,0;0,0;0,0;0,0;0,0;0,0;0,0;177770012;28,4;38,0;25,0;2020-08-16 16:35:06;E10,906935;N48,357972;481,000;300;SW V1-11 (2020-06-17);2019-06-11 14:16:04;original set-up
2020-08-16 18:40:06;SN19057;measure;6,04;5,03;4,70;18346,7;809,0;228,5;69,4;71,1;55,9;27,1;6,8;8,5;3,4;3,4;3,4;0,0;0,0;0,0;0,0;1,7;0,0;0,0;0,0;0,0;0,0;0,0;0,0;177770012;28,3;38,1;25,1;2020-08-16 16:40:06;E10,906947;N48,357957;480,700;300;SW V1-11 (2020-06-17);2019-06-11 14:16:04;original set-up
2020-08-16 18:45:06;SN19057;measure;5,56;5,21;4,88;19066,6;836,6;224,6;54,8;70,7;61,9;26,5;10,6;3,5;0,0;1,8;0,0;0,0;0,0;0,0;0,0;0,0;0,0;0,0;0,0;0,0;0,0;0,0;0,0;177770012;28,2;38,1;25,0;2020-08-16 16:45:06;E10,906902;N48,357985;481,200;300;SW V1-11 (2020-06-17);2019-06-11 14:16:04;original set-up
2020-08-16 18:50:06;SN19057;measure;6,00;5,09;4,71;18525,1;833,1;187,3;68,3;70,0;64,8;29,8;14,0;7,0;3,5;3,5;1,8;0,0;0,0;0,0;0,0;0,0;0,0;0,0;0,0;0,0;0,0;0,0;0,0;177770012;27,8;38,1;25,0;2020-08-16 16:50:06;E10,906888;N48,357977;477,300;300;SW V1-11 (2020-06-17);2019-06-11 14:16:04;original set-up
2020-08-16 18:55:06;SN19057;measure;5,90;5,12;4,82;18954,7;868,3;189,3;69,5;69,5;46,9;24,3;8,7;5,2;1,7;3,5;1,7;0,0;1,7;0,0;0,0;0,0;0,0;0,0;0,0;0,0;0,0;0,0;0,0;177770012;27,6;38,0;24,9;2020-08-16 16:55:06;E10,906917;N48,358052;486,200;300;SW V1-11 (2020-06-17);2019-06-11 14:16:04;original set-up
2020-08-16 19:00:06;SN19057;measure;6,14;5,32;5,05;20042,1;841,7;176,7;36,4;57,2;32,9;24,2;12,1;8,7;3,5;0,0;3,5;0,0;0,0;0,0;0,0;0,0;0,0;0,0;0,0;0,0;0,0;0,0;0,0;177770012;27,5;38,0;25,2;2020-08-16 17:00:06;E10,906922;N48,358033;483,200;300;SW V1-11 (2020-06-17);2019-06-11 14:16:04;original set-up
2020-08-16 19:05:06;SN19057;measure;6,15;5,09;4,76;18759,0;827,2;203,9;63,5;70,2;56,8;23,4;8,4;15,0;6,7;0,0;3,3;0,0;0,0;0,0;0,0;0,0;0,0;0,0;0,0;0,0;0,0;0,0;0,0;177770012;27,6;37,8;25,3;2020-08-16 17:05:06;E10,906827;N48,358087;476,900;300;SW V1-11 (2020-06-17);2019-06-11 14:16:04;original set-up
2020-08-16 19:10:06;SN19057;measure;5,76;5,14;4,80;18950,6;852,3;188,8;57,8;62,9;52,7;30,6;6,8;11,9;0,0;3,4;0,0;0,0;0,0;1,7;0,0;0,0;0,0;0,0;0,0;0,0;0,0;0,0;0,0;177770012;27,5;37,8;25,4;2020-08-16 17:10:06;E10,906853;N48,358077;483,000;300;SW V1-11 (2020-06-17);2019-06-11 14:16:04;original set-up
2020-08-16 19:15:06;SN19057;measure;5,81;5,17;4,76;18748,8;884,6;204,0;53,1;75,4;51,4;39,4;20,6;10,3;0,0;0,0;1,7;0,0;0,0;0,0;0,0;0,0;0,0;1,7;0,0;0,0;0,0;0,0;0,0;177770012;27,5;37,7;25,4;2020-08-16 17:15:06;E10,906885;N48,358217;501,700;300;SW V1-11 (2020-06-17);2019-06-11 14:16:04;original set-up
2020-08-16 19:20:06;SN19057;measure;5,70;5,11;4,84;19109,4;851,4;219,5;44,9;66,5;34,9;28,3;5,0;8,3;1,7;3,3;0,0;0,0;0,0;0,0;0,0;0,0;0,0;0,0;0,0;0,0;0,0;0,0;0,0;177770012;27,5;37,6;25,6;2020-08-16 17:20:06;E10,907025;N48,358132;495,900;300;SW V1-11 (2020-06-17);2019-06-11 14:16:04;original set-up
2020-08-16 19:25:06;SN19057;measure;5,91;5,04;4,74;18724,1;874,9;180,2;37,7;80,3;59,0;21,3;6,6;4,9;3,3;4,9;1,6;0,0;0,0;0,0;1,6;0,0;0,0;0,0;0,0;0,0;0,0;0,0;1,6;177770012;27,6;37,5;25,8;2020-08-16 17:25:06;E10,906910;N48,358045;486,600;300;SW V1-11 (2020-06-17);2019-06-11 14:16:04;original set-up
2020-08-16 19:30:06;SN19057;measure;5,58;4,99;4,73;18741,4;882,6;193,1;42,2;53,5;48,7;16,2;9,7;8,1;3,2;0,0;1,6;0,0;0,0;0,0;0,0;0,0;0,0;0,0;0,0;0,0;0,0;0,0;0,0;177770012;27,4;37,5;25,9;2020-08-16 17:30:06;E10,906848;N48,358018;479,900;300;SW V1-11 (2020-06-17);2019-06-11 14:16:04;original set-up
2020-08-16 19:35:06;SN19057;measure;6,03;4,98;4,65;18473,0;836,7;186,1;58,3;66,4;61,5;27,5;9,7;6,5;3,2;1,6;3,2;1,6;0,0;0,0;0,0;0,0;0,0;0,0;0,0;0,0;0,0;0,0;0,0;177770012;27,2;37,5;26,0;2020-08-16 17:35:06;E10,906878;N48,358025;487,200;300;SW V1-11 (2020-06-17);2019-06-11 14:16:04;original set-up
2020-08-16 19:40:06;SN19057;measure;5,87;4,97;4,64;18474,7;810,5;197,0;50,1;71,0;40,4;32,3;6,5;19,4;4,8;0,0;1,6;0,0;0,0;1,6;0,0;0,0;0,0;0,0;0,0;0,0;0,0;0,0;0,0;177770012;27,2;37,5;26,2;2020-08-16 17:40:06;E10,906998;N48,357977;486,000;300;SW V1-11 (2020-06-17);2019-06-11 14:16:04;original set-up
2020-08-16 19:45:06;SN19057;measure;6,24;5,42;5,08;20257,7;984,4;210,6;63,5;60,2;43,5;30,1;15,0;8,4;1,7;1,7;1,7;0,0;3,3;1,7;0,0;0,0;0,0;0,0;0,0;0,0;0,0;0,0;0,0;177770012;27,2;37,4;26,5;2020-08-16 17:45:06;E10,907003;N48,357980;485,900;300;SW V1-11 (2020-06-17);2019-06-11 14:16:04;original set-up
2020-08-16 19:50:06;SN19057;measure;6,39;5,45;5,09;20282,9;1015,0;203,7;70,6;75,6;54,2;27,9;18,1;8,2;6,6;3,3;0,0;0,0;0,0;1,6;0,0;0,0;0,0;0,0;0,0;0,0;0,0;0,0;0,0;177770012;27,2;37,3;26,8;2020-08-16 17:50:06;E10,907015;N48,357942;481,500;300;SW V1-11 (2020-06-17);2019-06-11 14:16:04;original set-up
2020-08-16 19:55:06;SN19057;measure;6,36;5,34;4,97;19899,6;954,7;213,1;45,5;76,4;37,4;39,0;16,3;14,6;1,6;0,0;1,6;1,6;1,6;0,0;0,0;0,0;0,0;0,0;0,0;0,0;0,0;0,0;0,0;177770012;27,1;37,3;26,9;2020-08-16 17:55:06;E10,906993;N48,357948;481,800;300;SW V1-11 (2020-06-17);2019-06-11 14:16:04;original set-up
2020-08-16 20:00:06;SN19057;measure;6,50;5,36;5,05;20267,0;998,5;244,6;50,3;80,4;46,9;21,8;13,4;11,7;8,4;0,0;3,4;0,0;1,7;0,0;0,0;0,0;0,0;0,0;0,0;0,0;0,0;0,0;0,0;177770012;26,8;37,2;26,9;2020-08-16 18:00:06;E10,907025;N48,357880;482,100;300;SW V1-11 (2020-06-17);2019-06-11 14:16:04;original set-up
2020-08-16 20:05:06;SN19057;measure;7,05;5,43;5,07;20373,5;1029,8;190,5;67,3;78,8;52,6;31,2;14,8;8,2;0,0;4,9;4,9;3,3;0,0;0,0;0,0;0,0;0,0;0,0;0,0;0,0;0,0;0,0;0,0;177770012;26,7;37,1;27,0;2020-08-16 18:05:06;E10,907028;N48,357950;484,300;300;SW V1-11 (2020-06-17);2019-06-11 14:16:04;original set-up
2020-08-16 20:10:06;SN19057;measure;6,26;5,50;5,13;20749,6;1040,7;195,3;72,4;55,6;42,1;38,7;10,1;16,8;0,0;3,4;0,0;0,0;0,0;0,0;0,0;0,0;0,0;0,0;0,0;0,0;0,0;0,0;0,0;177770012;26,6;37,0;27,4;2020-08-16 18:10:06;E10,907100;N48,357840;473,300;300;SW V1-11 (2020-06-17);2019-06-11 14:16:04;original set-up
2020-08-16 20:15:06;SN19057;measure;6,97;5,39;5,11;20639,5;974,7;228,9;59,3;82,3;49,4;16,5;11,5;8,2;4,9;6,6;0,0;3,3;3,3;0,0;0,0;0,0;0,0;1,6;0,0;0,0;0,0;0,0;0,0;177770012;26,6;37,0;27,4;2020-08-16 18:15:06;E10,907192;N48,357758;472,200;300;SW V1-11 (2020-06-17);2019-06-11 14:16:04;original set-up
2020-08-16 20:20:06;SN19057;measure;7,15;5,54;5,21;21078,2;1059,8;197,3;52,2;75,0;52,2;34,2;6,5;4,9;4,9;6,5;4,9;1,6;1,6;0,0;1,6;0,0;0,0;0,0;0,0;0,0;0,0;0,0;0,0;177770012;26,6;36,8;27,6;2020-08-16 18:20:06;E10,906958;N48,357935;468,700;300;SW V1-11 (2020-06-17);2019-06-11 14:16:04;original set-up
2020-08-16 20:25:06;SN19057;measure;6,35;5,45;5,15;20923,3;982,4;208,8;42,1;79,3;56,6;25,9;8,1;1,6;1,6;4,9;3,2;0,0;1,6;0,0;0,0;0,0;0,0;0,0;0,0;0,0;0,0;0,0;0,0;177770012;26,4;36,8;27,8;2020-08-16 18:25:06;E10,907010;N48,357978;479,200;300;SW V1-11 (2020-06-17);2019-06-11 14:16:04;original set-up
2020-08-16 20:30:06;SN19057;measure;6,27;5,42;5,02;20438,3;1001,0;224,4;46,8;75,9;50,1;50,1;4,8;9,7;4,8;4,8;0,0;0,0;0,0;0,0;0,0;0,0;0,0;0,0;0,0;0,0;0,0;0,0;0,0;177770012;26,3;36,7;28,1;2020-08-16 18:30:06;E10,906943;N48,357985;474,300;300;SW V1-11 (2020-06-17);2019-06-11 14:16:04;original set-up
2020-08-16 20:35:06;SN19057;measure;6,66;5,33;5,01;20520,6;923,5;205,0;42,0;80,7;59,7;21,0;11,3;12,9;4,8;6,5;0,0;1,6;0,0;0,0;0,0;0,0;0,0;0,0;0,0;0,0;0,0;0,0;0,0;177770012;26,1;36,6;28,4;2020-08-16 18:35:06;E10,906957;N48,358018;473,500;300;SW V1-11 (2020-06-17);2019-06-11 14:16:04;original set-up
2020-08-16 20:40:06;SN19057;measure;6,64;5,53;5,19;21247,2;1059,9;260,9;53,2;80,5;51,5;29,0;12,9;12,9;0,0;3,2;0,0;3,2;0,0;0,0;0,0;0,0;0,0;0,0;0,0;0,0;0,0;0,0;0,0;177770012;26,1;36,5;28,7;2020-08-16 18:40:06;E10,906980;N48,357972;469,600;300;SW V1-11 (2020-06-17);2019-06-11 14:16:04;original set-up
2020-08-16 20:45:06;SN19057;measure;6,74;5,64;5,22;21332,6;1074,4;230,3;72,5;99,9;56,4;43,5;12,9;9,7;1,6;1,6;3,2;1,6;1,6;1,6;0,0;0,0;0,0;0,0;0,0;0,0;0,0;0,0;0,0;177770012;26,2;36,4;28,9;2020-08-16 18:45:06;E10,906930;N48,358005;469,800;300;SW V1-11 (2020-06-17);2019-06-11 14:16:04;original set-up
2020-08-16 20:50:06;SN19057;measure;6,80;5,70;5,32;21867,5;1067,8;217,4;49,9;80,5;48,3;43,5;8,1;11,3;3,2;6,4;1,6;0,0;0,0;1,6;0,0;0,0;0,0;0,0;0,0;0,0;0,0;0,0;0,0;177770012;26,1;36,3;29,1;2020-08-16 18:50:06;E10,906942;N48,358035;474,600;300;SW V1-11 (2020-06-17);2019-06-11 14:16:04;original set-up
2020-08-16 20:55:06;SN19057;measure;6,53;5,64;5,34;22097,7;1056,6;198,1;37,0;75,7;49,9;25,8;9,7;9,7;3,2;0,0;0,0;3,2;0,0;0,0;0,0;0,0;0,0;0,0;0,0;0,0;0,0;0,0;0,0;177770012;25,9;36,2;29,3;2020-08-16 18:55:06;E10,906965;N48,357985;480,900;300;SW V1-11 (2020-06-17);2019-06-11 14:16:04;original set-up
2020-08-16 21:00:06;SN19057;measure;6,51;5,79;5,46;22595,5;1116,2;248,0;53,2;82,1;64,4;25,8;14,5;1,6;6,4;1,6;1,6;0,0;0,0;0,0;0,0;0,0;0,0;0,0;0,0;0,0;0,0;0,0;0,0;177770012;25,8;36,1;29,6;2020-08-16 19:00:06;E10,906892;N48,358022;482,800;300;SW V1-11 (2020-06-17);2019-06-11 14:16:04;original set-up
2020-08-16 21:05:06;SN19057;measure;7,03;5,56;5,25;21710,6;1094,2;233,1;68,4;79,3;48,2;24,9;12,4;10,9;6,2;7,8;0,0;1,6;1,6;0,0;0,0;0,0;0,0;0,0;0,0;0,0;0,0;0,0;0,0;177770012;25,8;36,0;29,8;2020-08-16 19:05:06;E10,906832;N48,358017;481,200;300;SW V1-11 (2020-06-17);2019-06-11 14:16:04;original set-up
2020-08-16 21:10:06;SN19057;measure;6,55;5,75;5,42;22552,3;1138,9;223,3;66,5;91,9;36,4;31,7;17,4;7,9;4,8;3,2;0,0;0,0;0,0;0,0;0,0;0,0;0,0;0,0;0,0;0,0;0,0;0,0;0,0;177770012;25,6;35,9;30,1;2020-08-16 19:10:06;E10,906910;N48,358017;480,300;300;SW V1-11 (2020-06-17);2019-06-11 14:16:04;original set-up
2020-08-16 21:15:06;SN19057;measure;7,05;5,85;5,50;23066,8;1188,4;232,9;57,4;79,8;54,2;31,9;12,8;9,6;6,4;3,2;1,6;1,6;0,0;0,0;0,0;0,0;0,0;1,6;0,0;0,0;0,0;0,0;0,0;177770012;25,4;35,8;30,3;2020-08-16 19:15:06;E10,906927;N48,358017;489,200;300;SW V1-11 (2020-06-17);2019-06-11 14:16:04;original set-up
2020-08-16 21:20:06;SN19057;measure;6,78;5,83;5,55;23350,8;1130,0;243,6;59,3;91,4;48,1;20,8;9,6;8,0;3,2;1,6;4,8;0,0;0,0;0,0;0,0;0,0;0,0;0,0;0,0;0,0;0,0;0,0;0,0;177770012;25,4;35,7;30,7;2020-08-16 19:20:06;E10,906858;N48,358005;496,800;300;SW V1-11 (2020-06-17);2019-06-11 14:16:04;original set-up
2020-08-16 21:25:06;SN19057;measure;7,43;6,06;5,73;24215,3;1263,0;281,2;62,7;86,8;43,4;30,5;12,9;9,6;9,6;4,8;3,2;0,0;0,0;0,0;0,0;0,0;1,6;0,0;0,0;0,0;0,0;0,0;0,0;177770012;25,2;35,6;30,9;2020-08-16 19:25:06;E10,906917;N48,358103;493,500;300;SW V1-11 (2020-06-17);2019-06-11 14:16:04;original set-up
