***begin of header***
date&time [local time];date&time [UTC];longitude [°];lattitude [°];height [m];PM10 [ug/m3];PM4 [ug/m3];PM2.5 [ug/m3];PM1 [ug/m3];0,25 µm;0,28 µm;0,30 µm;0,35 µm;0,40 µm;0,45 µm;0,50 µm;0,58 µm;0,65 µm;0,70 µm;0,80 µm;1,00 µm;1,30 µm;1,60 µm;2,00 µm;2,50 µm;3,00 µm;3,50 µm;4,00 µm;5,00 µm;6,50 µm;7,50 µm;8,50 µm;10,00 µm;12,50 µm;15,00 µm;17,50 µm;20,00 µm;25,00 µm;30,00 µm;32,00 µm;Temp. [°C]; humidity [%rH]; pressure [hPa];serial-No;software-version
***end of header***

2020-08-16 00:02:35;2020-08-15 22:02:33;E10,906950;N48,357915;H493,4;15,9;15,0;14,5;13,4;67106;45256;31836;20649;5497;1216;1166;312;99;110;90;54;22;47;40;16;2;2;3;0;0;1;0;0;0;0;0;0;0;0;0;19,4;85,4;NA;7H180002;SW V7-0 (2020-04-06)
2020-08-16 00:07:35;2020-08-15 22:07:33;E10,906927;N48,357932;H493,2;15,2;14,8;14,3;13,3;66262;44622;31528;20447;5562;1328;1098;278;96;121;78;70;38;36;33;17;3;1;2;1;0;0;0;0;0;0;0;0;0;0;0;19,2;85,2;NA;7H180002;SW V7-0 (2020-04-06)
2020-08-16 00:12:35;2020-08-15 22:12:34;E10,906853;N48,357902;H493,1;14,9;14,6;14,2;13,3;66134;45008;31541;20451;5641;1262;1166;295;107;129;78;76;29;29;33;17;2;1;0;1;0;0;0;0;0;0;0;0;0;0;0;19,2;85,5;NA;7H180002;SW V7-0 (2020-04-06)
2020-08-16 00:17:35;2020-08-15 22:17:34;E10,906873;N48,357907;H493,7;15,3;14,8;14,4;13,6;67793;46203;32676;21432;5673;1256;1145;282;81;105;63;61;27;31;30;14;2;1;2;1;0;0;0;0;0;0;0;0;0;0;0;19,0;85,9;NA;7H180002;SW V7-0 (2020-04-06)
2020-08-16 00:22:35;2020-08-15 22:22:34;E10,906888;N48,357925;H494,7;14,9;14,6;14,3;13,6;68023;45711;32370;21320;5699;1332;1191;313;83;109;89;59;28;30;21;9;2;1;0;1;0;0;0;0;0;0;0;0;0;0;0;19,0;86,7;NA;7H180002;SW V7-0 (2020-04-06)
2020-08-16 00:27:35;2020-08-15 22:27:34;E10,906895;N48,357942;H495,2;15,1;14,5;14,2;13,4;66630;45170;32161;21145;5698;1246;1175;268;93;105;63;84;29;29;27;14;0;0;2;0;1;0;0;0;0;0;0;0;0;0;0;19,0;86,7;NA;7H180002;SW V7-0 (2020-04-06)
2020-08-16 00:32:35;2020-08-15 22:32:34;E10,906908;N48,357965;H496,6;16,1;14,8;14,3;13,5;66889;45985;32767;21469;5853;1292;1120;285;78;102;70;64;33;32;28;14;4;2;1;1;0;0;1;0;0;0;0;0;1;0;0;19,2;86,3;NA;7H180002;SW V7-0 (2020-04-06)
2020-08-16 00:37:35;2020-08-15 22:37:34;E10,906925;N48,357865;H492,7;15,6;15,3;14,9;13,9;68749;47421;33770;22775;6140;1407;1221;299;110;100;79;56;32;31;35;20;1;0;3;0;0;0;0;0;0;0;0;0;0;0;0;19,4;85,0;NA;7H180002;SW V7-0 (2020-04-06)
2020-08-16 00:42:35;2020-08-15 22:42:34;E10,906937;N48,357965;H488,7;15,6;15,3;15,0;14,1;69361;47856;34666;23166;6285;1453;1202;270;99;118;87;67;32;34;29;16;1;2;0;1;0;0;0;0;0;0;0;0;0;0;0;19,4;84,6;NA;7H180002;SW V7-0 (2020-04-06)
2020-08-16 00:47:35;2020-08-15 22:47:34;E10,906917;N48,358005;H481,5;15,9;15,3;14,9;14,0;68584;47456;34446;23435;6244;1436;1268;283;96;96;84;59;29;41;34;14;0;2;2;0;1;0;0;0;0;0;0;0;0;0;0;19,2;85,5;NA;7H180002;SW V7-0 (2020-04-06)
2020-08-16 00:52:35;2020-08-15 22:52:34;E10,906907;N48,358032;H481,8;15,6;15,1;14,6;13,7;66664;46815;34053;23363;6489;1468;1220;323;96;97;67;59;36;31;37;17;3;1;2;1;0;0;0;0;0;0;0;0;0;0;0;19,2;85,7;NA;7H180002;SW V7-0 (2020-04-06)
2020-08-16 00:57:35;2020-08-15 22:57:34;E10,906962;N48,358010;H482,6;15,8;15,1;14,7;13,9;67583;46636;34822;23778;6525;1470;1342;311;103;107;71;72;33;29;30;17;1;1;0;0;0;1;0;0;0;0;0;0;0;0;0;19,2;85,7;NA;7H180002;SW V7-0 (2020-04-06)
2020-08-16 01:02:35;2020-08-15 23:02:34;E10,907040;N48,358067;H519,5;15,2;14,8;14,5;13,7;66318;46592;34395;23400;6448;1434;1304;325;110;124;76;66;22;25;31;14;2;1;1;1;0;0;0;0;0;0;0;0;0;0;0;19,0;86,1;NA;7H180002;SW V7-0 (2020-04-06)
2020-08-16 01:07:35;2020-08-15 23:07:34;E10,907037;N48,358053;H522,3;15,5;15,2;14,8;13,9;67605;47611;34780;24025;6657;1509;1374;304;84;107;76;51;26;40;28;13;3;2;2;0;0;0;0;0;0;0;0;0;0;0;0;18,8;86,7;NA;7H180002;SW V7-0 (2020-04-06)
2020-08-16 01:12:36;2020-08-15 23:12:35;E10,907030;N48,358043;H522,2;15,7;15,4;15,0;14,2;69098;48289;35511;24342;6816;1519;1443;320;87;113;78;53;43;25;27;14;1;1;1;1;0;0;0;0;0;0;0;0;0;0;0;18,6;87,7;NA;7H180002;SW V7-0 (2020-04-06)
2020-08-16 01:17:36;2020-08-15 23:17:35;E10,907032;N48,358033;H521,9;15,9;15,6;15,2;14,4;69956;48901;36582;25106;7052;1663;1398;313;94;131;75;64;30;29;25;13;2;1;1;1;0;0;0;0;0;0;0;0;0;0;0;18,8;87,5;NA;7H180002;SW V7-0 (2020-04-06)
2020-08-16 01:22:36;2020-08-15 23:22:35;E10,906848;N48,358215;H500,5;16,0;15,5;15,2;14,6;70380;49797;37072;25925;7150;1652;1473;336;85;110;72;59;31;27;23;8;1;0;1;0;1;0;0;0;0;0;0;0;0;0;0;19,0;86,9;NA;7H180002;SW V7-0 (2020-04-06)
2020-08-16 01:27:36;2020-08-15 23:27:35;E10,906843;N48,358142;H497,9;16,7;16,4;16,0;15,1;72425;51892;39109;27593;7838;1781;1521;337;104;114;79;63;27;32;33;14;1;1;1;1;0;0;0;0;0;0;0;0;0;0;0;18,8;87,1;NA;7H180002;SW V7-0 (2020-04-06)
2020-08-16 01:32:36;2020-08-15 23:32:35;E10,906922;N48,358038;H496,1;16,7;16,4;16,0;15,1;72151;51721;39424;27893;7625;1838;1563;302;99;119;97;55;33;37;30;15;0;3;2;0;0;0;0;0;0;0;0;0;0;0;0;18,8;87,5;NA;7H180002;SW V7-0 (2020-04-06)
2020-08-16 01:37:36;2020-08-15 23:37:35;E10,906942;N48,358013;H495,2;16,8;16,2;15,7;14,9;71007;51056;38582;27573;7714;1852;1542;333;96;95;87;67;26;34;28;13;3;1;2;2;0;0;0;0;0;0;0;0;0;0;0;18,8;87,3;NA;7H180002;SW V7-0 (2020-04-06)
2020-08-16 01:42:36;2020-08-15 23:42:35;E10,906963;N48,358005;H494,3;17,5;16,6;16,2;15,1;71645;51449;39135;28301;8066;1861;1644;331;103;105;80;66;29;36;47;17;2;1;0;1;0;1;0;0;0;0;0;0;0;0;0;18,8;87,9;NA;7H180002;SW V7-0 (2020-04-06)
2020-08-16 01:47:36;2020-08-15 23:47:35;E10,906992;N48,357942;H492,3;16,5;16,3;16,0;15,1;70871;52032;40040;29046;8165;1930;1766;353;90;119;79;69;39;40;28;11;2;0;2;0;0;0;0;0;0;0;0;0;0;0;0;18,6;88,1;NA;7H180002;SW V7-0 (2020-04-06)
2020-08-16 01:52:36;2020-08-15 23:52:35;E10,906990;N48,357970;H493,1;17,2;16,6;16,2;15,4;72360;52433;40390;29271;8410;2030;1716;325;89;96;83;68;32;30;30;11;2;1;2;0;1;0;0;0;0;0;0;0;0;0;0;18,6;88,3;NA;7H180002;SW V7-0 (2020-04-06)
2020-08-16 01:57:36;2020-08-15 23:57:35;E10,906852;N48,358045;H492,5;16,8;16,5;16,1;15,4;72120;52355;40388;29612;8556;2043;1701;335;115;99;81;64;31;24;31;11;2;1;1;1;0;0;0;0;0;0;0;0;0;0;0;18,4;88,7;NA;7H180002;SW V7-0 (2020-04-06)
2020-08-16 02:02:36;2020-08-16 00:02:35;E10,907100;N48,357913;H494,5;17,1;16,8;16,4;15,5;72592;52490;41454;30178;8644;2017;1796;338;110;105;76;71;25;33;37;13;0;3;2;0;0;0;0;0;0;0;0;0;0;0;0;18,4;89,1;NA;7H180002;SW V7-0 (2020-04-06)
2020-08-16 02:07:36;2020-08-16 00:07:35;E10,907070;N48,357932;H494,9;16,7;16,2;15,8;15,0;69884;51361;39651;29064;8322;1999;1720;356;108;91;90;61;28;22;31;18;2;0;1;2;0;0;0;0;0;0;0;0;0;0;0;18,6;88,7;NA;7H180002;SW V7-0 (2020-04-06)
2020-08-16 02:12:37;2020-08-16 00:12:35;E10,906973;N48,357938;H480,6;16,7;16,1;15,7;14,7;68824;50455;39289;28585;8146;1984;1734;320;105;117;70;57;18;28;41;18;2;0;2;0;1;0;0;0;0;0;0;0;0;0;0;18,4;88,5;NA;7H180002;SW V7-0 (2020-04-06)
2020-08-16 02:17:37;2020-08-16 00:17:35;E10,906987;N48,357927;H485,2;17,0;16,1;15,6;14,7;68746;50236;39436;28524;8146;1966;1760;296;97;114;65;54;26;30;38;16;1;2;1;1;0;1;0;0;0;1;0;0;0;0;0;18,2;89,1;NA;7H180002;SW V7-0 (2020-04-06)
2020-08-16 02:22:37;2020-08-16 00:22:36;E10,906955;N48,357940;H481,3;16,1;15,9;15,5;14,7;68729;50864;39215;28597;8191;1868;1675;360;105;114;71;56;21;27;33;15;2;2;1;0;0;0;0;0;0;0;0;0;0;0;0;18,2;89,6;NA;7H180002;SW V7-0 (2020-04-06)
2020-08-16 02:27:37;2020-08-16 00:27:36;E10,907137;N48,357868;H479,1;16,9;16,4;16,0;15,2;70779;51590;40421;29312;8554;2000;1769;377;102;112;70;78;32;27;28;14;1;1;1;2;0;0;0;0;0;0;0;0;0;0;0;18,2;90,4;NA;7H180002;SW V7-0 (2020-04-06)
2020-08-16 02:32:37;2020-08-16 00:32:36;E10,907013;N48,357938;H480,8;17,1;16,5;16,1;15,2;70701;51678;40064;29619;8637;2011;1799;358;93;114;64;67;32;23;37;16;3;0;2;0;1;0;0;0;0;0;0;0;0;0;0;18,2;90,0;NA;7H180002;SW V7-0 (2020-04-06)
2020-08-16 02:37:37;2020-08-16 00:37:36;E10,907393;N48,357732;H475,2;16,8;16,5;16,2;15,3;71177;52678;40557;30361;8633;2099;1840;372;87;102;84;55;31;31;33;13;2;1;0;1;0;0;0;0;0;0;0;0;0;0;0;18,2;89,8;NA;7H180002;SW V7-0 (2020-04-06)
2020-08-16 02:42:37;2020-08-16 00:42:36;E10,907043;N48,357912;H482,5;16,8;16,6;16,3;15,5;71889;53491;42395;30605;8780;2153;1905;366;109;93;87;56;43;24;33;9;0;1;2;0;0;0;0;0;0;0;0;0;0;0;0;18,2;90,0;NA;7H180002;SW V7-0 (2020-04-06)
2020-08-16 02:47:37;2020-08-16 00:47:36;E10,906960;N48,357958;H486,4;17,4;17,0;16,6;15,7;72833;53080;41757;31019;8911;2187;1875;379;109;111;85;64;29;35;37;14;2;0;2;1;0;0;0;0;0;0;0;0;0;0;0;18,0;90,0;NA;7H180002;SW V7-0 (2020-04-06)
2020-08-16 02:52:37;2020-08-16 00:52:36;E10,907092;N48,357867;H485,3;17,8;17,1;16,8;16,1;74518;54683;43089;32072;9514;2229;1989;374;101;107;78;67;28;34;21;11;1;1;0;1;1;0;0;0;0;0;0;0;0;0;0;18,0;90,2;NA;7H180002;SW V7-0 (2020-04-06)
2020-08-16 02:57:37;2020-08-16 00:57:36;E10,906980;N48,357945;H484,4;17,4;17,2;16,8;15,8;73079;54590;42331;31290;9138;2162;1982;366;112;99;73;65;32;27;38;20;1;2;1;0;0;0;0;0;0;0;0;0;0;0;0;17,8;90,4;NA;7H180002;SW V7-0 (2020-04-06)
2020-08-16 03:02:37;2020-08-16 01:02:36;E10,906977;N48,357950;H489,2;19,1;17,8;17,4;16,5;75740;56530;44456;33554;9922;2344;2048;395;113;101;78;64;41;34;29;15;2;0;2;1;0;0;1;0;0;0;0;0;0;0;0;17,8;91,2;NA;7H180002;SW V7-0 (2020-04-06)
2020-08-16 03:07:37;2020-08-16 01:07:36;E10,907002;N48,357975;H499,9;18,1;17,6;17,3;16,5;76039;56640;44157;32914;9904;2337;2097;411;132;117;69;72;22;36;30;9;1;1;1;0;1;0;0;0;0;0;0;0;0;0;0;17,8;91,2;NA;7H180002;SW V7-0 (2020-04-06)
2020-08-16 03:12:37;2020-08-16 01:12:36;E10,907013;N48,357967;H501,5;17,7;17,5;17,3;16,6;76491;56214;44190;33060;9900;2288;2158;432;121;105;75;62;22;36;18;12;1;1;1;0;0;0;0;0;0;0;0;0;0;0;0;17,6;91,4;NA;7H180002;SW V7-0 (2020-04-06)
2020-08-16 03:17:38;2020-08-16 01:17:36;E10,906978;N48,357985;H501,0;17,6;17,3;16,9;16,0;74286;54565;42639;31665;9357;2266;1972;366;102;115;55;59;34;36;33;13;1;0;2;1;0;0;0;0;0;0;0;0;0;0;0;17,6;91,8;NA;7H180002;SW V7-0 (2020-04-06)
2020-08-16 03:22:38;2020-08-16 01:22:36;E10,906963;N48,358003;H500,2;17,3;16,8;16,6;15,9;73726;53970;42519;31830;9230;2287;1934;378;96;126;73;57;26;35;21;6;1;2;0;0;1;0;0;0;0;0;0;0;0;0;0;17,6;92,0;NA;7H180002;SW V7-0 (2020-04-06)
2020-08-16 03:27:38;2020-08-16 01:27:37;E10,906947;N48,358033;H501,9;17,2;17,0;16,6;15,7;72671;53461;42600;31558;9036;2218;1926;407;109;106;71;43;22;35;37;16;2;0;2;0;0;0;0;0;0;0;0;0;0;0;0;17,6;92,6;NA;7H180002;SW V7-0 (2020-04-06)
2020-08-16 03:32:38;2020-08-16 01:32:37;E10,906955;N48,358088;H506,5;17,2;16,9;16,5;15,7;72472;53964;42730;31540;9354;2270;1875;386;103;132;83;54;27;29;31;14;1;1;0;1;0;0;0;0;0;0;0;0;0;0;0;17,6;92,4;NA;7H180002;SW V7-0 (2020-04-06)
2020-08-16 03:37:38;2020-08-16 01:37:37;E10,906913;N48,358123;H503,7;17,0;16,8;16,4;15,6;72235;53739;42092;31395;9101;2199;1848;368;111;112;90;66;29;23;32;11;1;1;2;0;0;0;0;0;0;0;0;0;0;0;0;17,6;92,6;NA;7H180002;SW V7-0 (2020-04-06)
2020-08-16 03:42:38;2020-08-16 01:42:37;E10,906970;N48,358105;H502,7;16,8;16,6;16,3;15,4;71415;53247;41616;30384;8875;2161;1804;370;94;120;71;60;37;38;24;15;1;2;1;0;0;0;0;0;0;0;0;0;0;0;0;17,4;92,2;NA;7H180002;SW V7-0 (2020-04-06)
2020-08-16 03:47:38;2020-08-16 01:47:37;E10,906947;N48,358107;H501,3;17,0;16,7;16,3;15,4;71748;52738;41340;30220;8927;2123;1817;361;102;109;78;58;20;29;32;17;3;1;0;1;0;0;0;0;0;0;0;0;0;0;0;17,4;92,4;NA;7H180002;SW V7-0 (2020-04-06)
2020-08-16 03:52:38;2020-08-16 01:52:37;E10,906943;N48,358088;H497,7;17,2;17,0;16,6;15,6;72216;53198;41909;30702;8908;2104;1826;389;111;112;76;66;33;25;43;18;1;1;2;0;0;0;0;0;0;0;0;0;0;0;0;17,6;92,8;NA;7H180002;SW V7-0 (2020-04-06)
2020-08-16 03:57:38;2020-08-16 01:57:37;E10,906987;N48,358068;H498,6;16,8;16,5;16,2;15,5;71984;53241;41460;30554;8983;2166;1862;358;88;106;60;60;36;28;22;10;0;2;1;1;0;0;0;0;0;0;0;0;0;0;0;17,6;92,8;NA;7H180002;SW V7-0 (2020-04-06)
2020-08-16 04:02:38;2020-08-16 02:02:37;E10,907012;N48,358030;H497,2;17,5;16,7;16,3;15,5;71688;53632;41979;30914;8948;2165;1872;362;100;121;79;67;37;28;26;14;1;1;2;0;0;1;0;0;0;0;0;0;0;0;0;17,6;92,4;NA;7H180002;SW V7-0 (2020-04-06)
2020-08-16 04:07:38;2020-08-16 02:07:37;E10,907012;N48,358015;H495,1;17,3;17,0;16,5;15,6;72172;53580;41797;30877;8907;2151;1897;346;113;105;90;53;25;35;35;19;3;0;1;1;0;0;0;0;0;0;0;0;0;0;0;17,6;91,8;NA;7H180002;SW V7-0 (2020-04-06)
2020-08-16 04:12:38;2020-08-16 02:12:37;E10,906975;N48,357977;H486,9;17,1;16,9;16,6;15,8;72891;54383;43070;31181;9171;2258;1769;381;101;97;81;52;32;45;26;12;1;2;1;0;0;0;0;0;0;0;0;0;0;0;0;17,6;91,6;NA;7H180002;SW V7-0 (2020-04-06)
2020-08-16 04:17:38;2020-08-16 02:17:37;E10,907008;N48,358157;H502,4;17,3;17,1;16,8;15,9;73601;54966;42843;32123;9241;2302;1834;375;105;119;75;72;23;24;35;13;2;0;2;0;0;0;0;0;0;0;0;0;0;0;0;17,6;91,8;NA;7H180002;SW V7-0 (2020-04-06)
2020-08-16 04:22:38;2020-08-16 02:22:37;E10,906927;N48,358007;H484,2;17,6;17,2;16,8;16,0;73776;55035;43414;32131;9341;2317;2003;390;85;97;85;55;25;42;29;12;0;2;0;0;1;0;0;0;0;0;0;0;0;0;0;17,4;92,2;NA;7H180002;SW V7-0 (2020-04-06)
2020-08-16 04:27:38;2020-08-16 02:27:38;E10,906917;N48,357948;H492,1;17,6;17,5;17,1;16,3;74359;56080;44624;33448;9901;2381;2033;371;105;106;81;64;30;30;32;16;2;0;1;0;0;0;0;0;0;0;0;0;0;0;0;17,4;92,4;NA;7H180002;SW V7-0 (2020-04-06)
2020-08-16 04:32:39;2020-08-16 02:32:38;E10,906923;N48,357972;H485,4;17,4;17,3;17,0;16,2;73414;56578;45144;33931;10103;2470;2089;377;115;108;84;62;37;35;24;10;1;1;1;0;0;0;0;0;0;0;0;0;0;0;0;17,4;92,4;NA;7H180002;SW V7-0 (2020-04-06)
2020-08-16 04:37:39;2020-08-16 02:37:38;E10,906952;N48,357992;H484,3;18,0;17,6;17,2;16,4;74406;56237;44929;34098;9994;2532;2192;400;108;132;82;73;27;35;28;14;1;1;1;1;0;0;0;0;0;0;0;0;0;0;0;17,4;92,4;NA;7H180002;SW V7-0 (2020-04-06)
2020-08-16 04:42:39;2020-08-16 02:42:38;E10,906903;N48,357967;H485,0;17,9;17,6;17,2;16,4;74500;56172;45456;34429;9999;2558;2170;399;105;108;79;57;24;35;31;11;2;1;1;1;0;0;0;0;0;0;0;0;0;0;0;17,2;92,4;NA;7H180002;SW V7-0 (2020-04-06)
2020-08-16 04:47:39;2020-08-16 02:47:38;E10,906978;N48,357985;H496,0;18,4;18,0;17,5;16,5;74328;56372;45322;34700;10317;2612;2164;424;99;103;87;61;35;32;38;19;2;2;1;1;0;0;0;0;0;0;0;0;0;0;0;17,2;92,8;NA;7H180002;SW V7-0 (2020-04-06)
2020-08-16 04:52:39;2020-08-16 02:52:38;E10,906937;N48,357955;H481,8;17,8;17,5;17,1;16,3;73533;55635;44288;34324;10223;2551;2199;438;111;122;69;56;22;38;31;13;3;0;3;0;0;0;0;0;0;0;0;0;0;0;0;17,0;92,6;NA;7H180002;SW V7-0 (2020-04-06)
2020-08-16 04:57:39;2020-08-16 02:57:38;E10,906973;N48,357973;H490,3;18,1;17,6;17,2;16,4;73850;56233;45225;35324;10406;2596;2156;397;106;95;64;46;28;28;32;14;1;1;1;0;1;0;0;0;0;0;0;0;0;0;0;17,0;92,8;NA;7H180002;SW V7-0 (2020-04-06)
2020-08-16 05:02:39;2020-08-16 03:02:38;E10,906940;N48,357907;H478,5;18,7;18,3;17,9;17,0;75616;58051;47451;37034;11284;2764;2423;436;121;110;74;68;30;34;40;12;2;1;1;1;0;0;0;0;0;0;0;0;0;0;0;17,0;93,0;NA;7H180002;SW V7-0 (2020-04-06)
2020-08-16 05:07:39;2020-08-16 03:07:38;E10,906967;N48,357997;H490,1;18,6;18,5;18,1;17,3;76996;58364;48492;38312;11680;2900;2512;404;91;112;74;64;23;31;31;12;2;1;1;0;0;0;0;0;0;0;0;0;0;0;0;16,8;93,0;NA;7H180002;SW V7-0 (2020-04-06)
2020-08-16 05:12:39;2020-08-16 03:12:38;E10,906965;N48,358003;H486,7;19,2;19,0;18,7;17,8;78601;60143;49598;39107;12060;3014;2635;470;90;113;76;76;31;36;32;13;1;1;2;0;0;0;0;0;0;0;0;0;0;0;0;16,8;93,4;NA;7H180002;SW V7-0 (2020-04-06)
2020-08-16 05:17:39;2020-08-16 03:17:38;E10,906998;N48,358017;H494,7;18,7;18,4;18,0;17,0;76885;57943;46459;35414;10622;2591;2303;399;100;119;70;71;31;24;43;20;2;2;1;0;0;0;0;0;0;0;0;0;0;0;0;16,6;93,4;NA;7H180002;SW V7-0 (2020-04-06)
2020-08-16 05:22:39;2020-08-16 03:22:38;E10,906985;N48,358033;H488,7;18,2;17,2;16,7;15,7;73102;54001;41497;30874;9031;2234;1864;378;96;92;81;70;36;25;42;15;4;1;1;1;0;1;0;0;0;0;1;0;0;0;0;16,4;93,4;NA;7H180002;SW V7-0 (2020-04-06)
2020-08-16 05:27:39;2020-08-16 03:27:38;E10,906975;N48,358030;H488,1;18,5;17,0;16,6;15,6;72723;53604;41211;30073;8915;2136;1840;339;90;94;85;57;27;33;41;18;2;1;1;0;1;0;1;0;0;0;0;0;0;0;0;16,4;93,6;NA;7H180002;SW V7-0 (2020-04-06)
2020-08-16 05:32:39;2020-08-16 03:32:39;E10,906973;N48,358017;H487,5;16,6;16,2;15,7;14,8;69699;50899;38303;27735;8072;1939;1644;347;110;94;71;56;17;44;35;15;2;1;2;1;0;0;0;0;0;0;0;0;0;0;0;16,2;93,6;NA;7H180002;SW V7-0 (2020-04-06)
2020-08-16 05:37:40;2020-08-16 03:37:39;E10,906922;N48,358035;H488,0;17,1;16,4;16,0;15,0;70982;51450;39088;28180;8093;2043;1691;358;106;116;79;53;28;32;34;17;3;1;2;0;1;0;0;0;0;0;0;0;0;0;0;16,2;93,8;NA;7H180002;SW V7-0 (2020-04-06)
2020-08-16 05:42:40;2020-08-16 03:42:39;E10,906918;N48,358040;H488,0;17,6;17,1;16,6;15,6;73010;53597;40732;29803;8906;2119;1815;379;105;85;77;65;38;35;37;19;1;1;1;2;0;0;0;0;0;0;0;0;0;0;0;16,1;93,9;NA;7H180002;SW V7-0 (2020-04-06)
2020-08-16 05:47:40;2020-08-16 03:47:39;E10,906922;N48,358037;H487,4;19,8;18,4;17,9;16,9;79826;58543;43430;31111;9182;2230;1997;427;124;108;79;69;36;34;33;17;4;1;2;1;0;0;0;1;0;0;0;0;0;0;0;16,1;94,1;NA;7H180002;SW V7-0 (2020-04-06)
2020-08-16 05:52:40;2020-08-16 03:52:39;E10,906918;N48,358010;H485,3;19,4;18,7;18,2;17,2;80255;59124;44545;32615;9742;2576;2142;432;118;123;71;52;27;37;34;20;2;3;2;0;1;0;0;0;0;0;0;0;0;0;0;16,1;94,3;NA;7H180002;SW V7-0 (2020-04-06)
2020-08-16 05:57:40;2020-08-16 03:57:39;E10,906915;N48,358007;H485,2;19,8;18,7;18,2;17,2;78298;59187;45940;34888;10731;2708;2454;427;118;118;72;54;39;37;34;18;3;2;1;0;0;0;1;0;0;0;0;0;0;0;0;16,2;94,5;NA;7H180002;SW V7-0 (2020-04-06)
2020-08-16 06:02:40;2020-08-16 04:02:39;E10,906910;N48,357992;H484,8;18,8;18,5;18,1;17,3;77948;58517;46887;36674;11112;2899;2669;441;98;100;85;50;24;26;32;13;3;1;2;0;0;0;0;0;0;0;0;0;0;0;0;16,1;94,5;NA;7H180002;SW V7-0 (2020-04-06)
2020-08-16 06:07:40;2020-08-16 04:07:39;E10,906913;N48,357995;H483,4;19,1;18,8;18,4;17,5;77553;58465;48573;38058;11873;3119;2670;493;115;111;64;61;20;41;34;16;0;1;1;1;0;0;0;0;0;0;0;0;0;0;0;16,1;94,9;NA;7H180002;SW V7-0 (2020-04-06)
2020-08-16 06:12:40;2020-08-16 04:12:39;E10,906922;N48,358008;H485,8;19,7;19,0;18,6;17,7;77450;59332;49138;39460;12322;3177;2854;509;125;100;72;62;28;27;36;19;1;2;0;0;0;1;0;0;0;0;0;0;0;0;0;16,2;94,9;NA;7H180002;SW V7-0 (2020-04-06)
2020-08-16 06:17:40;2020-08-16 04:17:39;E10,906907;N48,357993;H486,7;19,2;18,8;18,4;17,6;76725;59180;48927;39772;12680;3372;3035;512;128;124;55;44;31;43;27;8;1;2;2;1;0;0;0;0;0;0;0;0;0;0;0;16,1;94,9;NA;7H180002;SW V7-0 (2020-04-06)
2020-08-16 06:22:40;2020-08-16 04:22:39;E10,906912;N48,357985;H486,6;19,4;18,8;18,3;17,3;77265;58322;47130;36709;11535;3096;2693;491;113;88;70;45;32;30;41;20;2;1;2;0;1;0;0;0;0;0;0;0;0;0;0;16,2;95,1;NA;7H180002;SW V7-0 (2020-04-06)
2020-08-16 06:27:40;2020-08-16 04:27:39;E10,906923;N48,357980;H486,8;18,7;18,5;18,1;17,2;77586;58435;46190;35879;11228;2915;2545;450;96;109;72;77;30;36;29;15;3;2;1;0;0;0;0;0;0;0;0;0;0;0;0;16,1;95,1;NA;7H180002;SW V7-0 (2020-04-06)
2020-08-16 06:32:41;2020-08-16 04:32:39;E10,906930;N48,357977;H487,3;19,0;18,2;17,9;17,1;77762;58294;45634;34861;10820;2762;2476;454;99;114;80;60;24;26;31;14;1;1;1;0;0;1;0;0;0;0;0;0;0;0;0;16,1;94,9;NA;7H180002;SW V7-0 (2020-04-06)
2020-08-16 06:37:41;2020-08-16 04:37:40;E10,906938;N48,357968;H487,5;18,1;17,8;17,5;16,7;77143;56873;43642;32647;9839;2503;2293;407;111;102;69;53;25;28;31;13;2;1;2;0;0;0;0;0;0;0;0;0;0;0;0;16,1;94,9;NA;7H180002;SW V7-0 (2020-04-06)
2020-08-16 06:42:41;2020-08-16 04:42:40;E10,906962;N48,357980;H487,6;19,5;19,0;18,5;17,5;80252;59719;45843;34502;10619;2765;2485;439;106;102;78;58;37;35;42;17;2;2;2;1;0;0;0;0;0;0;0;0;0;0;0;15,9;94,7;NA;7H180002;SW V7-0 (2020-04-06)
2020-08-16 06:47:41;2020-08-16 04:47:40;E10,906980;N48,357975;H488,1;19,4;19,2;18,8;17,8;81380;60676;47303;35581;11236;2859;2633;468;105;103;90;57;29;38;33;15;3;1;2;0;0;0;0;0;0;0;0;0;0;0;0;15,9;95,1;NA;7H180002;SW V7-0 (2020-04-06)
2020-08-16 06:52:41;2020-08-16 04:52:40;E10,906977;N48,357982;H488,9;19,5;19,1;18,7;17,8;80916;60524;48011;36068;11313;2971;2641;512;120;108;79;64;22;28;31;16;3;2;1;1;0;0;0;0;0;0;0;0;0;0;0;15,9;95,1;NA;7H180002;SW V7-0 (2020-04-06)
2020-08-16 06:57:41;2020-08-16 04:57:40;E10,906965;N48,357988;H489,5;19,0;18,8;18,4;17,4;77784;59352;47386;36984;11443;3240;2670;475;118;107;73;53;31;29;37;17;2;1;2;0;0;0;0;0;0;0;0;0;0;0;0;16,1;95,5;NA;7H180002;SW V7-0 (2020-04-06)
2020-08-16 07:02:41;2020-08-16 05:02:40;E10,906977;N48,357992;H489,5;19,8;19,2;18,6;17,6;77131;58583;48197;38555;12269;3221;3045;543;111;94;103;63;29;28;41;18;3;3;3;1;0;0;0;0;0;0;0;0;0;0;0;16,2;95,5;NA;7H180002;SW V7-0 (2020-04-06)
2020-08-16 07:07:41;2020-08-16 05:07:40;E10,906980;N48,357993;H489,4;19,1;18,7;18,3;17,4;76433;57858;47675;38387;12270;3338;2940;544;132;106;77;58;26;29;30;16;2;2;1;1;0;0;0;0;0;0;0;0;0;0;0;16,2;95,5;NA;7H180002;SW V7-0 (2020-04-06)
2020-08-16 07:12:41;2020-08-16 05:12:40;E10,906988;N48,357992;H489,2;19,8;19,6;19,1;18,3;79482;60511;49795;40431;13294;3609;3238;530;118;112;83;62;34;34;32;12;3;3;1;0;0;0;0;0;0;0;0;0;0;0;0;16,2;95,7;NA;7H180002;SW V7-0 (2020-04-06)
2020-08-16 07:17:41;2020-08-16 05:17:40;E10,907030;N48,357987;H490,0;20,2;19,9;19,6;18,6;78818;61711;51084;43274;14641;4097;3748;613;139;116;72;61;30;30;32;20;0;1;2;0;0;0;0;0;0;0;0;0;0;0;0;16,6;95,9;NA;7H180002;SW V7-0 (2020-04-06)
2020-08-16 07:22:41;2020-08-16 05:22:40;E10,907067;N48,357985;H492,0;21,0;20,4;20,0;19,1;78491;60967;53112;46522;15965;4702;4324;717;163;148;66;56;29;33;33;15;3;1;1;0;1;0;0;0;0;0;0;0;0;0;0;16,8;95,5;NA;7H180002;SW V7-0 (2020-04-06)
2020-08-16 07:27:41;2020-08-16 05:27:41;E10,907112;N48,357987;H493,9;20,9;20,7;20,3;19,2;78474;61569;53320;46851;16223;4714;4499;717;142;137;79;63;34;40;42;14;3;2;1;0;0;0;0;0;0;0;0;0;0;0;0;17,0;95,3;NA;7H180002;SW V7-0 (2020-04-06)
2020-08-16 07:32:41;2020-08-16 05:32:41;E10,907147;N48,357993;H494,8;20,9;20,5;20,2;19,4;78712;61310;53331;47850;16766;4878;4528;766;149;119;80;76;30;34;24;11;2;2;1;1;0;0;0;0;0;0;0;0;0;0;0;17,0;94,7;NA;7H180002;SW V7-0 (2020-04-06)
2020-08-16 07:37:41;2020-08-16 05:37:41;E10,907205;N48,358000;H497,2;20,9;20,6;20,1;19,2;78652;61439;53353;46643;16025;4799;4442;823;161;113;84;50;31;34;33;13;3;2;1;1;0;0;0;0;0;0;0;0;0;0;0;17,2;94,1;NA;7H180002;SW V7-0 (2020-04-06)
2020-08-16 07:42:42;2020-08-16 05:42:41;E10,907293;N48,358010;H500,0;21,1;20,6;20,0;19,0;78335;60204;52267;44995;15455;4568;4366;781;107;118;101;58;36;31;37;22;3;2;2;1;0;0;0;0;0;0;0;0;0;0;0;17,4;93,2;NA;7H180002;SW V7-0 (2020-04-06)
2020-08-16 07:47:42;2020-08-16 05:47:41;E10,907393;N48,358022;H503,7;20,8;20,5;20,0;19,1;79149;61574;51969;44790;15204;4535;4336;769;160;137;81;66;25;35;32;22;2;2;2;0;0;0;0;0;0;0;0;0;0;0;0;17,4;92,6;NA;7H180002;SW V7-0 (2020-04-06)
2020-08-16 07:52:42;2020-08-16 05:52:41;E10,907570;N48,357992;H506,8;20,9;20,2;19,6;18,5;76803;58691;50953;43743;15246;4311;4225;747;139;118;94;76;35;38;36;18;4;2;1;1;1;0;0;0;0;0;0;0;0;0;0;17,6;92,2;NA;7H180002;SW V7-0 (2020-04-06)
2020-08-16 07:57:42;2020-08-16 05:57:41;E10,908458;N48,358443;H498,3;20,6;20,2;19,6;18,5;75884;58107;50133;44263;15355;4486;4343;740;182;130;85;58;47;36;41;20;4;2;3;0;0;0;0;0;0;0;0;0;0;0;0;17,8;91,6;NA;7H180002;SW V7-0 (2020-04-06)
2020-08-16 08:02:42;2020-08-16 06:02:41;E10,908505;N48,358268;H497,3;21,2;19,8;19,3;18,1;74216;57356;49318;43377;15084;4478;4348;720;152;157;110;69;27;32;44;24;2;1;2;1;0;0;1;0;0;0;0;0;0;0;0;18,0;91,0;NA;7H180002;SW V7-0 (2020-04-06)
2020-08-16 08:07:42;2020-08-16 06:07:41;E10,908242;N48,358172;H497,2;19,9;19,3;18,7;17,8;73708;56314;48074;41936;14616;4406;4074;720;152;132;81;73;33;32;35;14;2;2;2;2;0;0;0;0;0;0;0;0;0;0;0;18,2;90,2;NA;7H180002;SW V7-0 (2020-04-06)
2020-08-16 08:12:42;2020-08-16 06:12:41;E10,906842;N48,358027;H487,8;19,2;19,0;18,5;17,5;73266;55322;46906;40532;14120;4101;3888;699;143;123;79;69;26;38;35;18;4;1;2;0;0;0;0;0;0;0;0;0;0;0;0;18,2;89,8;NA;7H180002;SW V7-0 (2020-04-06)
2020-08-16 08:17:42;2020-08-16 06:17:41;E10,906842;N48,358027;H487,8;19,4;19,1;18,7;17,6;73828;54974;46842;40716;13910;4176;3856;690;170;139;78;78;39;42;42;16;2;2;0;1;0;0;0;0;0;0;0;0;0;0;0;18,6;88,7;NA;7H180002;SW V7-0 (2020-04-06)
2020-08-16 08:22:42;2020-08-16 06:22:41;E10,906842;N48,358027;H487,8;20,5;18,9;18,4;17,4;72770;54676;46538;40176;13625;4215;3942;705;150;110;88;78;37;32;36;17;3;1;2;0;1;0;0;1;0;0;0;0;0;0;0;18,8;87,9;NA;7H180002;SW V7-0 (2020-04-06)
2020-08-16 08:27:42;2020-08-16 06:27:41;E10,906842;N48,358027;H487,8;18,8;18,6;18,1;17,2;72409;53850;45459;39394;13453;3933;3788;685;152;130;101;54;33;40;34;14;4;1;2;0;0;0;0;0;0;0;0;0;0;0;0;18,8;87,7;NA;7H180002;SW V7-0 (2020-04-06)
2020-08-16 08:32:42;2020-08-16 06:32:41;E10,907973;N48,358165;H497,5;18,9;18,6;18,2;17,2;72154;54584;46018;39678;13382;3928;3804;660;147;112;75;85;35;40;37;17;0;2;2;0;0;0;0;0;0;0;0;0;0;0;0;19,0;86,3;NA;7H180002;SW V7-0 (2020-04-06)
2020-08-16 08:37:43;2020-08-16 06:37:42;E10,907127;N48,358067;H497,5;18,8;18,5;18,2;17,4;73686;55360;46002;39948;13485;3905;3756;652;153;129;105;62;41;34;27;10;1;2;0;1;0;0;0;0;0;0;0;0;0;0;0;19,2;85,4;NA;7H180002;SW V7-0 (2020-04-06)
2020-08-16 08:42:43;2020-08-16 06:42:42;E10,907257;N48,358070;H497,5;19,2;18,4;17,9;16,9;72023;53138;45013;37949;12807;3810;3588;617;138;138;74;54;41;37;39;19;3;0;2;0;0;1;0;0;0;0;0;0;0;0;0;19,4;84,4;NA;7H180002;SW V7-0 (2020-04-06)
2020-08-16 08:47:43;2020-08-16 06:47:42;E10,908813;N48,357997;H497,5;19,2;17,8;17,3;16,2;69675;51071;42214;36124;12270;3627;3450;604;144;113;70;73;31;37;37;19;2;2;1;1;0;0;1;0;1;0;0;0;0;0;0;20,0;82,4;NA;7H180002;SW V7-0 (2020-04-06)
2020-08-16 08:52:43;2020-08-16 06:52:42;E10,908680;N48,358013;H497,5;17,8;17,4;16,9;15,9;68598;49703;41614;34726;11644;3480;3234;586;131;132;88;72;24;37;36;17;4;1;2;1;0;0;0;0;0;0;0;0;0;0;0;20,0;82,4;NA;7H180002;SW V7-0 (2020-04-06)
2020-08-16 08:57:43;2020-08-16 06:57:42;E10,906760;N48,359090;H497,5;17,0;16,5;16,1;15,0;65535;47430;38941;32747;10798;3150;2918;537;119;133;91;73;26;33;41;19;1;1;2;1;0;0;0;0;0;0;0;0;0;0;0;20,2;81,4;NA;7H180002;SW V7-0 (2020-04-06)
2020-08-16 09:02:43;2020-08-16 07:02:42;E10,906947;N48,358417;H497,5;16,5;15,7;15,2;14,3;63304;45342;36661;29838;9794;2770;2749;531;108;139;79;72;28;38;29;16;1;2;2;0;0;1;0;0;0;0;0;0;0;0;0;20,4;80,3;NA;7H180002;SW V7-0 (2020-04-06)
2020-08-16 09:07:43;2020-08-16 07:07:42;E10,906842;N48,358027;H487,8;15,7;15,0;14,5;13,6;61046;43385;34726;27639;8937;2617;2360;471;116;90;77;76;45;26;36;13;4;1;0;1;1;0;0;0;0;0;0;0;0;0;0;20,5;79,7;NA;7H180002;SW V7-0 (2020-04-06)
2020-08-16 09:12:43;2020-08-16 07:12:42;E10,906842;N48,358027;H487,8;18,0;15,0;14,5;13,6;61095;43156;34687;27348;8954;2580;2486;454;115;115;77;74;25;37;31;14;3;1;2;1;0;1;0;2;0;0;0;0;0;0;0;20,5;79,1;NA;7H180002;SW V7-0 (2020-04-06)
2020-08-16 09:17:43;2020-08-16 07:17:42;E10,907022;N48,357895;H497,5;16,3;14,9;14,4;13,4;60529;42634;34169;26959;8756;2403;2316;494;116;102;102;66;22;36;33;18;3;1;1;0;1;0;1;0;0;0;0;0;0;0;0;20,5;79,3;NA;7H180002;SW V7-0 (2020-04-06)
2020-08-16 09:22:43;2020-08-16 07:22:42;E10,907077;N48,357878;H689,1;14,3;14,0;13,5;12,6;56666;39782;32090;25403;8009;2244;2138;463;100;102;75;68;33;32;37;17;2;1;3;0;0;0;0;0;0;0;0;0;0;0;0;20,9;78,5;NA;7H180002;SW V7-0 (2020-04-06)
2020-08-16 09:27:43;2020-08-16 07:27:42;E10,907073;N48,357915;H622,5;13,6;13,4;13,1;12,2;55366;38804;30826;24269;7609;2079;2009;426;108;120;104;60;37;30;33;10;1;2;1;0;0;0;0;0;0;0;0;0;0;0;0;21,1;76,6;NA;7H180002;SW V7-0 (2020-04-06)
2020-08-16 09:32:43;2020-08-16 07:32:42;E10,906987;N48,357932;H512,2;14,0;13,4;12,9;11,9;54437;37639;29597;23120;7391;1959;1858;364;110;100;90;68;30;28;40;22;1;1;1;2;0;0;0;0;0;0;0;0;0;0;0;21,3;75,8;NA;7H180002;SW V7-0 (2020-04-06)
2020-08-16 09:37:43;2020-08-16 07:37:42;E10,906917;N48,357975;H447,9;12,6;12,3;11,9;11,1;51489;35147;26940;20362;6432;1668;1698;374;121;91;80;71;30;20;35;18;2;0;2;0;0;0;0;0;0;1;0;0;0;0;0;21,7;74,2;NA;7H180002;SW V7-0 (2020-04-06)
2020-08-16 09:42:43;2020-08-16 07:42:43;E10,906932;N48,358025;H486,9;12,2;11,5;11,1;10,3;48699;33305;24839;18421;5532;1514;1474;342;79;106;100;60;34;28;30;11;1;1;1;0;0;1;0;0;0;0;0;0;0;0;0;21,9;72,7;NA;7H180002;SW V7-0 (2020-04-06)
2020-08-16 09:47:43;2020-08-16 07:47:43;E10,906867;N48,357947;H476,7;11,7;11,4;11,1;10,3;49039;32972;24392;17653;5485;1392;1391;341;81;106;71;78;35;31;29;11;2;1;0;1;0;0;0;0;0;0;0;0;0;0;0;22,3;70,7;NA;7H180002;SW V7-0 (2020-04-06)
2020-08-16 09:52:44;2020-08-16 07:52:43;E10,906987;N48,357967;H488,6;15,2;13,8;13,4;12,5;56177;39627;31787;25102;8201;2276;2167;472;112;126;83;59;42;27;35;15;1;1;1;1;0;0;1;0;1;0;0;0;0;0;0;22,5;71,5;NA;7H180002;SW V7-0 (2020-04-06)
2020-08-16 09:57:44;2020-08-16 07:57:43;E10,906992;N48,357982;H488,0;15,3;15,1;14,8;13,9;60534;43207;35893;29888;9701;2937;2674;546;122;129;79;68;32;34;39;14;2;0;1;0;0;0;0;0;0;0;0;0;0;0;0;22,1;73,4;NA;7H180002;SW V7-0 (2020-04-06)
2020-08-16 10:02:44;2020-08-16 08:02:43;E10,906975;N48,357957;H491,0;16,3;14,5;14,1;13,1;58030;41442;33864;27611;8908;2613;2543;458;115;130;80;65;25;32;34;17;1;1;2;0;0;1;0;1;0;0;0;0;0;0;0;22,1;73,0;NA;7H180002;SW V7-0 (2020-04-06)
2020-08-16 10:07:44;2020-08-16 08:07:43;E10,906902;N48,357917;H496,8;13,4;13,0;12,7;11,8;54540;37324;29298;22614;6916;1978;1886;377;109;115;62;60;35;30;33;14;2;0;1;1;0;0;0;0;0;0;0;0;0;0;0;22,3;71,9;NA;7H180002;SW V7-0 (2020-04-06)
2020-08-16 10:12:44;2020-08-16 08:12:43;E10,906895;N48,357917;H501,9;13,6;12,4;12,1;11,3;52741;36054;27762;20537;6258;1687;1663;337;91;115;83;70;35;36;28;11;0;1;1;1;0;0;1;0;0;0;0;0;0;0;0;22,5;70,7;NA;7H180002;SW V7-0 (2020-04-06)
2020-08-16 10:17:44;2020-08-16 08:17:43;E10,906908;N48,357933;H507,4;12,7;12,2;11,9;11,0;52564;34858;26591;19508;5843;1532;1605;333;90;97;60;50;34;38;29;12;2;0;1;0;1;0;0;0;0;0;0;0;0;0;0;22,7;69,5;NA;7H180002;SW V7-0 (2020-04-06)
2020-08-16 10:22:44;2020-08-16 08:22:43;E10,906950;N48,357920;H518,8;12,0;11,7;11,3;10,6;50814;34017;25163;17925;5413;1438;1432;320;84;107;75;64;32;19;28;11;2;1;1;1;0;0;0;0;0;0;0;0;0;0;0;23,1;67,8;NA;7H180002;SW V7-0 (2020-04-06)
2020-08-16 10:27:44;2020-08-16 08:27:43;E10,906967;N48,357928;H518,5;13,1;12,1;11,6;10,6;50963;33973;25429;18165;5393;1384;1307;333;98;108;70;57;32;30;37;18;2;1;2;1;0;1;0;0;0;0;0;1;0;0;0;23,5;66,4;NA;7H180002;SW V7-0 (2020-04-06)
2020-08-16 10:32:44;2020-08-16 08:32:43;E10,906977;N48,357947;H517,7;12,4;11,2;10,8;10,2;49594;32493;24368;17007;5004;1286;1228;299;80;81;61;53;19;16;27;12;0;2;1;1;0;0;1;0;0;0;0;0;0;0;0;23,7;64,6;NA;7H180002;SW V7-0 (2020-04-06)
2020-08-16 10:37:44;2020-08-16 08:37:43;E10,906983;N48,357958;H516,9;12,9;11,4;11,0;10,1;49117;32331;24140;16931;4912;1300;1193;274;106;93;65;59;29;36;32;13;2;1;1;0;1;0;0;1;0;0;0;0;0;0;0;24,1;64,5;NA;7H180002;SW V7-0 (2020-04-06)
2020-08-16 10:42:44;2020-08-16 08:42:43;E10,906997;N48,357980;H513,2;12,1;11,7;11,3;10,5;50650;33567;25322;18104;5138;1368;1378;284;82;93;76;63;28;19;34;15;1;1;1;1;0;0;0;0;0;0;0;0;0;0;0;24,5;62,5;NA;7H180002;SW V7-0 (2020-04-06)
2020-08-16 10:47:44;2020-08-16 08:47:44;E10,907000;N48,357990;H511,5;11,9;11,6;11,2;10,4;50098;33013;24640;17465;5260;1266;1238;300;87;91;71;66;27;30;31;14;1;1;1;1;0;0;0;0;0;0;0;0;0;0;0;24,1;63,5;NA;7H180002;SW V7-0 (2020-04-06)
2020-08-16 10:52:44;2020-08-16 08:52:44;E10,907013;N48,357998;H507,8;12,4;11,5;11,0;10,2;49164;32164;24391;17315;5160;1355;1302;299;76;111;79;64;27;20;33;13;4;0;2;0;0;1;0;0;1;0;0;0;0;0;0;24,6;61,9;NA;7H180002;SW V7-0 (2020-04-06)
2020-08-16 10:57:45;2020-08-16 08:57:44;E10,907010;N48,358013;H501,1;11,9;11,7;11,4;10,5;49961;32955;25062;18332;5443;1429;1326;298;99;89;75;66;43;46;26;12;1;1;0;1;0;0;0;0;0;0;0;0;0;0;0;24,6;61,9;NA;7H180002;SW V7-0 (2020-04-06)
2020-08-16 11:02:45;2020-08-16 09:02:44;E10,907017;N48,358012;H496,8;13,4;12,0;11,6;10,8;51278;34233;26503;19632;5822;1519;1580;309;102;100;68;55;32;26;30;13;2;0;1;0;1;0;1;0;0;0;0;0;0;0;0;24,5;63,5;NA;7H180002;SW V7-0 (2020-04-06)
2020-08-16 11:07:45;2020-08-16 09:07:44;E10,907005;N48,358012;H494,4;11,5;11,2;10,9;10,2;49067;31831;24168;17253;5091;1351;1267;291;89;114;71;46;31;19;29;12;3;1;0;1;0;0;0;0;0;0;0;0;0;0;0;24,3;63,7;NA;7H180002;SW V7-0 (2020-04-06)
2020-08-16 11:12:45;2020-08-16 09:12:44;E10,907000;N48,358005;H492,8;12,1;10,9;10,6;9,9;47983;31579;23197;16242;4754;1280;1114;270;102;96;73;69;26;19;22;15;0;1;1;1;0;0;1;0;0;1;0;0;0;0;0;24,5;63,5;NA;7H180002;SW V7-0 (2020-04-06)
2020-08-16 11:17:45;2020-08-16 09:17:44;E10,906942;N48,357990;H484,9;12,9;11,3;10,9;10,1;48921;31792;23596;16692;4883;1260;1238;255;85;108;88;64;36;17;31;15;2;1;2;0;1;0;0;1;0;0;0;0;0;0;0;24,5;63,3;NA;7H180002;SW V7-0 (2020-04-06)
2020-08-16 11:22:45;2020-08-16 09:22:44;E10,906920;N48,358000;H483,5;11,3;11,0;10,7;9,9;48025;31346;23628;16704;5042;1291;1250;268;86;84;66;58;31;35;22;12;2;0;1;1;0;0;0;0;0;0;0;0;0;0;0;24,3;63,1;NA;7H180002;SW V7-0 (2020-04-06)
2020-08-16 11:27:45;2020-08-16 09:27:44;E10,906893;N48,357987;H479,4;12,2;11,3;10,9;10,2;48757;32039;24351;17534;5299;1366;1372;289;87;80;69;55;20;29;25;12;1;3;0;1;0;1;0;0;0;0;0;0;0;0;0;24,3;63,1;NA;7H180002;SW V7-0 (2020-04-06)
2020-08-16 11:32:45;2020-08-16 09:32:44;E10,906940;N48,358105;H496,7;11,9;11,3;10,8;10,0;48677;31348;23211;15996;4749;1304;1175;289;76;88;70;60;17;20;38;17;2;0;4;1;0;0;0;0;0;0;0;0;0;0;0;24,3;63,1;NA;7H180002;SW V7-0 (2020-04-06)
2020-08-16 11:37:45;2020-08-16 09:37:44;E10,906773;N48,357817;H462,3;11,6;11,0;10,6;9,8;48055;30245;22174;15622;4636;1189;1147;265;76;93;63;49;33;26;32;12;2;1;2;0;1;0;0;0;0;0;0;0;0;0;0;24,6;62,5;NA;7H180002;SW V7-0 (2020-04-06)
2020-08-16 11:42:45;2020-08-16 09:42:44;E10,906862;N48,357823;H468,5;11,0;10,4;10,1;9,5;46735;29981;21633;15074;4276;1104;1082;246;69;83;68;61;24;27;20;9;1;2;1;0;1;0;0;0;0;0;0;0;0;0;0;24,8;61,1;NA;7H180002;SW V7-0 (2020-04-06)
2020-08-16 11:47:45;2020-08-16 09:47:44;E10,906895;N48,357860;H474,6;12,1;10,8;10,4;9,6;47346;30415;22158;15210;4353;1094;1052;252;64;69;73;62;33;30;28;15;1;1;2;0;0;0;1;0;1;0;0;0;0;0;0;24,5;62,1;NA;7H180002;SW V7-0 (2020-04-06)
2020-08-16 11:52:45;2020-08-16 09:52:45;E10,906907;N48,357863;H476,5;11,1;10,8;10,5;9,9;48619;30781;22885;16003;4652;1146;1144;275;85;88;66;54;15;19;28;12;1;0;0;1;0;0;0;0;0;0;0;0;0;0;0;24,5;62,5;NA;7H180002;SW V7-0 (2020-04-06)
2020-08-16 11:57:45;2020-08-16 09:57:45;E10,906923;N48,357875;H478,2;11,1;10,8;10,5;9,8;48407;30583;22314;15490;4333;1106;1105;286;83;91;72;46;22;23;31;11;1;2;0;1;0;0;0;0;0;0;0;0;0;0;0;24,5;62,5;NA;7H180002;SW V7-0 (2020-04-06)
2020-08-16 12:02:45;2020-08-16 10:02:45;E10,906928;N48,357887;H480,2;11,1;10,9;10,6;10,0;49144;31584;23059;15732;4448;1205;1057;299;83;85;77;43;27;21;21;12;2;0;2;0;0;0;0;0;0;0;0;0;0;0;0;24,5;62,3;NA;7H180002;SW V7-0 (2020-04-06)
2020-08-16 12:07:46;2020-08-16 10:07:45;E10,906932;N48,357888;H480,6;11,5;10,9;10,6;9,9;49560;31220;22700;14806;4121;1028;1054;288;80;91;61;53;23;36;21;9;1;1;2;0;1;0;0;0;0;0;0;0;0;0;0;24,5;62,1;NA;7H180002;SW V7-0 (2020-04-06)
2020-08-16 12:12:46;2020-08-16 10:12:45;E10,906925;N48,357898;H481,5;12,3;10,5;10,1;9,6;48062;30571;21996;13978;3832;974;922;245;82;80;58;51;22;16;24;10;1;0;1;1;0;1;0;1;0;0;0;0;0;0;0;25,0;60,2;NA;7H180002;SW V7-0 (2020-04-06)
2020-08-16 12:17:46;2020-08-16 10:17:45;E10,906980;N48,357947;H489,3;11,6;10,2;9,9;9,4;47529;30032;21046;13676;3621;908;917;245;84;101;54;46;23;20;19;7;1;1;1;0;1;0;1;0;0;0;0;0;0;0;0;25,2;59,2;NA;7H180002;SW V7-0 (2020-04-06)
2020-08-16 12:22:46;2020-08-16 10:22:45;E10,906982;N48,357960;H490,5;10,4;10,1;9,7;8,9;45355;27992;19399;12448;3372;793;824;223;102;79;66;51;33;23;30;14;1;1;1;1;0;0;0;0;0;0;0;0;0;0;0;25,2;58,2;NA;7H180002;SW V7-0 (2020-04-06)
2020-08-16 12:27:46;2020-08-16 10:27:45;E10,906977;N48,357972;H490,8;10,3;9,9;9,5;8,8;44728;27990;19642;12330;3408;848;846;238;73;73;67;41;25;19;30;12;1;1;2;1;0;0;0;0;0;0;0;0;0;0;0;25,4;57,4;NA;7H180002;SW V7-0 (2020-04-06)
2020-08-16 12:32:46;2020-08-16 10:32:45;E10,906975;N48,357978;H491,1;10,8;10,0;9,6;8,9;45455;27510;19656;12463;3356;849;834;259;78;94;59;46;22;26;25;10;1;1;1;1;0;1;0;0;0;0;0;0;0;0;0;26,2;55,7;NA;7H180002;SW V7-0 (2020-04-06)
2020-08-16 12:37:46;2020-08-16 10:37:45;E10,906923;N48,357992;H489,1;10,9;9,8;9,5;8,8;44810;27753;19412;12497;3285;879;865;254;69;67;60;45;31;18;29;11;0;1;1;0;0;0;0;1;0;0;0;0;0;0;0;25,8;56,6;NA;7H180002;SW V7-0 (2020-04-06)
2020-08-16 12:42:46;2020-08-16 10:42:45;E10,906952;N48,357978;H489,6;10,7;9,9;9,6;8,9;45407;28127;19390;12244;3189;780;853;224;73;98;57;45;32;17;28;11;2;0;2;0;0;1;0;0;0;0;0;0;0;0;0;27,0;54,3;NA;7H180002;SW V7-0 (2020-04-06)
2020-08-16 12:47:46;2020-08-16 10:47:45;E10,906985;N48,357970;H489,9;10,2;9,6;9,4;8,7;44485;27504;18809;11719;3087;718;796;204;84;91;57;37;18;30;25;12;0;1;0;0;1;0;0;0;1;0;0;0;0;0;0;26,6;53,7;NA;7H180002;SW V7-0 (2020-04-06)
2020-08-16 12:52:46;2020-08-16 10:52:46;E10,906995;N48,357963;H489,3;11,5;10,3;10,0;9,2;47411;28874;19850;12645;3273;814;840;216;56;74;64;42;13;32;27;13;1;1;2;0;0;0;0;1;0;0;1;0;0;0;0;25,6;56,8;NA;7H180002;SW V7-0 (2020-04-06)
2020-08-16 12:57:46;2020-08-16 10:57:46;E10,906993;N48,357958;H488,4;10,8;10,6;10,3;9,6;49415;30122;20556;13166;3444;857;872;213;88;82;75;45;18;27;24;13;1;0;0;1;0;0;0;0;0;0;0;0;0;0;0;26,2;55,7;NA;7H180002;SW V7-0 (2020-04-06)
2020-08-16 13:02:46;2020-08-16 11:02:46;E10,907023;N48,357985;H491,3;11,1;10,4;10,2;9,6;49919;29939;20474;12838;3373;752;837;180;62;72;71;48;21;12;21;9;0;1;1;0;0;1;0;0;0;0;0;0;0;0;0;26,6;54,7;NA;7H180002;SW V7-0 (2020-04-06)
2020-08-16 13:07:46;2020-08-16 11:07:46;E10,907013;N48,358037;H496,2;10,1;9,8;9,4;8,8;45744;26842;18131;11192;2850;704;710;155;64;75;52;44;20;23;29;10;2;0;1;1;0;0;0;0;0;0;0;0;0;0;0;27,2;51,8;NA;7H180002;SW V7-0 (2020-04-06)
2020-08-16 13:12:46;2020-08-16 11:12:46;E10,906973;N48,358032;H494,7;11,1;9,7;9,3;8,5;44612;26178;17390;10375;2761;673;666;173;67;88;57;59;15;18;33;14;0;2;1;0;1;0;1;0;0;0;0;0;0;0;0;28,6;47,5;NA;7H180002;SW V7-0 (2020-04-06)
2020-08-16 13:17:46;2020-08-16 11:17:46;E10,906965;N48,358033;H494,8;10,3;10,0;9,7;9,0;47250;27719;18644;11408;2787;716;704;166;58;66;57;38;24;24;25;11;1;0;1;1;0;0;0;0;0;0;0;0;0;0;0;28,4;48,8;NA;7H180002;SW V7-0 (2020-04-06)
2020-08-16 13:22:47;2020-08-16 11:22:46;E10,906940;N48,358032;H494,3;10,6;10,4;10,1;9,4;49090;29262;19335;11777;3040;740;743;193;72;81;51;35;22;24;31;8;2;1;2;0;0;0;0;0;0;0;0;0;0;0;0;28,6;49,0;NA;7H180002;SW V7-0 (2020-04-06)
2020-08-16 13:27:47;2020-08-16 11:27:46;E10,906943;N48,358020;H494,1;10,6;10,3;10,0;9,5;49788;29568;19852;12070;3136;770;785;185;64;78;54;44;20;22;13;9;1;0;1;1;0;0;0;0;0;0;0;0;0;0;0;29,5;46,9;NA;7H180002;SW V7-0 (2020-04-06)
2020-08-16 13:32:47;2020-08-16 11:32:46;E10,906953;N48,358010;H494,1;10,3;10,2;10,0;9,5;49371;29431;19867;12382;3182;798;790;174;73;66;65;40;15;17;23;6;0;1;1;0;0;0;0;0;0;0;0;0;0;0;0;29,7;45,5;NA;7H180002;SW V7-0 (2020-04-06)
2020-08-16 13:37:47;2020-08-16 11:37:46;E10,906945;N48,358008;H494,1;11,0;10,2;9,9;9,3;48093;28538;19777;12084;3001;743;837;187;91;78;58;50;17;21;25;10;1;1;0;0;0;1;0;0;1;0;0;0;0;0;0;28,6;48,6;NA;7H180002;SW V7-0 (2020-04-06)
2020-08-16 13:42:47;2020-08-16 11:42:46;E10,906950;N48,358017;H494,1;10,8;9,6;9,4;8,9;46146;27811;19190;11605;3017;747;750;210;54;68;58;34;24;15;15;9;1;0;1;1;0;0;1;0;0;0;0;0;0;0;0;28,2;49,0;NA;7H180002;SW V7-0 (2020-04-06)
2020-08-16 13:47:47;2020-08-16 11:47:46;E10,906970;N48,358022;H494,0;10,4;9,9;9,5;8,8;44962;27434;18761;11762;2873;795;809;220;57;105;50;49;22;25;31;13;1;1;1;0;1;0;0;0;0;0;0;0;0;0;0;28,9;47,9;NA;7H180002;SW V7-0 (2020-04-06)
2020-08-16 13:52:47;2020-08-16 11:52:46;E10,906977;N48,358008;H494,5;10,8;9,7;9,3;8,7;44851;26796;18832;11415;2948;707;720;210;61;74;57;37;17;21;25;12;2;0;1;2;0;1;0;0;0;0;0;0;0;0;0;28,8;48,2;NA;7H180002;SW V7-0 (2020-04-06)
2020-08-16 13:57:47;2020-08-16 11:57:47;E10,906960;N48,357993;H494,6;10,0;9,3;9,0;8,3;42653;25541;17851;10741;2694;716;759;199;68;70;35;58;22;30;21;15;0;2;0;0;0;1;0;0;0;0;0;0;0;0;0;28,4;47,5;NA;7H180002;SW V7-0 (2020-04-06)
2020-08-16 14:02:47;2020-08-16 12:02:47;E10,906953;N48,357987;H494,9;10,3;8,9;8,6;8,2;42182;25246;17698;10972;2768;715;750;222;75;85;50;41;16;16;17;5;1;0;2;0;1;0;1;0;0;0;0;0;0;0;0;28,9;46,7;NA;7H180002;SW V7-0 (2020-04-06)
2020-08-16 14:07:47;2020-08-16 12:07:47;E10,906965;N48,357988;H495,4;9,8;9,4;9,1;8,5;43652;25876;18366;11328;2920;782;768;220;76;68;57;35;23;21;23;9;1;1;0;2;0;0;0;0;0;0;0;0;0;0;0;28,8;49,0;NA;7H180002;SW V7-0 (2020-04-06)
2020-08-16 14:12:47;2020-08-16 12:12:47;E10,906977;N48,357997;H495,1;9,7;9,0;8,8;8,2;43222;24331;17341;10271;2224;617;606;164;42;81;51;46;16;17;25;6;2;0;1;0;0;1;0;0;0;0;0;0;0;0;0;28,9;47,9;NA;7H180002;SW V7-0 (2020-04-06)
2020-08-16 14:17:47;2020-08-16 12:17:47;E10,906978;N48,357985;H494,5;9,1;9,0;8,8;8,3;44139;23580;17176;9689;2091;581;592;142;36;57;65;31;19;20;20;7;1;0;1;0;0;0;0;0;0;0;0;0;0;0;0;28,4;48,8;NA;7H180002;SW V7-0 (2020-04-06)
2020-08-16 14:22:48;2020-08-16 12:22:47;E10,906995;N48,357987;H492,6;10,9;9,5;9,1;8,4;42979;26181;18554;11753;2895;749;823;219;75;87;59;47;23;15;28;12;1;1;2;1;0;0;0;1;0;0;0;0;0;0;0;28,4;49,8;NA;7H180002;SW V7-0 (2020-04-06)
2020-08-16 14:27:48;2020-08-16 12:27:47;E10,906980;N48,357988;H493,3;9,9;9,2;8,9;8,3;42496;25437;18353;11290;2951;761;830;207;64;80;60;39;26;18;19;9;2;1;1;0;0;1;0;0;0;0;0;0;0;0;0;28,2;50,0;NA;7H180002;SW V7-0 (2020-04-06)
2020-08-16 14:32:48;2020-08-16 12:32:47;E10,906970;N48,357995;H490,9;9,0;8,4;8,1;7,3;37690;22607;15723;9391;2400;626;739;188;64;74;50;53;21;23;29;13;1;1;0;0;1;0;0;0;1;0;0;0;0;0;0;29,9;43,8;NA;7H180002;SW V7-0 (2020-04-06)
2020-08-16 14:37:48;2020-08-16 12:37:47;E10,906912;N48,357983;H486,9;10,5;9,4;9,0;8,4;42800;26083;18558;11727;3031;809;911;249;70;68;64;42;29;20;22;10;2;0;1;1;0;0;1;0;0;1;0;0;0;0;0;29,7;45,9;NA;7H180002;SW V7-0 (2020-04-06)
2020-08-16 14:42:48;2020-08-16 12:42:47;E10,906930;N48,357968;H483,3;11,7;9,6;9,2;8,4;42413;26444;19295;12097;3144;871;903;239;80;71;56;43;28;14;25;21;1;0;1;0;1;1;0;1;0;0;0;0;0;0;0;28,8;48,6;NA;7H180002;SW V7-0 (2020-04-06)
2020-08-16 14:47:48;2020-08-16 12:47:47;E10,906925;N48,357970;H485,3;10,9;9,3;8,9;8,1;41214;25194;17955;11447;2942;856;866;234;58;84;59;49;22;24;30;9;1;2;2;1;1;0;1;0;0;0;0;0;0;0;0;28,6;48,4;NA;7H180002;SW V7-0 (2020-04-06)
2020-08-16 14:52:48;2020-08-16 12:52:47;E10,906907;N48,357950;H491,0;10,6;8,9;8,6;8,0;40613;25198;18141;11504;2954;804;784;214;78;69;49;44;18;29;21;9;1;0;0;1;0;1;1;0;0;0;0;0;0;0;0;28,4;48,2;NA;7H180002;SW V7-0 (2020-04-06)
2020-08-16 14:57:48;2020-08-16 12:57:47;E10,906877;N48,357950;H490,7;10,5;8,8;8,6;8,1;40935;24604;18056;11404;3003;816;794;251;67;73;46;36;13;25;20;8;1;1;0;0;0;1;0;1;0;0;0;0;0;0;0;28,6;48,2;NA;7H180002;SW V7-0 (2020-04-06)
2020-08-16 15:02:48;2020-08-16 13:02:48;E10,906933;N48,357958;H490,5;9,2;8,9;8,6;8,0;40056;25114;17949;11579;2893;801;830;236;64;91;63;39;21;27;22;11;1;0;1;1;0;0;0;0;0;0;0;0;0;0;0;28,4;47,9;NA;7H180002;SW V7-0 (2020-04-06)
2020-08-16 15:07:48;2020-08-16 13:07:48;E10,906958;N48,357968;H490,8;8,7;8,6;8,4;7,9;40019;24699;17939;11182;2805;768;810;224;74;83;60;46;17;20;16;8;1;0;1;0;0;0;0;0;0;0;0;0;0;0;0;28,4;48,4;NA;7H180002;SW V7-0 (2020-04-06)
2020-08-16 15:12:49;2020-08-16 13:12:48;E10,906990;N48,357970;H490,6;9,1;8,6;8,4;7,8;39769;24595;17515;11159;2847;730;798;247;79;66;55;28;23;23;18;8;1;0;1;0;1;0;0;0;0;0;0;0;0;0;0;28,0;48,6;NA;7H180002;SW V7-0 (2020-04-06)
2020-08-16 15:17:49;2020-08-16 13:17:48;E10,906962;N48,357977;H490,5;8,7;8,1;7,8;7,4;37856;22712;16762;10177;2651;707;710;212;47;68;46;35;20;16;14;7;1;0;1;0;0;1;0;0;0;0;0;0;0;0;0;28,2;47,9;NA;7H180002;SW V7-0 (2020-04-06)
2020-08-16 15:22:50;2020-08-16 13:22:48;E10,906938;N48,357972;H490,2;8,1;7,9;7,7;7,2;37119;21911;15931;9849;2474;672;700;186;69;63;41;35;22;23;16;7;1;0;0;1;0;0;0;0;0;0;0;0;0;0;0;28,4;46,5;NA;7H180002;SW V7-0 (2020-04-06)
2020-08-16 15:27:50;2020-08-16 13:27:49;E10,907005;N48,357813;H509,7;9,4;8,1;7,8;7,3;37031;22603;16203;9754;2525;672;683;208;69;59;57;37;13;20;24;9;1;1;0;0;1;0;1;0;0;0;0;0;0;0;0;28,4;47,1;NA;7H180002;SW V7-0 (2020-04-06)
2020-08-16 15:32:50;2020-08-16 13:32:49;E10,907008;N48,357763;H515,4;8,9;8,1;7,7;7,2;36820;22103;15545;9904;2517;570;665;207;69;72;41;39;14;19;24;9;0;1;1;1;0;1;0;0;0;0;0;0;0;0;0;28,6;46,3;NA;7H180002;SW V7-0 (2020-04-06)
2020-08-16 15:37:50;2020-08-16 13:37:49;E10,907013;N48,357723;H520,5;8,3;7,7;7,4;6,9;35444;21408;15107;9245;2175;583;630;172;56;67;42;39;17;24;22;7;1;0;1;0;1;0;0;0;1;0;0;0;0;0;0;28,6;46,3;NA;7H180002;SW V7-0 (2020-04-06)
2020-08-16 15:42:50;2020-08-16 13:42:49;E10,906958;N48,357728;H524,9;9,6;8,0;7,5;7,0;36042;21332;15169;9199;2152;542;532;143;76;70;47;32;15;22;23;11;0;1;1;3;0;0;0;1;0;0;0;0;0;0;0;28,6;46,9;NA;7H180002;SW V7-0 (2020-04-06)
2020-08-16 15:47:50;2020-08-16 13:47:49;E10,906710;N48,357657;H550,1;7,9;7,7;7,5;6,8;35103;20604;14704;8766;2089;515;530;152;65;59;49;30;16;22;31;14;1;0;1;0;0;0;0;0;0;0;0;0;0;0;0;28,8;45,9;NA;7H180002;SW V7-0 (2020-04-06)
2020-08-16 15:52:50;2020-08-16 13:52:49;E10,906693;N48,357633;H551,6;8,3;7,5;7,1;6,5;33816;19939;13737;8225;1926;505;477;141;52;75;47;42;20;15;25;13;1;1;2;0;0;1;0;0;0;0;0;0;0;0;0;28,6;46,1;NA;7H180002;SW V7-0 (2020-04-06)
2020-08-16 15:57:50;2020-08-16 13:57:49;E10,906687;N48,357613;H552,5;7,6;7,4;7,2;6,5;33980;19970;14153;8395;1865;478;481;127;51;56;50;41;24;15;27;11;1;1;1;0;0;0;0;0;0;0;0;0;0;0;0;29,1;44,1;NA;7H180002;SW V7-0 (2020-04-06)
2020-08-16 16:02:50;2020-08-16 14:02:49;E10,906685;N48,357627;H552,5;7,4;7,1;6,9;6,4;33743;19892;13799;7886;1877;458;403;137;49;69;47;38;14;18;21;7;0;1;0;1;0;0;0;0;0;0;0;0;0;0;0;29,7;43,6;NA;7H180002;SW V7-0 (2020-04-06)
2020-08-16 16:07:50;2020-08-16 14:07:49;E10,906695;N48,357623;H551,5;6,9;6,8;6,7;6,3;32856;19335;13318;7616;1757;439;431;143;47;49;49;27;19;20;12;6;1;0;1;0;0;0;0;0;0;0;0;0;0;0;0;29,1;44,3;NA;7H180002;SW V7-0 (2020-04-06)
2020-08-16 16:12:50;2020-08-16 14:12:49;E10,907008;N48,357912;H513,9;7,3;6,8;6,5;6,0;31495;18118;12542;7193;1638;370;372;103;41;70;40;43;12;14;25;7;1;1;1;0;1;0;0;0;0;0;0;0;0;0;0;28,8;44,1;NA;7H180002;SW V7-0 (2020-04-06)
2020-08-16 16:17:50;2020-08-16 14:17:49;E10,907013;N48,357938;H509,2;7,0;6,8;6,5;5,9;30968;17736;12286;7293;1580;428;357;115;42;54;39;40;20;17;25;13;0;1;0;1;0;0;0;0;0;0;0;0;0;0;0;28,4;44,3;NA;7H180002;SW V7-0 (2020-04-06)
2020-08-16 16:22:50;2020-08-16 14:22:49;E10,907012;N48,357963;H503,4;6,5;6,3;6,1;5,6;29452;17292;11924;6745;1507;396;351;111;38;62;40;29;17;18;22;7;2;0;1;0;0;0;0;0;0;0;0;0;0;0;0;28,6;43,6;NA;7H180002;SW V7-0 (2020-04-06)
2020-08-16 16:27:50;2020-08-16 14:27:49;E10,907090;N48,358025;H497,0;6,5;6,4;6,2;5,6;29414;16902;11654;6694;1519;369;399;93;38;59;47;36;22;15;21;12;0;1;1;0;0;0;0;0;0;1;0;1;0;0;0;28,6;43,0;NA;7H180002;SW V7-0 (2020-04-06)
2020-08-16 16:32:50;2020-08-16 14:32:50;E10,907083;N48,357993;H495,2;6,8;6,6;6,3;5,8;30365;17662;12014;6945;1468;374;358;133;52;61;43;38;18;18;20;8;2;1;0;1;0;0;0;0;0;0;0;0;0;0;0;29,5;42,4;NA;7H180002;SW V7-0 (2020-04-06)
2020-08-16 16:37:50;2020-08-16 14:37:50;E10,907060;N48,357988;H493,2;7,3;6,7;6,4;5,8;30704;17887;12154;6892;1488;351;366;118;53;57;41;32;19;23;21;12;0;0;2;0;1;0;0;0;0;0;0;0;0;0;0;29,9;41,0;NA;7H180002;SW V7-0 (2020-04-06)
2020-08-16 16:42:51;2020-08-16 14:42:50;E10,907055;N48,357983;H492,2;6,6;6,5;6,3;5,7;30085;17589;12163;6777;1492;317;341;96;44;49;52;36;18;19;23;8;1;1;1;0;0;0;0;0;0;0;0;0;0;0;0;28,6;43,8;NA;7H180002;SW V7-0 (2020-04-06)
2020-08-16 16:47:51;2020-08-16 14:47:50;E10,906948;N48,357935;H488,2;6,8;6,6;6,4;6,0;31557;18498;12610;7017;1572;359;362;132;58;60;49;34;12;12;19;8;0;0;0;1;0;0;0;0;0;0;0;0;0;0;0;28,2;45,5;NA;7H180002;SW V7-0 (2020-04-06)
2020-08-16 16:52:51;2020-08-16 14:52:50;E10,906917;N48,357953;H491,3;6,6;6,6;6,4;5,9;31336;18269;12201;6926;1545;393;386;116;39;61;29;45;19;16;19;8;1;0;0;0;0;0;0;0;0;0;0;0;0;0;0;28,0;45,5;NA;7H180002;SW V7-0 (2020-04-06)
2020-08-16 16:57:51;2020-08-16 14:57:50;E10,906930;N48,357982;H491,8;6,5;6,4;6,3;5,8;30488;17719;12025;6836;1595;351;323;102;48;55;43;37;18;18;17;8;1;1;0;0;0;0;0;0;0;0;0;0;0;0;0;27,8;44,9;NA;7H180002;SW V7-0 (2020-04-06)
2020-08-16 17:02:51;2020-08-16 15:02:50;E10,906927;N48,357988;H491,8;7,5;6,6;6,2;5,6;29747;17077;11524;6661;1538;361;375;104;48;60;43;29;19;15;29;10;0;0;2;1;0;1;0;0;0;0;0;0;0;0;0;27,4;44,3;NA;7H180002;SW V7-0 (2020-04-06)
2020-08-16 17:07:51;2020-08-16 15:07:50;E10,906937;N48,357987;H491,2;8,0;6,7;6,4;6,0;31776;18230;12438;6986;1557;375;386;113;46;64;45;27;16;18;11;6;2;1;1;0;1;0;1;0;0;0;0;0;0;0;0;27,6;46,3;NA;7H180002;SW V7-0 (2020-04-06)
2020-08-16 17:12:51;2020-08-16 15:12:50;E10,906928;N48,357995;H492,2;7,3;6,9;6,7;6,1;32488;18320;12861;7369;1649;389;376;108;41;59;42;37;22;19;18;10;0;1;1;1;0;0;0;0;0;0;0;0;0;0;0;27,6;46,1;NA;7H180002;SW V7-0 (2020-04-06)
2020-08-16 17:17:51;2020-08-16 15:17:50;E10,906915;N48,357970;H493,8;7,6;6,9;6,7;6,1;32459;18611;12801;7155;1645;402;415;135;30;61;45;36;18;18;18;10;1;0;1;0;0;1;0;0;0;0;0;0;0;0;0;27,4;46,7;NA;7H180002;SW V7-0 (2020-04-06)
2020-08-16 17:22:51;2020-08-16 15:22:50;E10,906915;N48,357993;H495,1;7,6;7,2;6,8;6,2;32623;18620;12924;7259;1581;366;389;135;35;42;47;33;13;22;27;12;1;1;2;1;0;0;0;0;0;0;0;0;0;0;0;27,4;46,9;NA;7H180002;SW V7-0 (2020-04-06)
2020-08-16 17:27:51;2020-08-16 15:27:50;E10,906933;N48,358023;H495,1;7,9;6,8;6,5;6,0;31695;18151;12132;7076;1557;392;362;130;42;50;47;26;15;14;19;10;0;1;1;1;0;0;1;0;0;0;0;0;0;0;0;27,4;47,5;NA;7H180002;SW V7-0 (2020-04-06)
2020-08-16 17:32:51;2020-08-16 15:32:50;E10,906907;N48,358018;H494,8;7,1;6,8;6,5;6,0;31648;17886;12119;6993;1597;372;363;135;43;63;35;48;12;18;24;10;2;0;0;1;0;0;0;0;0;0;0;0;0;0;0;27,6;46,7;NA;7H180002;SW V7-0 (2020-04-06)
2020-08-16 17:37:51;2020-08-16 15:37:51;E10,906918;N48,358032;H493,9;7,5;6,9;6,5;5,9;31273;17724;12059;6728;1550;349;354;105;47;66;43;39;12;19;24;12;2;1;2;0;1;0;0;0;0;0;0;0;0;0;0;27,4;46,7;NA;7H180002;SW V7-0 (2020-04-06)
2020-08-16 17:42:51;2020-08-16 15:42:51;E10,906925;N48,358023;H492,5;7,9;6,6;6,3;5,8;30617;17027;11891;6704;1408;373;358;127;57;55;37;27;14;19;25;9;0;2;0;1;0;0;0;1;0;0;0;0;0;0;0;27,6;47,1;NA;7H180002;SW V7-0 (2020-04-06)
2020-08-16 17:47:51;2020-08-16 15:47:51;E10,906927;N48,358022;H490,6;7,6;6,8;6,5;5,9;31722;18052;12154;6823;1529;340;322;103;43;52;37;26;11;19;19;10;2;0;2;1;1;0;0;0;0;0;0;0;0;0;0;27,6;47,9;NA;7H180002;SW V7-0 (2020-04-06)
2020-08-16 17:52:51;2020-08-16 15:52:51;E10,906908;N48,358015;H490,2;8,0;7,0;6,6;6,0;31982;18263;12315;6876;1497;383;325;103;38;44;34;37;19;14;24;14;2;0;2;0;0;0;1;0;0;0;0;0;0;0;0;27,4;47,9;NA;7H180002;SW V7-0 (2020-04-06)
2020-08-16 17:57:52;2020-08-16 15:57:51;E10,906915;N48,358015;H490,2;7,4;7,0;6,7;6,2;32750;18525;12822;7215;1530;378;351;110;50;51;40;31;14;19;23;8;2;1;0;0;1;0;0;0;0;0;0;0;0;0;0;27,4;48,0;NA;7H180002;SW V7-0 (2020-04-06)
2020-08-16 18:02:52;2020-08-16 16:02:51;E10,906915;N48,358015;H489,9;8,0;7,2;6,9;6,3;33551;18971;12938;7263;1645;400;372;119;43;49;31;31;14;20;22;14;0;1;0;1;0;1;0;0;0;0;0;0;0;0;0;27,4;48,6;NA;7H180002;SW V7-0 (2020-04-06)
2020-08-16 18:07:52;2020-08-16 16:07:51;E10,906930;N48,357953;H491,1;8,4;6,9;6,7;6,2;32984;18784;12751;7039;1503;383;368;125;44;61;41;25;17;26;20;7;0;0;1;0;1;0;0;1;0;0;0;0;0;0;0;27,2;48,2;NA;7H180002;SW V7-0 (2020-04-06)
2020-08-16 18:12:52;2020-08-16 16:12:51;E10,906945;N48,357948;H491,2;7,3;6,7;6,4;5,9;31211;17661;11777;6540;1444;366;348;100;48;53;34;42;26;18;16;10;3;0;2;0;1;0;0;0;0;0;0;0;0;0;0;27,2;48,0;NA;7H180002;SW V7-0 (2020-04-06)
2020-08-16 18:17:52;2020-08-16 16:17:51;E10,906942;N48,357943;H492,1;6,5;6,4;6,2;5,8;30605;17397;11654;6497;1419;343;326;99;39;57;49;38;18;10;20;8;0;1;1;0;0;0;0;0;0;0;0;0;0;0;0;27,2;47,9;NA;7H180002;SW V7-0 (2020-04-06)
2020-08-16 18:22:52;2020-08-16 16:22:51;E10,906942;N48,357942;H493,3;7,1;6,7;6,4;5,8;31059;17484;11714;6492;1441;335;329;117;56;56;30;23;20;17;24;10;2;1;1;1;0;0;0;0;0;0;0;0;0;0;0;27,2;47,9;NA;7H180002;SW V7-0 (2020-04-06)
2020-08-16 18:27:52;2020-08-16 16:27:51;E10,906918;N48,358097;H516,5;7,9;6,8;6,4;5,7;30626;17111;11653;6378;1413;327;335;97;42;42;56;37;16;22;26;11;1;1;1;2;0;1;0;0;0;0;0;0;0;0;0;27,2;48,0;NA;7H180002;SW V7-0 (2020-04-06)
2020-08-16 18:32:52;2020-08-16 16:32:52;E10,906762;N48,358432;H538,3;7,7;6,8;6,3;5,7;30125;17034;11341;6265;1409;347;324;115;53;58;37;44;17;19;22;13;3;2;1;2;1;0;0;0;0;0;0;0;0;0;0;27,2;47,9;NA;7H180002;SW V7-0 (2020-04-06)
2020-08-16 18:37:52;2020-08-16 16:37:52;E10,906820;N48,358200;H534,2;6,9;6,5;6,2;5,6;30002;16887;11340;6115;1343;338;350;133;46;47;44;33;12;14;20;13;1;1;2;1;0;0;0;0;0;0;0;0;0;0;0;27,2;47,9;NA;7H180002;SW V7-0 (2020-04-06)
2020-08-16 18:42:52;2020-08-16 16:42:52;E10,906565;N48,359002;H575,7;7,1;6,6;6,3;5,6;29764;16821;11224;6079;1366;346;325;99;51;65;40;32;16;21;29;14;2;1;0;0;1;0;0;0;0;0;0;0;0;0;0;27,2;48,0;NA;7H180002;SW V7-0 (2020-04-06)
2020-08-16 18:47:52;2020-08-16 16:47:52;E10,906847;N48,358428;H508,0;7,7;6,4;6,1;5,5;29617;16671;10973;6213;1403;324;328;109;35;54;26;34;20;24;16;10;0;0;1;2;0;0;1;0;0;0;0;0;0;0;0;27,0;48,0;NA;7H180002;SW V7-0 (2020-04-06)
2020-08-16 18:52:52;2020-08-16 16:52:52;E10,906925;N48,359903;H431,3;6,9;6,7;6,3;5,6;30115;16909;11360;6345;1359;334;328;115;39;55;36;32;23;17;23;13;2;2;2;0;0;0;0;0;0;0;0;0;0;0;0;27,0;48,0;NA;7H180002;SW V7-0 (2020-04-06)
2020-08-16 18:57:53;2020-08-16 16:57:52;E10,907033;N48,357017;H539,2;7,2;6,7;6,4;5,8;30683;17407;11825;6438;1427;334;359;126;52;79;45;34;16;21;23;12;1;0;1;0;1;0;0;0;0;0;1;0;1;0;0;27,0;48,8;NA;7H180002;SW V7-0 (2020-04-06)
2020-08-16 19:02:53;2020-08-16 17:02:52;E10,907192;N48,357168;H531,3;7,5;6,6;6,2;5,8;30741;17763;11850;6432;1334;361;328;130;42;58;42;29;12;18;16;10;1;1;1;1;0;1;0;0;0;0;0;0;0;0;0;26,6;48,8;NA;7H180002;SW V7-0 (2020-04-06)
2020-08-16 19:07:53;2020-08-16 17:07:52;E10,906980;N48,357925;H556,6;6,8;6,5;6,2;5,5;29441;16777;11267;6123;1334;287;361;116;46;60;29;29;25;14;26;15;2;1;1;0;0;0;0;0;1;0;0;0;0;0;0;26,6;49,2;NA;7H180002;SW V7-0 (2020-04-06)
2020-08-16 19:12:53;2020-08-16 17:12:52;E10,906768;N48,358078;H606,8;7,3;6,6;6,2;5,5;29302;16509;11060;6073;1353;329;333;113;34;55;47;41;19;30;25;11;1;0;2;1;1;0;0;0;0;0;0;0;0;0;0;26,6;49,4;NA;7H180002;SW V7-0 (2020-04-06)
2020-08-16 19:17:53;2020-08-16 17:17:52;E10,906940;N48,357815;H564,0;7,0;6,6;6,2;5,6;29587;16767;11171;6093;1370;358;344;120;42;52;45;36;15;15;25;12;2;2;2;1;0;0;0;0;0;0;0;0;0;0;0;26,4;49,8;NA;7H180002;SW V7-0 (2020-04-06)
2020-08-16 19:22:53;2020-08-16 17:22:52;E10,906842;N48,358027;H487,8;7,7;6,7;6,3;5,6;29940;16975;11301;6254;1390;351;318;132;46;55;42;23;16;7;33;14;1;2;2;1;0;1;0;0;0;0;0;0;0;0;0;26,4;50,0;NA;7H180002;SW V7-0 (2020-04-06)
2020-08-16 19:27:53;2020-08-16 17:27:52;E10,906842;N48,358027;H487,8;8,4;6,9;6,4;5,8;30581;17212;11500;6518;1521;365;356;128;47;53;51;39;12;14;30;14;2;1;3;0;1;0;1;0;0;0;0;0;0;0;0;26,2;50,8;NA;7H180002;SW V7-0 (2020-04-06)
2020-08-16 19:32:53;2020-08-16 17:32:53;E10,907217;N48,358140;H487,8;7,8;6,8;6,3;5,6;29910;16899;11518;6442;1387;311;335;131;54;56;44;35;18;28;24;14;1;2;0;2;0;1;0;0;0;0;0;0;0;0;0;26,2;51,4;NA;7H180002;SW V7-0 (2020-04-06)
2020-08-16 19:37:53;2020-08-16 17:37:53;E10,907810;N48,358362;H625,8;7,2;6,7;6,3;5,8;30657;17361;11647;6414;1415;340;333;122;61;50;44;30;18;19;20;12;3;0;1;0;1;0;0;0;0;0;0;0;0;0;0;26,0;51,8;NA;7H180002;SW V7-0 (2020-04-06)
2020-08-16 19:42:53;2020-08-16 17:42:53;E10,907912;N48,358593;H642,3;6,8;6,5;6,2;5,7;30444;17149;11464;6481;1504;345;404;107;48;46;40;41;12;11;15;9;1;2;1;1;0;0;0;0;0;0;0;0;0;0;0;26,0;52,3;NA;7H180002;SW V7-0 (2020-04-06)
2020-08-16 19:47:53;2020-08-16 17:47:53;E10,906953;N48,357907;H482,6;8,6;7,0;6,6;6,0;31561;18183;12060;6709;1571;432;436;139;53;65;54;39;15;18;22;14;1;2;2;0;1;0;0;1;0;0;0;0;0;0;0;25,8;53,3;NA;7H180002;SW V7-0 (2020-04-06)
2020-08-16 19:52:54;2020-08-16 17:52:53;E10,906928;N48,357843;H480,5;7,9;7,1;6,7;6,0;31905;17966;12201;6977;1607;467;399;125;53;67;39;40;18;22;24;13;2;1;2;1;1;0;0;0;0;0;0;0;0;0;0;25,6;53,7;NA;7H180002;SW V7-0 (2020-04-06)
2020-08-16 19:57:54;2020-08-16 17:57:53;E10,907015;N48,358042;H524,0;7,5;7,0;6,6;5,9;31100;17826;11836;6905;1579;409;384;127;53;74;46;39;23;20;25;12;3;2;0;2;0;0;0;0;0;0;0;0;0;0;0;25,6;54,1;NA;7H180002;SW V7-0 (2020-04-06)
2020-08-16 20:02:54;2020-08-16 18:02:53;E10,906987;N48,357915;H482,1;8,3;7,0;6,6;6,0;31593;18134;12028;6913;1709;380;413;118;50;66;32;42;19;23;25;12;1;1;2;1;0;0;1;0;0;0;0;0;0;0;0;25,6;53,9;NA;7H180002;SW V7-0 (2020-04-06)
2020-08-16 20:07:54;2020-08-16 18:07:53;E10,907015;N48,357877;H476,8;8,0;7,1;6,7;6,0;31743;18345;12110;6871;1624;435;417;138;59;65;35;42;21;14;28;10;2;1;4;0;0;1;0;0;0;0;0;0;0;0;0;25,6;54,7;NA;7H180002;SW V7-0 (2020-04-06)
2020-08-16 20:12:54;2020-08-16 18:12:53;E10,906980;N48,357940;H480,9;7,3;6,7;6,4;6,0;31666;18127;12008;6652;1628;377;386;118;43;54;36;43;18;20;15;6;2;2;1;0;1;0;0;0;0;0;0;0;0;0;0;25,4;54,7;NA;7H180002;SW V7-0 (2020-04-06)
2020-08-16 20:17:54;2020-08-16 18:17:53;E10,906968;N48,357967;H483,2;7,5;7,1;6,7;6,0;31941;18262;12161;6937;1679;362;393;135;53;48;44;39;17;17;21;15;2;1;2;1;0;0;0;0;0;0;0;0;0;0;0;25,2;55,5;NA;7H180002;SW V7-0 (2020-04-06)
2020-08-16 20:22:54;2020-08-16 18:22:53;E10,906977;N48,357962;H485,7;8,4;7,1;6,8;6,2;32844;18517;12193;7104;1631;393;400;142;72;50;47;32;20;21;21;10;1;1;0;2;0;0;1;0;0;0;0;0;0;0;0;25,0;56,4;NA;7H180002;SW V7-0 (2020-04-06)
2020-08-16 20:27:54;2020-08-16 18:27:53;E10,907032;N48,357948;H492,8;9,0;7,6;7,0;6,3;33255;18848;12567;7361;1752;393;421;142;45;64;51;31;17;13;30;14;3;2;3;1;1;1;0;0;0;0;0;0;0;0;0;25,0;57,0;NA;7H180002;SW V7-0 (2020-04-06)
2020-08-16 20:32:54;2020-08-16 18:32:53;E10,907032;N48,357938;H481,9;8,2;7,4;6,9;6,2;32935;18933;12357;7043;1727;384;401;141;52;57;36;30;20;15;25;17;2;2;2;1;1;0;0;0;0;0;0;0;0;0;0;24,8;57,6;NA;7H180002;SW V7-0 (2020-04-06)
2020-08-16 20:37:54;2020-08-16 18:37:54;E10,907013;N48,357937;H480,2;8,7;7,2;6,8;6,1;32279;18451;12540;6862;1697;393;406;147;60;89;46;31;10;20;28;12;3;1;1;2;0;0;0;1;0;0;0;0;0;0;0;24,6;58,6;NA;7H180002;SW V7-0 (2020-04-06)
2020-08-16 20:42:54;2020-08-16 18:42:54;E10,907018;N48,357952;H483,2;9,0;7,5;6,9;6,2;32917;18671;12404;7171;1829;445;461;162;51;52;46;44;20;17;28;12;2;2;3;2;0;0;1;0;0;0;0;0;0;0;0;24,5;59,4;NA;7H180002;SW V7-0 (2020-04-06)
2020-08-16 20:47:54;2020-08-16 18:47:54;E10,907018;N48,357972;H487,4;8,2;7,4;7,0;6,4;33612;19073;12467;7153;1799;420;439;160;52;51;47;44;27;23;26;12;1;0;2;1;1;0;0;0;0;0;0;0;0;0;0;24,3;60,2;NA;7H180002;SW V7-0 (2020-04-06)
2020-08-16 20:52:54;2020-08-16 18:52:54;E10,907027;N48,357973;H489,0;8,3;7,6;7,0;6,3;33539;19280;12788;7442;1812;402;439;130;53;68;28;40;21;19;29;12;1;2;3;2;0;0;0;0;1;0;0;0;0;0;0;24,3;60,4;NA;7H180002;SW V7-0 (2020-04-06)
2020-08-16 20:57:54;2020-08-16 18:57:54;E10,907005;N48,357973;H485,0;9,3;7,6;7,1;6,4;33973;19385;12892;7534;1746;451;435;131;44;53;36;32;18;23;25;16;2;2;2;2;0;0;0;1;0;0;0;0;0;0;0;24,1;60,9;NA;7H180002;SW V7-0 (2020-04-06)
2020-08-16 21:02:54;2020-08-16 19:02:54;E10,906998;N48,357982;H486,6;9,3;7,9;7,3;6,6;34926;19847;13493;7724;1877;437;416;159;60;62;37;38;21;22;26;14;4;0;3;1;1;1;0;0;0;0;0;0;0;0;0;23,9;61,7;NA;7H180002;SW V7-0 (2020-04-06)
2020-08-16 21:07:54;2020-08-16 19:07:54;E10,906955;N48,357992;H489,8;8,2;7,8;7,4;6,7;35459;20193;13306;7725;1863;464;431;160;55;66;51;47;26;26;18;12;2;2;2;1;0;0;0;0;0;0;0;0;0;0;0;23,9;62,5;NA;7H180002;SW V7-0 (2020-04-06)
2020-08-16 21:12:55;2020-08-16 19:12:54;E10,906992;N48,357915;H487,5;9,3;8,0;7,5;6,8;35882;20402;13429;7856;1876;477;482;168;45;64;52;53;15;19;24;15;4;2;2;1;0;0;1;0;0;0;0;0;0;0;0;23,7;62,9;NA;7H180002;SW V7-0 (2020-04-06)
2020-08-16 21:17:55;2020-08-16 19:17:54;E10,907003;N48,357943;H484,9;9,7;8,1;7,6;6,8;35806;20707;13512;7792;2041;495;525;162;45;64;59;42;26;23;27;14;2;1;3;0;2;1;0;0;0;0;0;0;0;0;0;23,7;63,1;NA;7H180002;SW V7-0 (2020-04-06)
2020-08-16 21:22:55;2020-08-16 19:22:54;E10,906987;N48,357963;H485,7;9,6;8,1;7,6;6,9;36463;20605;13882;7922;1971;504;484;136;65;73;69;43;26;24;25;9;3;1;2;2;0;0;0;1;0;0;0;0;0;0;0;23,5;64,1;NA;7H180002;SW V7-0 (2020-04-06)
2020-08-16 21:27:55;2020-08-16 19:27:54;E10,906925;N48,357970;H485,8;8,9;8,2;7,7;7,0;36771;21362;14221;8227;2141;508;493;130;55;67;47;45;19;14;27;17;1;3;2;2;0;0;0;0;0;0;0;0;0;0;0;23,5;64,8;NA;7H180002;SW V7-0 (2020-04-06)
2020-08-16 21:32:55;2020-08-16 19:32:54;E10,906943;N48,357985;H486,0;9,2;8,2;7,7;7,1;37032;21410;14415;8315;2156;480;478;151;67;79;47;45;33;11;22;15;2;1;3;1;0;1;0;0;0;0;0;0;0;0;0;23,3;65,0;NA;7H180002;SW V7-0 (2020-04-06)
2020-08-16 21:37:55;2020-08-16 19:37:54;E10,906942;N48,357988;H487,6;9,7;8,3;7,8;7,2;37835;21682;14438;8293;2100;524;518;152;53;75;57;21;21;22;25;14;2;2;1;0;1;0;1;0;0;0;0;0;0;0;0;23,3;65,2;NA;7H180002;SW V7-0 (2020-04-06)
2020-08-16 21:42:55;2020-08-16 19:42:55;E10,906933;N48,357995;H488,9;9,0;8,4;7,8;7,1;37348;21635;14435;8299;2086;537;498;146;53;58;45;42;16;15;30;18;3;1;2;2;0;0;0;0;0;0;0;0;0;0;0;23,1;66,2;NA;7H180002;SW V7-0 (2020-04-06)
2020-08-16 21:47:55;2020-08-16 19:47:55;E10,906937;N48,358003;H490,8;10,2;8,5;7,9;7,2;37579;21843;14440;8285;2177;522;543;166;73;70;56;46;13;28;23;15;3;1;4;1;1;0;1;0;0;0;0;0;0;0;0;22,9;67,6;NA;7H180002;SW V7-0 (2020-04-06)
2020-08-16 21:52:55;2020-08-16 19:52:55;E10,906942;N48,357997;H494,1;10,9;8,7;8,1;7,3;38210;22260;14552;8629;2192;506;570;155;64;63;47;50;22;26;30;17;4;3;1;2;0;1;0;1;0;0;0;0;0;0;0;22,7;68,4;NA;7H180002;SW V7-0 (2020-04-06)
2020-08-16 21:57:55;2020-08-16 19:57:55;E10,906930;N48,358000;H493,7;10,5;8,8;8,2;7,2;37779;22431;14516;8443;2194;522;536;153;65;72;52;37;24;34;38;21;2;1;3;1;1;0;1;0;0;0;0;0;0;0;0;22,5;69,1;NA;7H180002;SW V7-0 (2020-04-06)
2020-08-16 22:02:55;2020-08-16 20:02:55;E10,906930;N48,358008;H493,6;10,1;8,9;8,3;7,4;38583;22382;14855;8595;2230;552;555;193;59;90;51;54;30;26;36;16;3;2;2;2;0;1;0;0;0;0;0;0;0;0;0;22,3;69,9;NA;7H180002;SW V7-0 (2020-04-06)
2020-08-16 22:07:55;2020-08-16 20:07:55;E10,906937;N48,357998;H493,4;9,8;8,8;8,2;7,4;39090;22802;14953;8725;2278;543;530;152;58;74;51;39;23;14;29;18;3;2;4;1;1;0;0;0;0;0;0;0;0;0;0;22,3;70,7;NA;7H180002;SW V7-0 (2020-04-06)
2020-08-16 22:12:55;2020-08-16 20:12:55;E10,906952;N48,358000;H493,0;10,1;9,0;8,4;7,5;39547;22810;15287;8876;2152;512;554;156;71;63;51;39;20;27;36;18;3;2;3;1;0;1;0;0;0;0;0;0;0;0;0;22,1;71,3;NA;7H180002;SW V7-0 (2020-04-06)
2020-08-16 22:17:55;2020-08-16 20:17:55;E10,906923;N48,358027;H491,9;10,5;9,0;8,4;7,6;40219;23527;15339;9065;2295;531;533;181;59;71;46;39;21;18;34;17;1;3;2;2;0;0;1;0;0;0;0;0;0;0;0;22,1;71,5;NA;7H180002;SW V7-0 (2020-04-06)
2020-08-16 22:22:56;2020-08-16 20:22:55;E10,906910;N48,358035;H492,6;9,9;9,1;8,5;7,7;40255;23771;15875;9399;2345;563;588;173;58;61;42;45;33;28;30;14;3;1;3;1;1;0;0;0;0;0;0;0;0;0;0;21,9;71,9;NA;7H180002;SW V7-0 (2020-04-06)
2020-08-16 22:27:56;2020-08-16 20:27:55;E10,906893;N48,358055;H491,9;11,6;9,4;8,8;7,8;40707;24051;15874;9386;2473;551;620;203;70;94;56;55;30;23;42;17;2;4;1;2;0;1;0;1;0;0;0;0;0;0;0;21,9;71,9;NA;7H180002;SW V7-0 (2020-04-06)
2020-08-16 22:32:56;2020-08-16 20:32:55;E10,906913;N48,358043;H491,4;10,8;9,3;8,7;7,9;40875;24107;16187;9653;2458;587;616;196;83;85;58;51;18;21;30;18;3;3;4;1;0;0;1;0;0;0;0;0;0;0;0;21,9;72,5;NA;7H180002;SW V7-0 (2020-04-06)
2020-08-16 22:37:56;2020-08-16 20:37:55;E10,906915;N48,358042;H491,3;11,4;9,9;9,2;8,2;42705;25007;16680;10010;2645;669;694;220;81;89;74;64;36;36;31;17;4;2;4;1;1;1;0;0;0;0;0;0;0;0;0;21,7;72,9;NA;7H180002;SW V7-0 (2020-04-06)
2020-08-16 22:42:56;2020-08-16 20:42:55;E10,906927;N48,358030;H491,3;10,3;9,6;9,1;8,2;42195;24917;16699;10235;2719;718;773;238;100;105;88;57;26;29;31;14;3;2;3;2;0;0;0;0;0;0;0;0;0;0;0;21,5;73,6;NA;7H180002;SW V7-0 (2020-04-06)
2020-08-16 22:47:56;2020-08-16 20:47:56;E10,906937;N48,358013;H490,6;11,5;9,9;9,2;8,2;42269;25253;17015;10461;2765;661;696;231;92;97;70;66;19;37;33;21;5;1;2;1;1;0;1;0;0;0;0;0;0;0;0;21,3;74,6;NA;7H180002;SW V7-0 (2020-04-06)
2020-08-16 22:52:56;2020-08-16 20:52:56;E10,906927;N48,357998;H486,9;11,1;9,7;9,0;8,1;41899;25424;16875;10358;2758;682;713;209;69;73;59;40;27;22;35;18;4;3;2;1;1;1;0;0;0;0;0;0;0;0;0;21,3;75,2;NA;7H180002;SW V7-0 (2020-04-06)
2020-08-16 22:57:56;2020-08-16 20:57:56;E10,906942;N48,357988;H483,8;9,7;9,3;8,8;8,0;41591;25030;16701;9967;2520;599;605;196;70;85;49;44;23;23;26;20;2;2;2;1;0;0;0;0;0;0;0;0;0;0;0;21,1;75,6;NA;7H180002;SW V7-0 (2020-04-06)
2020-08-16 23:02:56;2020-08-16 21:02:56;E10,906935;N48,357990;H483,8;10,3;9,5;8,9;7,9;41395;24909;16571;9852;2511;598;582;175;63;71;49;39;27;31;38;19;3;2;2;1;1;0;0;0;0;0;0;0;0;0;0;21,3;75,4;NA;7H180002;SW V7-0 (2020-04-06)
2020-08-16 23:07:56;2020-08-16 21:07:56;E10,906932;N48,357998;H483,3;11,1;9,3;8,8;8,0;42048;24961;16609;10110;2675;617;608;180;60;52;37;45;21;27;24;11;4;2;2;1;1;0;1;0;1;0;0;0;0;0;0;21,3;75,4;NA;7H180002;SW V7-0 (2020-04-06)
2020-08-16 23:12:56;2020-08-16 21:12:56;E10,906930;N48,357995;H482,9;10,2;9,2;8,7;8,0;41640;25409;16868;10141;2646;615;617;188;59;72;46;38;22;24;30;10;1;3;2;1;0;1;0;0;0;0;0;0;0;0;0;21,3;75,4;NA;7H180002;SW V7-0 (2020-04-06)
2020-08-16 23:17:56;2020-08-16 21:17:56;E10,906925;N48,357990;H482,9;9,9;9,3;8,8;8,0;41668;25139;16746;10052;2552;604;595;190;52;56;56;49;20;21;31;19;3;0;2;2;0;0;0;0;0;0;0;0;0;0;0;21,3;75,6;NA;7H180002;SW V7-0 (2020-04-06)
2020-08-16 23:22:56;2020-08-16 21:22:56;E10,906922;N48,357987;H482,7;10,6;9,5;8,9;8,1;42078;25412;17199;10596;2719;658;648;191;57;65;51;37;21;21;31;18;2;3;3;1;0;1;0;0;0;1;0;0;0;0;0;21,1;75,8;NA;7H180002;SW V7-0 (2020-04-06)
2020-08-16 23:27:56;2020-08-16 21:27:56;E10,906923;N48,357980;H482,3;9,9;9,4;8,9;8,2;42220;26050;17218;10748;2811;672;633;172;70;79;49;41;22;27;26;16;2;0;4;1;0;0;0;0;0;0;0;0;0;0;0;21,1;76,2;NA;7H180002;SW V7-0 (2020-04-06)
