***begin of header***
date&time [local time];date&time [UTC];longitude [°];lattitude [°];height [m];PM10 [ug/m3];PM4 [ug/m3];PM2.5 [ug/m3];PM1 [ug/m3];0,25 µm;0,28 µm;0,30 µm;0,35 µm;0,40 µm;0,45 µm;0,50 µm;0,58 µm;0,65 µm;0,70 µm;0,80 µm;1,00 µm;1,30 µm;1,60 µm;2,00 µm;2,50 µm;3,00 µm;3,50 µm;4,00 µm;5,00 µm;6,50 µm;7,50 µm;8,50 µm;10,00 µm;12,50 µm;15,00 µm;17,50 µm;20,00 µm;25,00 µm;30,00 µm;32,00 µm;Temp. [°C]; humidity [%rH]; pressure [hPa];serial-No;software-version
***end of header***

2020-08-17 00:02:57;2020-08-16 22:02:57;E10,906933;N48,357967;H489,8;10,5;9,2;8,5;7,4;38496;23027;15251;9222;2367;560;561;188;52;79;57;33;17;24;43;26;5;2;3;2;1;0;0;0;1;0;0;0;0;0;0;21,7;70,3;NA;7H180002;SW V7-0 (2020-04-06)
2020-08-17 00:07:57;2020-08-16 22:07:57;E10,906897;N48,357963;H487,2;9,8;8,0;7,4;6,6;34693;20251;13357;7934;2041;500;495;149;52;51;40;28;19;19;32;16;3;2;3;3;0;0;1;0;0;0;0;0;0;0;0;21,9;67,8;NA;7H180002;SW V7-0 (2020-04-06)
2020-08-17 00:12:57;2020-08-16 22:12:57;E10,906913;N48,357955;H498,3;8,4;7,7;7,1;6,3;33229;19464;12854;7647;1902;454;450;136;51;65;56;38;10;20;29;14;5;3;3;0;1;0;0;0;0;0;0;0;0;0;0;21,9;67,0;NA;7H180002;SW V7-0 (2020-04-06)
2020-08-17 00:17:57;2020-08-16 22:17:57;E10,907000;N48,358390;H518,9;8,9;7,5;7,0;6,2;32626;19325;12763;7390;1896;430;444;129;54;75;57;30;16;36;27;12;2;1;3;1;1;1;0;0;0;0;0;0;0;0;0;21,9;66,8;NA;7H180002;SW V7-0 (2020-04-06)
2020-08-17 00:22:57;2020-08-16 22:22:57;E10,906948;N48,358078;H491,2;9,6;7,6;7,0;6,2;32389;18532;12261;7167;1892;436;430;132;52;64;61;43;33;23;30;13;3;1;4;2;1;0;1;0;0;0;0;0;0;0;0;21,9;66,4;NA;7H180002;SW V7-0 (2020-04-06)
2020-08-17 00:27:57;2020-08-16 22:27:57;E10,906918;N48,357970;H492,4;9,7;7,4;6,7;5,9;31262;17559;11959;6943;1820;449;412;149;47;71;31;42;14;22;32;14;4;2;2;3;0;1;0;1;0;0;0;0;0;0;0;21,9;65,0;NA;7H180002;SW V7-0 (2020-04-06)
2020-08-17 00:32:57;2020-08-16 22:32:57;E10,906918;N48,357983;H483,8;7,7;6,9;6,4;5,6;29387;16579;11035;6477;1647;386;420;153;39;56;35;39;20;23;30;16;2;2;2;1;1;0;0;0;0;0;0;0;0;0;0;21,9;64,6;NA;7H180002;SW V7-0 (2020-04-06)
2020-08-17 00:37:58;2020-08-16 22:37:57;E10,906990;N48,357947;H489,9;8,3;6,5;5,9;5,1;26748;15162;9615;5698;1469;341;367;133;55;49;48;26;15;22;35;18;4;1;3;1;1;0;1;0;0;0;0;0;0;0;0;21,9;63,1;NA;7H180002;SW V7-0 (2020-04-06)
2020-08-17 00:42:58;2020-08-16 22:42:57;E10,906855;N48,358068;H473,5;5,7;4,8;4,5;4,0;21156;11849;7633;4514;1137;330;301;95;41;52;39;30;10;12;20;9;2;1;1;1;0;1;0;0;0;0;0;0;0;0;0;21,9;60,5;NA;7H180002;SW V7-0 (2020-04-06)
2020-08-17 00:47:58;2020-08-16 22:47:57;E10,906987;N48,357933;H491,8;5,4;4,2;3,9;3,3;17496;9536;6159;3624;905;246;290;93;35;34;31;29;13;20;23;10;1;1;1;1;0;0;1;0;0;0;0;0;0;0;0;21,7;58,6;NA;7H180002;SW V7-0 (2020-04-06)
2020-08-17 00:52:58;2020-08-16 22:52:58;E10,907007;N48,358000;H494,0;4,9;4,3;3,9;3,3;17526;9584;6166;3614;1018;264;234;97;35;51;34;23;14;11;25;13;1;2;2;0;1;0;0;0;0;0;0;0;0;0;0;21,7;58,6;NA;7H180002;SW V7-0 (2020-04-06)
2020-08-17 00:57:58;2020-08-16 22:57:58;E10,907055;N48,357978;H498,7;6,3;4,3;3,9;3,4;18070;9767;6401;3695;996;267;273;109;32;33;27;20;16;13;18;11;1;1;0;2;0;1;0;1;0;0;0;0;0;0;0;21,7;59,6;NA;7H180002;SW V7-0 (2020-04-06)
2020-08-17 01:02:58;2020-08-16 23:02:58;E10,907052;N48,357973;H502,1;4,8;4,2;3,9;3,4;18081;9862;6362;3627;963;233;242;109;31;47;42;26;12;11;23;8;1;2;1;0;1;0;0;0;0;0;0;0;0;0;0;21,5;60,0;NA;7H180002;SW V7-0 (2020-04-06)
2020-08-17 01:07:58;2020-08-16 23:07:58;E10,907030;N48,357932;H498,2;4,9;4,3;4,0;3,4;17859;9709;6548;3691;947;259;305;95;38;46;32;21;17;18;23;12;2;0;2;0;1;0;0;0;0;0;0;0;0;0;0;21,3;60,2;NA;7H180002;SW V7-0 (2020-04-06)
2020-08-17 01:12:58;2020-08-16 23:12:58;E10,907068;N48,357907;H494,3;6,2;4,8;4,3;3,7;19203;10727;6837;4052;1054;228;296;115;41;53;33;30;10;19;25;13;2;1;2;2;0;0;1;0;0;0;0;0;0;0;0;21,3;61,3;NA;7H180002;SW V7-0 (2020-04-06)
2020-08-17 01:17:58;2020-08-16 23:17:58;E10,906965;N48,358088;H513,1;5,6;5,0;4,6;4,0;20778;11384;7479;4297;1152;311;321;107;41;58;38;30;13;15;24;17;0;2;2;0;1;0;0;0;0;0;0;0;0;0;0;21,3;62,5;NA;7H180002;SW V7-0 (2020-04-06)
2020-08-17 01:22:58;2020-08-16 23:22:58;E10,907032;N48,358023;H532,7;5,8;5,1;4,7;4,0;21340;11690;7604;4498;1151;295;288;110;40;42;31;25;19;18;24;12;3;1;1;1;1;0;0;0;0;0;0;0;0;0;0;21,1;63,1;NA;7H180002;SW V7-0 (2020-04-06)
2020-08-17 01:27:58;2020-08-16 23:27:58;E10,907143;N48,358007;H541,1;6,2;5,3;4,8;4,3;22600;12350;8221;4843;1279;340;356;138;46;56;41;22;19;16;16;13;1;2;2;1;0;1;0;0;0;0;0;0;0;0;0;21,1;64,1;NA;7H180002;SW V7-0 (2020-04-06)
2020-08-17 01:32:58;2020-08-16 23:32:58;E10,907237;N48,357997;H544,0;6,7;5,9;5,4;4,6;24197;13725;8966;5262;1392;353;383;136;43;57;45;32;22;18;31;13;3;2;2;1;1;0;0;0;0;0;0;0;0;0;0;20,9;64,8;NA;7H180002;SW V7-0 (2020-04-06)
2020-08-17 01:37:58;2020-08-16 23:37:58;E10,907207;N48,358007;H539,9;7,5;6,1;5,6;4,9;25652;14278;9677;5633;1502;433;366;126;36;72;46;41;14;20;28;11;4;1;4;1;0;0;1;0;0;0;0;0;0;0;0;20,9;66,2;NA;7H180002;SW V7-0 (2020-04-06)
2020-08-17 01:42:58;2020-08-16 23:42:58;E10,907190;N48,358012;H536,8;7,8;6,5;5,9;5,1;26926;15179;9990;5995;1561;379;433;121;51;35;38;25;23;21;29;18;2;2;3;2;0;1;0;0;0;0;0;0;0;0;0;20,9;67,6;NA;7H180002;SW V7-0 (2020-04-06)
2020-08-17 01:47:59;2020-08-16 23:47:59;E10,907178;N48,358012;H534,3;7,5;6,7;6,2;5,5;28804;16462;10628;6309;1548;394;429;157;56;58;35;27;16;18;29;16;3;2;2;1;1;0;0;0;0;0;0;0;0;0;0;20,7;68,8;NA;7H180002;SW V7-0 (2020-04-06)
2020-08-17 01:52:59;2020-08-16 23:52:59;E10,906985;N48,358012;H501,1;8,0;7,2;6,6;5,8;30543;17661;11442;6612;1737;369;405;127;49;65;47;38;20;22;33;18;2;2;2;1;1;0;0;0;0;0;0;0;0;0;0;20,7;69,7;NA;7H180002;SW V7-0 (2020-04-06)
2020-08-17 01:57:59;2020-08-16 23:57:59;E10,906743;N48,358110;H497,7;7,4;7,0;6,6;5,9;30891;17770;11904;6789;1793;428;430;125;46;65;41;47;21;17;26;14;2;2;2;1;0;0;0;0;0;0;0;0;0;0;0;20,5;70,9;NA;7H180002;SW V7-0 (2020-04-06)
2020-08-17 02:02:59;2020-08-17 00:02:59;E10,907112;N48,357917;H497,4;8,5;7,3;6,7;5,9;30802;17765;11683;6884;1768;424;418;134;44;60;55;34;17;29;35;17;4;2;1;2;0;1;0;0;0;0;0;0;0;0;0;20,5;71,3;NA;7H180002;SW V7-0 (2020-04-06)
2020-08-17 02:07:59;2020-08-17 00:07:59;E10,906990;N48,358035;H515,3;9,1;7,3;6,6;5,8;30211;17784;11426;6818;1773;414;427;141;39;52;31;44;15;21;35;18;4;3;3;1;1;0;1;0;0;0;0;0;0;0;0;20,4;71,3;NA;7H180002;SW V7-0 (2020-04-06)
2020-08-17 02:12:59;2020-08-17 00:12:59;E10,907178;N48,358112;H570,9;8,2;6,8;6,3;5,6;29521;17063;10894;6548;1688;418;381;117;42;57;52;37;20;15;24;17;4;3;1;1;0;0;0;1;0;0;0;0;0;0;0;20,4;70,9;NA;7H180002;SW V7-0 (2020-04-06)
2020-08-17 02:17:59;2020-08-17 00:17:59;E10,907103;N48,357948;H503,6;7,4;6,6;6,1;5,4;28652;16403;10802;6258;1652;393;388;130;43;52;44;23;17;16;28;16;1;3;2;0;0;1;0;0;0;0;0;0;0;0;0;20,4;70,5;NA;7H180002;SW V7-0 (2020-04-06)
2020-08-17 02:22:59;2020-08-17 00:22:59;E10,907290;N48,358248;H620,1;7,4;6,6;6,1;5,4;28359;16087;10433;6158;1633;404;355;133;54;68;43;33;17;18;26;13;3;2;2;1;1;0;0;0;0;1;0;0;0;0;0;20,2;71,1;NA;7H180002;SW V7-0 (2020-04-06)
2020-08-17 02:27:59;2020-08-17 00:27:59;E10,907087;N48,358212;H571,5;8,0;6,7;6,2;5,5;28814;16804;10988;6443;1682;374;380;160;45;53;43;32;13;18;31;19;0;1;2;1;0;0;1;0;0;0;0;0;0;0;0;20,0;72,1;NA;7H180002;SW V7-0 (2020-04-06)
2020-08-17 02:32:59;2020-08-17 00:32:59;E10,907820;N48,357680;H516,1;7,3;6,9;6,4;5,7;29652;17283;11328;6613;1744;452;409;146;44;60;50;29;19;17;31;14;4;3;1;1;0;0;0;0;0;0;0;0;0;0;0;20,0;72,9;NA;7H180002;SW V7-0 (2020-04-06)
2020-08-17 02:37:59;2020-08-17 00:37:59;E10,906957;N48,357952;H488,6;8,0;7,3;6,7;5,9;30748;18024;11665;6905;1799;427;473;138;48;60;48;43;14;22;34;20;3;0;4;0;1;0;0;0;0;0;0;0;0;0;0;19,8;74,0;NA;7H180002;SW V7-0 (2020-04-06)
2020-08-17 02:42:59;2020-08-17 00:42:59;E10,907003;N48,358008;H509,9;8,4;7,2;6,7;6,0;31272;18082;11963;7048;1774;447;473;132;67;44;44;30;13;20;29;17;3;2;1;2;0;1;0;0;0;0;0;0;0;0;0;19,6;74,8;NA;7H180002;SW V7-0 (2020-04-06)
2020-08-17 02:47:59;2020-08-17 00:47:59;E10,907202;N48,358170;H590,1;8,8;7,5;7,0;6,1;31936;18702;12158;7345;1880;497;450;164;44;60;43;45;15;28;33;17;1;4;1;1;0;0;1;0;0;0;0;0;0;0;0;19,6;76,0;NA;7H180002;SW V7-0 (2020-04-06)
2020-08-17 02:53:00;2020-08-17 00:53:00;E10,907245;N48,357962;H529,2;8,8;7,5;6,9;6,1;32011;18776;12100;7283;1913;478;515;141;63;49;49;29;16;24;30;14;4;1;4;0;1;1;0;0;0;0;0;0;0;0;0;19,6;76,4;NA;7H180002;SW V7-0 (2020-04-06)
2020-08-17 02:58:00;2020-08-17 00:58:00;E10,907128;N48,357930;H516,4;7,3;6,6;6,2;5,6;29361;16720;10908;6423;1695;403;455;137;50;58;39;39;24;14;24;12;1;2;1;1;1;0;0;0;0;0;0;0;0;0;0;19,6;75,6;NA;7H180002;SW V7-0 (2020-04-06)
2020-08-17 03:03:00;2020-08-17 01:03:00;E10,906788;N48,357558;H549,9;7,6;6,6;6,0;5,2;27189;15493;10200;6049;1547;366;433;132;52;59;49;30;30;25;29;17;3;1;3;1;0;1;0;0;0;0;0;0;0;0;0;19,4;75,2;NA;7H180002;SW V7-0 (2020-04-06)
2020-08-17 03:08:00;2020-08-17 01:08:00;E10,906947;N48,357723;H530,9;7,0;6,3;5,8;5,1;26481;15257;9633;5910;1552;373;382;152;58;68;54;46;21;22;21;14;2;3;3;2;0;0;0;0;0;0;0;0;0;0;0;19,4;75,4;NA;7H180002;SW V7-0 (2020-04-06)
2020-08-17 03:13:00;2020-08-17 01:13:00;E10,906983;N48,357830;H521,0;7,7;6,3;5,9;5,1;26672;15144;9882;5927;1523;373;421;129;42;63;42;48;17;19;31;16;2;1;1;2;0;0;1;0;0;0;0;0;0;0;0;19,2;75,8;NA;7H180002;SW V7-0 (2020-04-06)
2020-08-17 03:18:00;2020-08-17 01:18:00;E10,906985;N48,357895;H515,5;7,0;6,4;5,9;5,1;26487;15540;9779;5896;1571;389;371;127;54;42;45;30;20;18;32;20;4;1;1;2;0;0;0;0;0;0;0;0;0;0;0;19,2;76,6;NA;7H180002;SW V7-0 (2020-04-06)
2020-08-17 03:23:00;2020-08-17 01:23:00;E10,906988;N48,357957;H513,6;7,2;6,3;5,8;5,1;26933;15503;9815;5802;1471;387;365;135;41;63;51;49;21;20;21;14;2;2;2;0;2;0;0;0;0;0;0;0;0;0;0;19,2;76,6;NA;7H180002;SW V7-0 (2020-04-06)
2020-08-17 03:28:00;2020-08-17 01:28:00;E10,906888;N48,358185;H512,7;7,9;6,4;5,9;5,1;26732;15366;10010;5946;1649;361;396;128;48;40;42;39;17;27;25;19;4;2;2;1;0;0;0;1;0;0;0;0;0;0;0;19,2;76,6;NA;7H180002;SW V7-0 (2020-04-06)
2020-08-17 03:33:00;2020-08-17 01:33:00;E10,906860;N48,358117;H495,3;6,4;6,0;5,6;4,9;25588;14702;9425;5559;1504;339;400;135;60;43;48;40;19;18;24;15;2;0;3;1;0;0;0;0;0;0;0;0;0;0;0;19,2;76,2;NA;7H180002;SW V7-0 (2020-04-06)
2020-08-17 03:38:00;2020-08-17 01:38:00;E10,906875;N48,358182;H503,7;6,6;5,6;5,1;4,4;22918;12951;8353;4901;1268;313;367;136;49;73;38;48;19;15;29;15;2;3;1;1;0;1;0;0;0;0;0;1;0;0;0;19,4;73,2;NA;7H180002;SW V7-0 (2020-04-06)
2020-08-17 03:43:00;2020-08-17 01:43:00;E10,906928;N48,358078;H490,9;6,7;5,5;5,1;4,3;22273;12438;8349;4876;1302;314;373;132;57;61;45;42;16;25;25;18;3;1;3;0;0;0;1;0;0;0;1;0;0;1;0;19,6;72,7;NA;7H180002;SW V7-0 (2020-04-06)
2020-08-17 03:48:00;2020-08-17 01:48:00;E10,906935;N48,358050;H1,5;7,1;5,9;5,2;4,2;21769;12339;7988;4882;1350;342;415;129;60;61;55;37;18;21;40;20;3;3;5;1;1;0;0;0;1;0;0;0;0;0;0;19,6;72,7;NA;7H180002;SW V7-0 (2020-04-06)
2020-08-17 03:53:01;2020-08-17 01:53:00;E10,907042;N48,358025;H500,1;6,0;5,4;4,9;4,2;21513;12157;7747;4786;1243;286;379;147;51;57;46;47;17;14;29;19;2;1;2;2;0;0;0;0;0;0;0;0;0;0;0;19,6;71,7;NA;7H180002;SW V7-0 (2020-04-06)
2020-08-17 03:58:01;2020-08-17 01:58:01;E10,907108;N48,357972;H504,1;6,1;5,2;4,7;4,0;20805;11840;7475;4510;1260;315;354;129;43;53;41;43;17;22;26;13;3;2;1;1;0;1;0;0;0;0;0;0;0;0;0;19,6;70,7;NA;7H180002;SW V7-0 (2020-04-06)
2020-08-17 04:03:01;2020-08-17 02:03:01;E10,907057;N48,357978;H495,0;5,5;5,1;4,7;4,0;20676;11518;7261;4385;1194;279;342;140;49;70;61;58;19;14;26;13;2;1;2;1;0;0;0;0;0;0;0;0;0;0;0;19,8;70,7;NA;7H180002;SW V7-0 (2020-04-06)
2020-08-17 04:08:01;2020-08-17 02:08:01;E10,906935;N48,357962;H483,5;5,3;4,9;4,6;3,9;20386;11025;7089;4239;1226;300;360;155;49;63;49;40;11;18;24;14;1;1;2;1;0;0;0;0;0;0;0;0;0;0;0;19,6;70,9;NA;7H180002;SW V7-0 (2020-04-06)
2020-08-17 04:13:01;2020-08-17 02:13:01;E10,906880;N48,357983;H480,8;6,2;5,1;4,7;3,9;20119;11087;7225;4214;1224;348;351;130;64;64;68;42;22;21;30;13;3;1;2;0;0;0;1;0;0;0;0;0;0;0;0;19,6;71,7;NA;7H180002;SW V7-0 (2020-04-06)
2020-08-17 04:18:01;2020-08-17 02:18:01;E10,906962;N48,358012;H489,2;5,6;5,0;4,6;3,9;20369;11092;7021;4178;1229;318;394;165;57;57;48;34;16;17;24;16;1;2;1;2;0;0;0;0;0;0;0;0;0;0;0;19,4;72,3;NA;7H180002;SW V7-0 (2020-04-06)
2020-08-17 04:23:01;2020-08-17 02:23:01;E10,906887;N48,357973;H485,2;5,5;5,1;4,6;3,9;20099;11058;6933;4142;1147;292;362;119;61;59;47;47;18;17;28;16;4;1;2;1;0;0;0;0;0;0;0;0;0;0;0;19,4;72,3;NA;7H180002;SW V7-0 (2020-04-06)
2020-08-17 04:28:01;2020-08-17 02:28:01;E10,906940;N48,357972;H484,8;5,7;5,1;4,7;4,0;20651;10844;6945;4054;1107;312;341;112;59;86;55;47;17;25;24;14;2;2;2;0;1;0;0;0;0;0;0;0;0;0;0;19,2;72,5;NA;7H180002;SW V7-0 (2020-04-06)
2020-08-17 04:33:01;2020-08-17 02:33:01;E10,906915;N48,357995;H483,8;6,6;5,0;4,6;3,9;20280;11022;6954;4071;1110;308;338;158;51;66;53;45;20;18;26;13;2;1;2;2;0;0;0;1;0;1;0;0;0;0;0;19,2;73,2;NA;7H180002;SW V7-0 (2020-04-06)
2020-08-17 04:38:01;2020-08-17 02:38:01;E10,906903;N48,358000;H482,9;6,2;5,5;5,0;4,0;20669;11044;6851;3971;1070;296;374;144;72;66;54;42;21;34;35;22;4;1;2;0;1;0;0;0;0;0;0;0;0;0;0;19,0;74,0;NA;7H180002;SW V7-0 (2020-04-06)
2020-08-17 04:43:01;2020-08-17 02:43:01;E10,906912;N48,357988;H482,4;5,5;5,1;4,7;4,0;20842;11328;6775;4018;1104;279;373;150;58;77;52;44;22;25;25;13;1;3;1;1;0;0;0;0;0;0;0;0;0;0;0;19,0;74,6;NA;7H180002;SW V7-0 (2020-04-06)
2020-08-17 04:48:01;2020-08-17 02:48:01;E10,906940;N48,357985;H485,3;6,2;5,1;4,6;3,9;20518;11131;6821;3974;1121;270;352;160;50;72;55;50;20;19;25;12;2;2;3;1;0;1;0;0;0;0;0;0;0;0;0;19,0;75,0;NA;7H180002;SW V7-0 (2020-04-06)
2020-08-17 04:53:01;2020-08-17 02:53:01;E10,906960;N48,357932;H485,3;6,8;5,4;4,8;4,0;20800;11151;6751;3837;1069;287;385;133;58;71;55;53;25;22;32;18;4;2;1;0;1;0;1;0;0;0;0;0;0;0;0;18,8;75,4;NA;7H180002;SW V7-0 (2020-04-06)
2020-08-17 04:58:02;2020-08-17 02:58:01;E10,906955;N48,357980;H481,0;6,2;5,6;5,0;4,0;20908;11040;6720;3870;1060;322;362;135;56;71;50;44;17;31;38;23;3;1;2;2;0;0;0;0;0;0;0;0;0;0;0;18,8;75,8;NA;7H180002;SW V7-0 (2020-04-06)
2020-08-17 05:03:02;2020-08-17 03:03:01;E10,906968;N48,357993;H484,8;6,0;5,3;4,8;3,9;20482;10965;6666;3728;1071;324;360;139;60;64;56;42;24;15;33;21;3;2;2;0;1;0;0;0;0;0;0;0;0;0;0;18,8;76,2;NA;7H180002;SW V7-0 (2020-04-06)
2020-08-17 05:08:02;2020-08-17 03:08:02;E10,906992;N48,358042;H490,3;6,2;5,2;4,7;4,0;20749;10908;6621;3789;1081;298;349;139;58;76;53;37;16;26;31;14;3;1;2;1;0;1;0;0;0;0;0;0;0;0;0;18,6;76,6;NA;7H180002;SW V7-0 (2020-04-06)
2020-08-17 05:13:02;2020-08-17 03:13:02;E10,906978;N48,358040;H490,8;5,7;5,4;4,9;3,9;20636;11012;6665;3755;1036;323;373;138;38;86;54;46;21;27;36;22;3;1;2;0;0;0;0;0;0;0;0;0;0;0;0;18,6;77,1;NA;7H180002;SW V7-0 (2020-04-06)
2020-08-17 05:18:02;2020-08-17 03:18:02;E10,906998;N48,358063;H495,2;5,4;5,1;4,7;4,0;20728;10837;6645;3686;1094;299;405;139;54;61;47;46;23;22;31;13;2;1;1;1;0;0;0;0;0;0;0;0;0;0;0;18,4;77,7;NA;7H180002;SW V7-0 (2020-04-06)
2020-08-17 05:23:02;2020-08-17 03:23:02;E10,907027;N48,358052;H487,5;7,0;5,3;4,7;3,9;20633;10837;6568;3723;1118;259;344;136;46;64;49;52;9;30;31;15;3;3;1;1;1;0;0;1;0;0;0;0;0;0;0;18,4;78,3;NA;7H180002;SW V7-0 (2020-04-06)
2020-08-17 05:28:02;2020-08-17 03:28:02;E10,907008;N48,358013;H488,9;5,2;5,0;4,6;3,9;20395;10867;6473;3473;1001;293;374;137;61;64;46;39;18;19;27;13;4;2;1;0;0;0;0;0;0;0;0;0;0;0;0;18,2;78,9;NA;7H180002;SW V7-0 (2020-04-06)
2020-08-17 05:33:02;2020-08-17 03:33:02;E10,906920;N48,358113;H494,9;5,7;5,3;4,8;3,9;20237;10673;6387;3623;1018;287;345;147;53;63;59;46;25;23;39;23;3;1;1;1;0;0;0;0;0;0;0;0;0;0;0;18,0;79,5;NA;7H180002;SW V7-0 (2020-04-06)
2020-08-17 05:38:02;2020-08-17 03:38:02;E10,906868;N48,358023;H479,0;5,7;5,1;4,7;3,9;20138;10669;6346;3657;1050;269;366;147;70;77;55;45;22;29;31;16;2;1;2;1;0;0;0;0;1;0;0;0;0;0;0;18,0;80,1;NA;7H180002;SW V7-0 (2020-04-06)
2020-08-17 05:43:02;2020-08-17 03:42:57;E10,906933;N48,357955;H477,0;5,3;5,1;4,7;3,9;20529;10458;6456;3652;1067;273;362;140;63;71;55;50;21;27;28;14;2;1;2;0;0;0;0;0;0;0;0;0;0;0;0;18,0;80,3;NA;7H180002;SW V7-0 (2020-04-06)
2020-08-17 05:48:02;2020-08-17 03:48:02;E10,906917;N48,358032;H483,8;5,7;5,1;4,6;3,8;20181;10616;6451;3563;976;289;309;145;52;69;51;44;18;25;31;15;4;2;1;0;1;0;0;0;0;0;0;0;0;0;0;18,0;80,3;NA;7H180002;SW V7-0 (2020-04-06)
2020-08-17 05:53:02;2020-08-17 03:53:02;E10,906868;N48,358080;H488,4;5,1;4,7;4,4;3,7;19605;10346;6271;3502;987;282;352;126;54;56;59;31;25;22;24;13;1;1;1;1;0;0;0;0;0;0;0;0;0;0;0;17,8;80,5;NA;7H180002;SW V7-0 (2020-04-06)
2020-08-17 05:58:02;2020-08-17 03:58:02;E10,906883;N48,357970;H476,8;5,1;4,6;4,3;3,7;19016;10062;5960;3317;981;281;354;134;45;68;67;54;19;18;23;13;2;1;0;2;0;0;0;0;0;0;0;0;0;0;0;17,8;80,7;NA;7H180002;SW V7-0 (2020-04-06)
2020-08-17 06:03:02;2020-08-17 04:03:02;E10,906907;N48,358018;H478,9;5,0;4,8;4,4;3,7;19207;10146;5973;3560;1068;235;378;130;53;58;53;41;21;33;26;12;2;1;2;0;0;0;0;0;0;0;0;0;0;0;0;17,8;80,7;NA;7H180002;SW V7-0 (2020-04-06)
2020-08-17 06:08:03;2020-08-17 04:08:03;E10,906962;N48,357938;H488,3;5,8;4,8;4,4;3,6;18764;10080;5911;3224;983;266;330;156;53;85;57;39;20;28;26;16;3;1;1;0;0;0;1;0;0;0;0;0;0;0;0;17,8;80,9;NA;7H180002;SW V7-0 (2020-04-06)
2020-08-17 06:13:03;2020-08-17 04:12:58;E10,906937;N48,357897;H480,0;4,6;4,4;4,1;3,5;18135;9336;5623;3100;882;247;352;145;47;59;51;56;14;19;27;13;1;1;1;0;0;0;0;0;0;0;0;0;0;0;0;17,8;80,9;NA;7H180002;SW V7-0 (2020-04-06)
2020-08-17 06:18:03;2020-08-17 04:17:58;E10,906952;N48,357893;H482,9;4,7;4,4;4,0;3,3;17212;9053;5359;3029;871;250;320;113;64;64;67;51;17;18;33;13;2;1;0;1;0;0;0;0;0;0;0;0;0;0;0;17,8;81,1;NA;7H180002;SW V7-0 (2020-04-06)
2020-08-17 06:23:03;2020-08-17 04:22:58;E10,906960;N48,357902;H481,1;4,8;4,6;4,3;3,6;18621;9957;6134;3674;1161;316;408;145;56;68;53;44;21;22;26;10;1;1;2;0;0;0;0;0;0;0;0;0;0;0;0;17,8;81,1;NA;7H180002;SW V7-0 (2020-04-06)
2020-08-17 06:28:03;2020-08-17 04:27:58;E10,906915;N48,357945;H481,6;4,7;4,5;4,2;3,6;18560;9661;5763;3384;1050;273;354;157;61;67;51;43;19;23;20;11;3;0;2;0;0;0;0;0;0;0;0;0;0;0;0;17,8;81,4;NA;7H180002;SW V7-0 (2020-04-06)
2020-08-17 06:33:03;2020-08-17 04:32:58;E10,906982;N48,357937;H487,7;5,3;4,4;4,0;3,3;16902;8808;5204;2994;910;279;346;134;48;68;74;36;20;18;28;16;1;3;0;1;0;1;0;0;0;0;0;0;0;0;0;17,8;81,6;NA;7H180002;SW V7-0 (2020-04-06)
2020-08-17 06:38:03;2020-08-17 04:37:58;E10,907062;N48,357963;H491,7;4,4;4,2;4,0;3,3;16861;9078;5508;3025;966;267;360;127;52;79;52;44;23;28;21;14;2;0;1;0;0;0;0;0;0;0;0;0;0;0;0;17,8;81,8;NA;7H180002;SW V7-0 (2020-04-06)
2020-08-17 06:43:03;2020-08-17 04:42:58;E10,907130;N48,358178;H531,4;4,2;4,0;3,7;3,1;15867;8375;4958;2769;788;253;314;144;50;62;61;42;12;20;23;13;2;1;1;0;0;0;0;0;0;0;0;0;0;0;0;17,8;81,8;NA;7H180002;SW V7-0 (2020-04-06)
2020-08-17 06:48:03;2020-08-17 04:47:58;E10,907265;N48,358233;H548,8;4,3;4,0;3,7;3,0;15335;7922;4694;2579;801;244;318;129;51;66;67;41;27;25;22;14;2;0;1;1;0;0;0;0;0;0;0;0;0;0;0;17,8;81,6;NA;7H180002;SW V7-0 (2020-04-06)
2020-08-17 06:53:03;2020-08-17 04:52:58;E10,907128;N48,358145;H520,7;4,4;4,1;3,7;3,0;15332;7672;4703;2649;789;206;280;143;56;65;62;41;13;14;35;14;2;2;0;1;0;0;0;0;0;0;0;0;0;0;0;17,8;81,2;NA;7H180002;SW V7-0 (2020-04-06)
2020-08-17 06:58:03;2020-08-17 04:57:58;E10,907498;N48,358302;H562,8;4,1;3,8;3,5;2,9;14699;7484;4453;2545;747;230;308;161;52;62;50;52;21;24;23;11;1;0;1;1;0;0;0;0;0;0;0;0;0;0;0;17,8;80,7;NA;7H180002;SW V7-0 (2020-04-06)
2020-08-17 07:03:03;2020-08-17 05:02:58;E10,907725;N48,358377;H574,2;4,2;3,9;3,6;2,9;14481;7436;4528;2715;896;267;355;138;61;69;55;43;18;25;26;14;2;1;0;1;0;0;0;0;0;0;0;0;0;0;0;18,0;80,5;NA;7H180002;SW V7-0 (2020-04-06)
2020-08-17 07:08:03;2020-08-17 05:07:58;E10,907970;N48,358437;H591,2;4,4;3,8;3,4;2,7;14106;7277;4354;2462;790;219;292;140;54;72;43;39;15;15;29;15;1;2;1;0;1;0;0;0;0;0;0;0;0;0;0;18,0;80,3;NA;7H180002;SW V7-0 (2020-04-06)
2020-08-17 07:13:03;2020-08-17 05:12:59;E10,907857;N48,358325;H569,4;3,9;3,6;3,2;2,7;13624;6791;4172;2480;710;229;303;139;52;56;52;41;15;16;21;13;1;0;2;1;0;0;0;0;0;0;0;0;0;0;0;18,2;79,5;NA;7H180002;SW V7-0 (2020-04-06)
2020-08-17 07:18:03;2020-08-17 05:17:59;E10,907673;N48,358172;H566,3;4,0;3,6;3,3;2,6;13215;6655;3990;2229;691;204;297;112;44;48;47;50;18;26;23;13;3;1;1;1;0;0;0;0;0;0;0;0;0;0;0;18,2;79,5;NA;7H180002;SW V7-0 (2020-04-06)
2020-08-17 07:23:03;2020-08-17 05:22:59;E10,907055;N48,357967;H493,9;4,6;3,4;3,1;2,5;12897;6560;3901;2233;723;192;268;114;50;50;56;42;29;19;19;11;1;1;1;1;0;0;1;0;0;0;0;0;0;0;0;18,2;79,3;NA;7H180002;SW V7-0 (2020-04-06)
2020-08-17 07:28:04;2020-08-17 05:27:59;E10,906922;N48,357985;H482,4;4,3;3,7;3,3;2,5;12937;6407;3823;2220;677;197;283;121;49;53;56;38;14;21;33;15;1;2;2;0;1;0;0;0;0;0;0;0;0;0;0;18,2;79,1;NA;7H180002;SW V7-0 (2020-04-06)
2020-08-17 07:33:04;2020-08-17 05:32:59;E10,907268;N48,358080;H507,1;3,5;3,2;2,9;2,4;12107;6169;3573;2078;634;169;233;109;55;49;45;46;15;18;21;11;2;0;1;1;0;0;0;0;0;0;0;0;0;0;0;18,2;78,9;NA;7H180002;SW V7-0 (2020-04-06)
2020-08-17 07:38:04;2020-08-17 05:37:59;E10,906780;N48,357925;H472,4;4,6;3,3;3,0;2,5;12783;6401;3841;2213;695;201;245;122;51;53;45;35;14;14;18;8;2;2;1;1;0;0;0;1;0;0;0;0;0;0;0;18,4;79,1;NA;7H180002;SW V7-0 (2020-04-06)
2020-08-17 07:43:04;2020-08-17 05:42:59;E10,906753;N48,357918;H473,3;4,0;3,6;3,1;2,4;12266;6194;3701;2102;639;204;269;118;56;63;54;36;20;25;24;14;2;1;3;1;0;0;0;0;0;0;0;0;0;0;0;18,4;78,9;NA;7H180002;SW V7-0 (2020-04-06)
2020-08-17 07:48:04;2020-08-17 05:47:59;E10,907738;N48,357988;H530,8;4,7;3,6;3,2;2,4;12061;6152;3596;2245;593;203;272;101;49;72;66;36;20;27;30;17;2;3;1;0;0;0;1;0;0;0;0;0;0;0;0;18,4;78,5;NA;7H180002;SW V7-0 (2020-04-06)
2020-08-17 07:53:04;2020-08-17 05:52:59;E10,907915;N48,358270;H540,6;4,0;3,6;3,2;2,3;11940;5992;3607;2031;653;173;263;118;41;66;56;36;16;21;34;17;2;1;4;0;0;0;0;0;0;0;0;0;0;0;0;18,4;78,5;NA;7H180002;SW V7-0 (2020-04-06)
2020-08-17 07:58:04;2020-08-17 05:57:59;E10,908013;N48,357992;H533,5;4,6;3,7;3,3;2,6;13237;6739;4247;2260;683;193;259;120;41;62;49;35;18;20;24;16;2;2;1;1;0;1;0;0;0;0;0;0;0;0;0;18,2;79,1;NA;7H180002;SW V7-0 (2020-04-06)
2020-08-17 08:03:04;2020-08-17 06:02:59;E10,907927;N48,357995;H526,8;5,4;3,9;3,4;2,5;12682;6417;3948;2153;699;207;276;115;61;65;53;43;20;25;35;19;4;1;2;0;1;0;1;0;0;0;0;0;0;0;0;18,4;78,7;NA;7H180002;SW V7-0 (2020-04-06)
2020-08-17 08:08:04;2020-08-17 06:08:00;E10,908013;N48,357993;H524,8;5,7;4,0;3,3;2,5;12322;6399;3790;2222;644;241;276;138;35;77;62;50;21;35;26;12;3;3;4;3;0;0;1;0;0;0;0;0;0;0;0;18,4;78,7;NA;7H180002;SW V7-0 (2020-04-06)
2020-08-17 08:13:04;2020-08-17 06:13:00;E10,908128;N48,358022;H526,8;3,4;3,2;2,8;2,3;11749;6008;3725;2047;686;183;291;126;52;51;52;45;16;16;19;8;2;1;3;0;0;0;0;0;0;0;0;0;0;0;0;18,4;78,5;NA;7H180002;SW V7-0 (2020-04-06)
2020-08-17 08:18:04;2020-08-17 06:18:00;E10,907100;N48,358062;H492,7;6,3;4,0;3,4;2,7;13484;7097;4216;2486;790;237;331;143;65;68;53;40;18;28;26;13;3;4;2;2;0;1;0;1;0;0;0;0;0;0;0;18,4;78,7;NA;7H180002;SW V7-0 (2020-04-06)
2020-08-17 08:23:04;2020-08-17 06:23:00;E10,907393;N48,358027;H490,2;4,8;3,9;3,3;2,5;12628;6507;3740;2241;707;196;276;138;60;65;67;40;19;20;32;12;5;1;4;1;1;0;0;0;0;0;0;0;0;0;0;18,4;78,9;NA;7H180002;SW V7-0 (2020-04-06)
2020-08-17 08:28:04;2020-08-17 06:28:00;E10,908165;N48,358087;H496,6;4,8;3,5;3,1;2,4;12486;6212;3710;2069;640;208;282;145;53;66;53;36;19;14;23;13;3;2;2;1;0;0;1;0;0;0;0;0;0;0;0;18,4;78,7;NA;7H180002;SW V7-0 (2020-04-06)
