***begin of header***
date&time [local time];serial-no;type;PM10 [ug/m3];PM2.5 [ug/m3];PM1 [ug/m3];0,35 [um];0,46 [um];0,66 [um];1,0 [um];1,3 [um];1,7 [um];2,3 [um];3,0 [um];4,0 [um];5,2 [um];6,5 [um];8,0 [um];10 [um];12 [um];14 [um];16 [um];18 [um];20 [um];22 [um];25 [um];28 [um];31 [um];34 [um];37 [um];serial-OPC;T-out [°C];T-aerosol [°C];rH [%];date&time [UTC];longitude [°];latitude [°];height [m];time-resolution [s];software-version;last calibration [local time];configuration version
***end of header***
2020-08-16 00:00:06;SN19009;measure;13,00;12,00;11,45;56220,0;4920,2;700,5;144,8;165,0;90,9;70,7;13,5;10,1;6,7;3,4;3,4;0,0;0,0;0,0;0,0;0,0;0,0;0,0;0,0;0,0;0,0;0,0;0,0;177340609;21,9;30,6;42,5;2020-08-15 22:00:06;E10,931517;N48,370003;488,400;300;SW V1-11 (2020-06-17);2019-06-11 14:16:04;original set-up
2020-08-16 00:05:06;SN19009;measure;12,64;12,06;11,63;55987,3;5317,2;730,7;181,8;208,8;101,0;30,3;6,7;3,4;10,1;0,0;0,0;0,0;3,4;0,0;0,0;0,0;0,0;0,0;0,0;0,0;0,0;0,0;0,0;177340609;22,2;30,6;42,6;2020-08-15 22:05:06;E10,931385;N48,370073;501,400;300;SW V1-11 (2020-06-17);2019-06-11 14:16:04;original set-up
2020-08-16 00:10:06;SN19009;measure;13,23;12,37;11,76;56895,9;5492,8;845,1;148,5;168,4;102,3;69,3;33,0;0,0;3,3;3,3;3,3;0,0;0,0;0,0;0,0;0,0;0,0;0,0;0,0;0,0;0,0;0,0;0,0;177340609;22,1;30,6;42,7;2020-08-15 22:10:06;E10,931355;N48,369875;497,300;300;SW V1-11 (2020-06-17);2019-06-11 14:16:04;original set-up
2020-08-16 00:15:06;SN19009;measure;12,45;11,93;11,36;55073,1;5066,4;777,9;202,7;166,7;107,9;52,3;29,4;3,3;3,3;0,0;0,0;0,0;3,3;0,0;0,0;0,0;0,0;0,0;0,0;0,0;0,0;0,0;0,0;177340609;22,1;30,5;42,7;2020-08-15 22:15:06;E10,931395;N48,369805;496,600;300;SW V1-11 (2020-06-17);2019-06-11 14:16:04;original set-up
2020-08-16 00:20:06;SN19009;measure;12,85;12,27;11,64;57116,6;5324,3;787,1;208,2;198,4;81,3;91,1;9,8;13,0;0,0;0,0;3,3;0,0;0,0;0,0;3,3;0,0;0,0;0,0;0,0;0,0;0,0;0,0;0,0;177340609;21,9;30,5;42,8;2020-08-15 22:20:06;E10,931347;N48,369867;496,700;300;SW V1-11 (2020-06-17);2019-06-11 14:16:04;original set-up
2020-08-16 00:25:06;SN19009;measure;12,59;12,10;11,64;57268,5;5218,3;895,7;195,7;155,9;96,2;46,4;6,6;10,0;0,0;0,0;3,3;0,0;0,0;0,0;0,0;0,0;0,0;0,0;0,0;0,0;0,0;0,0;0,0;177340609;21,8;30,5;42,8;2020-08-15 22:25:06;E10,931392;N48,369838;495,600;300;SW V1-11 (2020-06-17);2019-06-11 14:16:04;original set-up
2020-08-16 00:30:06;SN19009;measure;13,12;12,18;11,80;58279,6;5710,3;918,5;176,5;150,4;78,4;29,4;9,8;9,8;6,5;3,3;3,3;0,0;0,0;0,0;0,0;0,0;0,0;0,0;0,0;0,0;0,0;0,0;0,0;177340609;21,8;30,4;42,9;2020-08-15 22:30:06;E10,931247;N48,369890;488,800;300;SW V1-11 (2020-06-17);2019-06-11 14:16:04;original set-up
2020-08-16 00:35:06;SN19009;measure;12,68;12,08;11,61;57949,2;5792,6;787,1;230,9;159,4;94,3;48,8;6,5;6,5;3,3;0,0;3,3;0,0;3,3;0,0;0,0;0,0;0,0;0,0;0,0;0,0;0,0;0,0;0,0;177340609;21,6;30,4;42,9;2020-08-15 22:35:06;E10,931282;N48,369913;482,100;300;SW V1-11 (2020-06-17);2019-06-11 14:16:04;original set-up
2020-08-16 00:40:06;SN19009;measure;13,77;13,12;12,58;62028,2;6193,2;971,9;235,5;172,5;79,6;69,7;10,0;6,6;6,6;3,3;0,0;0,0;0,0;0,0;0,0;0,0;0,0;0,0;0,0;0,0;0,0;0,0;0,0;177340609;21,7;30,3;43,1;2020-08-15 22:40:06;E10,931200;N48,369840;487,200;300;SW V1-11 (2020-06-17);2019-06-11 14:16:04;original set-up
2020-08-16 00:45:06;SN19009;measure;13,07;12,93;12,50;62301,6;6677,6;1020,1;180,0;153,4;90,0;40,0;16,7;0,0;0,0;0,0;0,0;0,0;0,0;0,0;3,3;0,0;0,0;0,0;0,0;0,0;0,0;0,0;0,0;177340609;21,5;30,3;43,1;2020-08-15 22:45:06;E10,931237;N48,369897;484,000;300;SW V1-11 (2020-06-17);2019-06-11 14:16:04;original set-up
2020-08-16 00:50:06;SN19009;measure;12,95;12,57;12,03;60402,9;6250,8;893,4;210,2;203,7;92,0;65,7;9,9;9,9;3,3;0,0;0,0;0,0;0,0;0,0;0,0;0,0;0,0;0,0;0,0;0,0;0,0;0,0;0,0;177340609;21,4;30,2;43,3;2020-08-15 22:50:06;E10,931208;N48,369910;481,300;300;SW V1-11 (2020-06-17);2019-06-11 14:16:04;original set-up
2020-08-16 00:55:06;SN19009;measure;13,49;12,91;12,39;61871,9;6481,7;1062,3;170,0;166,7;94,8;71,9;6,5;3,3;6,5;0,0;3,3;0,0;0,0;0,0;0,0;0,0;0,0;0,0;0,0;0,0;0,0;0,0;0,0;177340609;21,5;30,2;43,4;2020-08-15 22:55:06;E10,931190;N48,369872;482,900;300;SW V1-11 (2020-06-17);2019-06-11 14:16:04;original set-up
2020-08-16 01:00:06;SN19009;measure;14,56;13,96;13,53;68441,5;7596,9;1250,7;232,2;155,9;79,6;43,1;13,3;3,3;6,6;3,3;0,0;0,0;0,0;0,0;0,0;0,0;0,0;0,0;0,0;0,0;0,0;0,0;0,0;177340609;21,3;30,1;43,6;2020-08-15 23:00:06;E10,931278;N48,370020;479,700;300;SW V1-11 (2020-06-17);2019-06-11 14:16:04;original set-up
2020-08-16 01:05:06;SN19009;measure;429,53;19,32;0,84;238,8;711,6;2556,0;0,2;2708,6;2618,7;0,0;1816,2;1816,3;767,4;782,0;782,0;782,0;782,0;782,0;782,0;782,0;782,0;782,0;782,0;782,0;782,0;782,0;782,0;177340609;21,4;-10,9;19,5;2020-08-15 23:05:06;E10,931390;N48,369875;497,500;300;SW V1-11 (2020-06-17);2019-06-11 14:16:04;original set-up
2020-08-16 01:15:06;SN19009;measure;16,26;15,34;14,77;74733,9;7741,8;1107,9;245,8;181,8;80,8;60,6;30,3;16,8;10,1;0,0;0,0;0,0;0,0;0,0;0,0;0,0;0,0;0,0;0,0;0,0;0,0;0,0;0,0;177340609;21,4;30,0;43,9;2020-08-15 23:15:06;E10,931258;N48,369932;486,700;300;SW V1-11 (2020-06-17);2019-06-11 14:16:04;original set-up
2020-08-16 01:20:06;SN19009;measure;15,53;14,50;14,08;71522,7;7664,8;1269,6;171,8;205,4;84,2;33,7;10,1;16,8;3,4;3,4;3,4;0,0;3,4;0,0;0,0;0,0;0,0;0,0;0,0;0,0;0,0;0,0;0,0;177340609;21,2;30,0;43,9;2020-08-15 23:20:06;E10,931362;N48,369897;483,600;300;SW V1-11 (2020-06-17);2019-06-11 14:16:04;original set-up
2020-08-16 01:25:06;SN19009;measure;14,83;14,43;13,98;71263,4;8011,7;1209,0;212,2;171,8;60,6;57,3;13,5;3,4;6,7;0,0;0,0;0,0;0,0;0,0;0,0;0,0;0,0;0,0;0,0;0,0;0,0;0,0;0,0;177340609;21,2;29,9;44,1;2020-08-15 23:25:06;E10,931272;N48,369920;481,400;300;SW V1-11 (2020-06-17);2019-06-11 14:16:04;original set-up
2020-08-16 01:30:06;SN19009;measure;15,64;14,95;14,48;73686,6;7900,0;1299,8;225,6;225,6;84,2;50,5;6,7;3,4;10,1;0,0;3,4;0,0;0,0;0,0;0,0;0,0;0,0;0,0;0,0;0,0;0,0;0,0;0,0;177340609;21,2;29,9;44,0;2020-08-15 23:30:06;E10,931398;N48,369922;492,300;300;SW V1-11 (2020-06-17);2019-06-11 14:16:04;original set-up
2020-08-16 01:35:06;SN19009;measure;15,49;14,94;14,48;74030,1;8233,4;1326,8;205,4;185,2;70,7;47,1;23,6;6,7;6,7;0,0;0,0;0,0;0,0;0,0;0,0;0,0;0,0;0,0;0,0;0,0;0,0;0,0;0,0;177340609;21,1;29,8;44,1;2020-08-15 23:35:06;E10,931360;N48,369998;497,600;300;SW V1-11 (2020-06-17);2019-06-11 14:16:04;original set-up
2020-08-16 01:40:06;SN19009;measure;15,71;15,33;14,76;75894,9;8857,4;1450,5;285,3;199,4;120,3;55,0;17,2;6,9;3,4;0,0;0,0;0,0;0,0;0,0;3,4;0,0;0,0;0,0;0,0;0,0;0,0;0,0;0,0;177340609;21,0;29,8;44,2;2020-08-15 23:40:06;E10,931250;N48,369945;488,000;300;SW V1-11 (2020-06-17);2019-06-11 14:16:04;original set-up
2020-08-16 01:45:06;SN19009;measure;15,19;14,70;14,25;72875,1;8178,5;1289,4;268,8;153,1;85,1;44,2;0,0;20,4;3,4;0,0;0,0;0,0;0,0;0,0;0,0;0,0;0,0;0,0;0,0;0,0;0,0;0,0;0,0;177340609;21,1;29,8;44,2;2020-08-15 23:45:06;E10,931323;N48,369937;489,300;300;SW V1-11 (2020-06-17);2019-06-11 14:16:04;original set-up
2020-08-16 01:50:06;SN19009;measure;15,72;15,15;14,63;75039,4;8153,1;1406,1;245,3;176,2;82,9;69,1;10,4;6,9;3,5;0,0;3,5;0,0;0,0;0,0;0,0;0,0;0,0;0,0;0,0;0,0;0,0;0,0;0,0;177340609;21,1;29,7;44,4;2020-08-15 23:50:06;E10,931265;N48,370030;470,600;300;SW V1-11 (2020-06-17);2019-06-11 14:16:04;original set-up
2020-08-16 01:55:06;SN19009;measure;16,41;15,15;14,66;76777,7;9102,7;1296,0;235,9;171,0;123,1;37,6;17,1;6,8;6,8;13,7;0,0;0,0;0,0;0,0;0,0;0,0;0,0;0,0;0,0;0,0;0,0;0,0;0,0;177340609;20,8;29,7;44,5;2020-08-15 23:55:06;E10,931353;N48,369892;457,600;300;SW V1-11 (2020-06-17);2019-06-11 14:16:04;original set-up
2020-08-16 02:00:06;SN19009;measure;15,36;14,90;14,42;74786,5;8604,1;1353,9;236,9;165,9;94,8;47,4;10,2;20,3;0,0;0,0;0,0;0,0;0,0;0,0;0,0;0,0;0,0;0,0;0,0;0,0;0,0;0,0;0,0;177340609;20,9;29,7;44,6;2020-08-16 00:00:06;E10,931252;N48,369917;472,500;300;SW V1-11 (2020-06-17);2019-06-11 14:16:04;original set-up
2020-08-16 02:05:06;SN19009;measure;15,81;15,23;14,83;77022,1;9327,8;1512,9;274,1;192,9;67,7;33,8;6,8;10,2;3,4;0,0;3,4;0,0;0,0;0,0;0,0;0,0;0,0;0,0;0,0;0,0;0,0;0,0;0,0;177340609;20,9;29,6;44,8;2020-08-16 00:05:06;E10,931313;N48,369990;501,000;300;SW V1-11 (2020-06-17);2019-06-11 14:16:04;original set-up
2020-08-16 02:10:06;SN19009;measure;16,44;15,04;14,55;76792,0;8802,4;1598,3;257,8;175,3;85,9;48,1;20,6;13,7;10,3;3,4;6,9;0,0;0,0;0,0;0,0;0,0;0,0;0,0;0,0;0,0;0,0;0,0;0,0;177340609;20,7;29,5;44,8;2020-08-16 00:10:06;E10,931238;N48,369925;491,700;300;SW V1-11 (2020-06-17);2019-06-11 14:16:04;original set-up
2020-08-16 02:15:06;SN19009;measure;15,81;15,11;14,56;75642,7;9055,6;1524,0;272,1;190,5;95,3;68,0;3,4;20,4;3,4;3,4;0,0;0,0;0,0;0,0;0,0;0,0;0,0;0,0;0,0;0,0;0,0;0,0;0,0;177340609;20,8;29,5;44,9;2020-08-16 00:15:06;E10,931247;N48,369952;487,200;300;SW V1-11 (2020-06-17);2019-06-11 14:16:04;original set-up
2020-08-16 02:20:06;SN19009;measure;15,35;14,92;14,37;75997,9;8571,7;1610,0;259,1;183,1;117,5;62,2;17,3;3,5;6,9;0,0;0,0;0,0;0,0;0,0;0,0;0,0;0,0;0,0;0,0;0,0;0,0;0,0;0,0;177340609;20,6;29,4;44,9;2020-08-16 00:20:06;E10,931268;N48,369928;479,300;300;SW V1-11 (2020-06-17);2019-06-11 14:16:04;original set-up
2020-08-16 02:25:06;SN19009;measure;15,40;14,81;14,30;76365,7;8917,4;1507,9;277,0;201,7;65,0;58,1;27,4;10,3;0,0;3,4;0,0;0,0;0,0;0,0;0,0;0,0;0,0;0,0;0,0;0,0;0,0;0,0;0,0;177340609;20,5;29,4;44,9;2020-08-16 00:25:06;E10,931243;N48,369920;482,800;300;SW V1-11 (2020-06-17);2019-06-11 14:16:04;original set-up
2020-08-16 02:30:06;SN19009;measure;16,73;16,30;15,84;82478,0;9727,2;1638,1;267,4;155,7;125,2;27,1;16,9;10,2;3,4;0,0;0,0;0,0;0,0;0,0;0,0;0,0;0,0;0,0;0,0;0,0;0,0;0,0;0,0;177340609;20,8;29,4;45,0;2020-08-16 00:30:06;E10,931265;N48,369945;481,700;300;SW V1-11 (2020-06-17);2019-06-11 14:16:04;original set-up
2020-08-16 02:35:06;SN19009;measure;17,60;16,94;16,47;86719,7;11269,2;1834,4;345,5;234,9;58,7;44,9;13,8;13,8;3,5;3,5;0,0;0,0;0,0;0,0;3,5;0,0;0,0;0,0;0,0;0,0;0,0;0,0;0,0;177340609;20,6;29,4;45,1;2020-08-16 00:35:06;E10,931282;N48,369897;481,500;300;SW V1-11 (2020-06-17);2019-06-11 14:16:04;original set-up
2020-08-16 02:40:06;SN19009;measure;17,90;17,07;16,60;87614,7;11342,5;1760,8;309,1;198,0;72,9;52,1;13,9;3,5;6,9;3,5;3,5;0,0;0,0;0,0;0,0;0,0;0,0;0,0;0,0;0,0;0,0;0,0;0,0;177340609;20,6;29,3;45,2;2020-08-16 00:40:06;E10,931368;N48,369915;483,700;300;SW V1-11 (2020-06-17);2019-06-11 14:16:04;original set-up
2020-08-16 02:45:06;SN19009;measure;17,01;16,44;15,96;84878,5;10436,3;1853,4;297,5;222,3;106,0;34,2;13,7;13,7;6,8;0,0;0,0;0,0;0,0;0,0;0,0;0,0;0,0;0,0;0,0;0,0;0,0;0,0;0,0;177340609;20,5;29,3;45,3;2020-08-16 00:45:06;E10,931337;N48,369948;489,300;300;SW V1-11 (2020-06-17);2019-06-11 14:16:04;original set-up
2020-08-16 02:50:06;SN19009;measure;17,86;17,15;16,68;87773,6;11743,1;1979,9;330,0;207,5;78,2;40,8;10,2;17,0;10,2;0,0;0,0;0,0;0,0;0,0;0,0;0,0;0,0;0,0;0,0;0,0;0,0;0,0;0,0;177340609;20,6;29,2;45,4;2020-08-16 00:50:06;E10,931375;N48,369923;484,100;300;SW V1-11 (2020-06-17);2019-06-11 14:16:04;original set-up
2020-08-16 02:55:06;SN19009;measure;17,57;17,26;16,70;88972,1;12151,3;1963,2;297,9;240,3;84,6;64,3;23,7;6,8;0,0;0,0;0,0;0,0;0,0;0,0;0,0;0,0;0,0;0,0;0,0;0,0;0,0;0,0;0,0;177340609;20,4;29,2;45,3;2020-08-16 00:55:06;E10,931290;N48,369922;488,600;300;SW V1-11 (2020-06-17);2019-06-11 14:16:04;original set-up
2020-08-16 03:00:06;SN19009;measure;18,34;17,46;17,02;89696,7;12012,8;2114,4;338,6;221,1;93,3;24,2;17,3;6,9;0,0;3,5;0,0;3,5;3,5;0,0;0,0;0,0;0,0;0,0;0,0;0,0;0,0;0,0;0,0;177340609;20,5;29,2;45,5;2020-08-16 01:00:06;E10,931282;N48,369903;485,300;300;SW V1-11 (2020-06-17);2019-06-11 14:16:04;original set-up
2020-08-16 03:05:06;SN19009;measure;19,13;17,31;16,67;87231,7;11703,0;2037,8;275,6;244,9;119,1;64,6;13,6;37,4;3,4;10,2;0,0;3,4;0,0;0,0;0,0;0,0;0,0;0,0;0,0;0,0;0,0;0,0;0,0;177340609;20,6;29,1;45,5;2020-08-16 01:05:06;E10,931333;N48,369907;490,400;300;SW V1-11 (2020-06-17);2019-06-11 14:16:04;original set-up
2020-08-16 03:10:06;SN19009;measure;17,54;16,88;16,25;85307,5;10756,1;2054,4;362,1;233,5;101,5;77,8;16,9;3,4;3,4;0,0;0,0;3,4;0,0;0,0;0,0;0,0;0,0;0,0;0,0;0,0;0,0;0,0;0,0;177340609;20,5;29,1;45,4;2020-08-16 01:10:06;E10,931323;N48,369922;490,800;300;SW V1-11 (2020-06-17);2019-06-11 14:16:04;original set-up
2020-08-16 03:15:06;SN19009;measure;16,75;16,26;15,70;82138,3;10113,7;1695,8;308,0;243,7;104,9;50,8;16,9;13,5;3,4;0,0;0,0;0,0;0,0;0,0;0,0;0,0;0,0;0,0;0,0;0,0;0,0;0,0;0,0;177340609;20,6;29,1;45,4;2020-08-16 01:15:06;E10,931403;N48,369888;493,400;300;SW V1-11 (2020-06-17);2019-06-11 14:16:04;original set-up
2020-08-16 03:20:06;SN19009;measure;15,84;15,61;15,12;79347,3;9728,6;1683,7;309,8;218,9;80,8;50,5;13,5;6,7;0,0;0,0;0,0;0,0;0,0;0,0;0,0;0,0;0,0;0,0;0,0;0,0;0,0;0,0;0,0;177340609;20,5;29,1;45,4;2020-08-16 01:20:06;E10,931337;N48,369920;484,600;300;SW V1-11 (2020-06-17);2019-06-11 14:16:04;original set-up
2020-08-16 03:25:06;SN19009;measure;15,20;14,81;14,37;76813,3;9527,2;1677,1;259,3;188,6;90,9;40,4;10,1;13,5;0,0;0,0;0,0;0,0;3,4;0,0;0,0;0,0;0,0;0,0;0,0;0,0;0,0;0,0;0,0;177340609;20,2;29,0;45,3;2020-08-16 01:25:06;E10,931322;N48,369907;482,700;300;SW V1-11 (2020-06-17);2019-06-11 14:16:04;original set-up
2020-08-16 03:30:06;SN19009;measure;15,63;15,18;14,71;78168,7;9782,4;1636,6;296,3;154,9;104,4;43,8;10,1;10,1;0,0;3,4;0,0;0,0;0,0;0,0;0,0;0,0;0,0;0,0;0,0;0,0;0,0;0,0;0,0;177340609;20,2;29,0;45,2;2020-08-16 01:30:06;E10,931257;N48,370003;483,500;300;SW V1-11 (2020-06-17);2019-06-11 14:16:04;original set-up
2020-08-16 03:35:06;SN19009;measure;16,27;15,45;15,02;78318,1;9455,5;1653,3;275,0;209,7;85,9;27,5;17,2;13,7;0,0;3,4;3,4;0,0;0,0;0,0;0,0;0,0;0,0;0,0;0,0;0,0;0,0;0,0;0,0;177340609;20,4;29,0;45,3;2020-08-16 01:35:06;E10,931345;N48,369952;490,000;300;SW V1-11 (2020-06-17);2019-06-11 14:16:04;original set-up
2020-08-16 03:40:06;SN19009;measure;16,51;16,13;15,61;80764,2;9810,3;1732,9;319,5;229,2;118,1;38,2;13,9;3,5;0,0;3,5;0,0;0,0;0,0;0,0;0,0;0,0;0,0;0,0;0,0;0,0;0,0;0,0;0,0;177340609;20,5;28,9;45,3;2020-08-16 01:40:06;E10,931333;N48,369913;492,000;300;SW V1-11 (2020-06-17);2019-06-11 14:16:04;original set-up
2020-08-16 03:45:06;SN19009;measure;16,58;15,78;15,29;82505,4;10159,3;1644,8;314,6;174,4;102,6;44,5;17,1;10,3;3,4;6,8;0,0;0,0;0,0;0,0;0,0;0,0;0,0;0,0;0,0;0,0;0,0;0,0;0,0;177340609;20,1;29,0;45,2;2020-08-16 01:45:06;E10,931273;N48,370002;484,500;300;SW V1-11 (2020-06-17);2019-06-11 14:16:04;original set-up
2020-08-16 03:50:06;SN19009;measure;15,74;15,43;14,99;81323,8;10358,5;1738,3;258,5;193,9;91,8;37,4;17,0;10,2;0,0;0,0;0,0;0,0;0,0;0,0;0,0;0,0;0,0;0,0;0,0;0,0;0,0;0,0;3,4;177340609;20,1;29,0;45,4;2020-08-16 01:50:06;E10,931337;N48,369930;484,500;300;SW V1-11 (2020-06-17);2019-06-11 14:16:04;original set-up
2020-08-16 03:55:06;SN19009;measure;16,39;15,79;15,32;83904,1;10858,1;1699,7;293,6;203,8;69,1;58,7;17,3;3,5;0,0;3,5;3,5;0,0;0,0;0,0;0,0;0,0;0,0;0,0;0,0;0,0;0,0;0,0;0,0;177340609;19,9;28,9;45,6;2020-08-16 01:55:06;E10,931332;N48,370022;488,400;300;SW V1-11 (2020-06-17);2019-06-11 14:16:04;original set-up
2020-08-16 04:00:06;SN19009;measure;16,43;16,00;15,54;84116,0;10665,4;1880,7;259,9;184,7;71,8;58,1;6,8;17,1;0,0;0,0;0,0;0,0;3,4;0,0;0,0;0,0;0,0;0,0;0,0;0,0;0,0;0,0;0,0;177340609;20,1;28,8;45,8;2020-08-16 02:00:06;E10,931227;N48,370055;488,100;300;SW V1-11 (2020-06-17);2019-06-11 14:16:04;original set-up
2020-08-16 04:05:06;SN19009;measure;16,73;15,71;15,21;82126,0;10569,9;1776,9;341,8;209,8;88,0;47,4;16,9;10,2;0,0;6,8;0,0;3,4;0,0;0,0;0,0;0,0;0,0;0,0;0,0;0,0;0,0;0,0;0,0;177340609;20,1;28,8;45,9;2020-08-16 02:05:06;E10,931227;N48,370020;484,800;300;SW V1-11 (2020-06-17);2019-06-11 14:16:04;original set-up
2020-08-16 04:10:06;SN19009;measure;17,01;15,97;15,44;84329,3;10905,0;1814,1;277,5;250,5;101,5;64,3;10,2;6,8;3,4;3,4;3,4;3,4;0,0;0,0;0,0;3,4;0,0;0,0;0,0;0,0;0,0;0,0;0,0;177340609;19,9;28,7;46,0;2020-08-16 02:10:06;E10,931230;N48,369987;481,700;300;SW V1-11 (2020-06-17);2019-06-11 14:16:04;original set-up
2020-08-16 04:15:06;SN19009;measure;16,62;15,96;15,45;84330,8;11087,4;1783,7;302,4;213,1;137,5;44,7;6,9;10,3;13,7;0,0;0,0;0,0;0,0;0,0;0,0;0,0;0,0;0,0;0,0;0,0;0,0;0,0;0,0;177340609;19,9;28,7;46,1;2020-08-16 02:15:06;E10,931248;N48,369970;479,900;300;SW V1-11 (2020-06-17);2019-06-11 14:16:04;original set-up
2020-08-16 04:20:06;SN19009;measure;17,17;16,36;15,84;84962,6;11155,3;1946,0;248,3;183,7;88,5;61,2;20,4;13,6;6,8;3,4;0,0;0,0;0,0;0,0;0,0;0,0;0,0;0,0;0,0;0,0;0,0;0,0;0,0;177340609;20,1;28,6;46,1;2020-08-16 02:20:06;E10,931288;N48,369877;475,700;300;SW V1-11 (2020-06-17);2019-06-11 14:16:04;original set-up
2020-08-16 04:25:06;SN19009;measure;18,45;15,70;15,11;81877,6;10702,6;1702,5;277,6;186,2;77,8;71,1;33,8;27,1;16,9;6,8;6,8;6,8;0,0;0,0;0,0;3,4;0,0;0,0;0,0;0,0;0,0;0,0;0,0;177340609;19,9;28,6;46,1;2020-08-16 02:25:06;E10,931237;N48,369880;467,200;300;SW V1-11 (2020-06-17);2019-06-11 14:16:04;original set-up
2020-08-16 04:30:06;SN19009;measure;20,21;16,26;15,55;84068,6;11041,9;1872,6;383,5;241,8;120,9;69,1;31,1;41,5;24,2;3,5;20,7;6,9;0,0;3,5;3,5;0,0;3,5;0,0;0,0;0,0;0,0;0,0;0,0;177340609;19,9;28,6;46,2;2020-08-16 02:30:06;E10,931295;N48,369982;473,800;300;SW V1-11 (2020-06-17);2019-06-11 14:16:04;original set-up
2020-08-16 04:35:06;SN19009;measure;17,38;16,57;15,94;86435,1;11782,8;1850,9;347,3;257,0;121,5;72,9;6,9;20,8;10,4;0,0;0,0;0,0;3,5;0,0;0,0;0,0;0,0;0,0;0,0;0,0;0,0;0,0;0,0;177340609;19,9;28,5;46,1;2020-08-16 02:35:06;E10,931360;N48,370033;484,300;300;SW V1-11 (2020-06-17);2019-06-11 14:16:04;original set-up
2020-08-16 04:40:06;SN19009;measure;16,77;16,34;15,84;86779,7;12200,7;2085,9;314,6;225,7;75,2;58,1;10,3;20,5;0,0;0,0;0,0;0,0;0,0;0,0;0,0;3,4;0,0;0,0;0,0;0,0;0,0;0,0;0,0;177340609;19,8;28,5;46,2;2020-08-16 02:40:06;E10,931335;N48,369938;481,600;300;SW V1-11 (2020-06-17);2019-06-11 14:16:04;original set-up
2020-08-16 04:45:06;SN19009;measure;17,32;16,77;16,26;89303,6;12630,2;2285,0;343,8;270,9;97,2;38,2;27,8;6,9;6,9;0,0;0,0;0,0;0,0;0,0;0,0;0,0;0,0;0,0;0,0;0,0;0,0;0,0;0,0;177340609;19,7;28,5;46,2;2020-08-16 02:45:06;E10,931235;N48,369922;475,700;300;SW V1-11 (2020-06-17);2019-06-11 14:16:04;original set-up
2020-08-16 04:50:06;SN19009;measure;17,12;16,70;16,16;88066,5;12676,2;2188,9;366,6;237,4;101,2;66,3;3,5;3,5;3,5;0,0;3,5;0,0;0,0;0,0;0,0;0,0;0,0;0,0;0,0;0,0;0,0;0,0;0,0;177340609;19,8;28,4;46,4;2020-08-16 02:50:06;E10,931262;N48,369917;475,600;300;SW V1-11 (2020-06-17);2019-06-11 14:16:04;original set-up
2020-08-16 04:55:06;SN19009;measure;17,86;17,10;16,60;90521,7;14131,0;2537,9;398,0;164,1;94,3;45,4;24,4;3,5;3,5;3,5;3,5;0,0;0,0;0,0;0,0;0,0;0,0;0,0;0,0;0,0;0,0;0,0;0,0;177340609;19,7;28,4;46,5;2020-08-16 02:55:06;E10,931363;N48,369930;480,500;300;SW V1-11 (2020-06-17);2019-06-11 14:16:04;original set-up
2020-08-16 05:00:06;SN19009;measure;18,71;18,06;17,55;95443,7;15378,5;2747,9;442,2;249,2;80,7;56,2;7,0;3,5;0,0;3,5;0,0;3,5;0,0;0,0;0,0;0,0;0,0;0,0;0,0;0,0;0,0;0,0;0,0;177340609;19,7;28,3;46,5;2020-08-16 03:00:06;E10,931293;N48,369980;487,200;300;SW V1-11 (2020-06-17);2019-06-11 14:16:04;original set-up
2020-08-16 05:05:06;SN19009;measure;19,30;18,93;18,38;99349,7;17291,2;3042,7;435,2;228,1;87,7;66,7;3,5;7,0;0,0;0,0;3,5;0,0;0,0;0,0;0,0;0,0;0,0;0,0;0,0;0,0;0,0;0,0;0,0;177340609;19,7;28,3;46,5;2020-08-16 03:05:06;E10,931277;N48,369937;488,100;300;SW V1-11 (2020-06-17);2019-06-11 14:16:04;original set-up
2020-08-16 05:10:06;SN19009;measure;18,53;18,08;17,59;96212,2;15511,9;2884,8;386,0;214,1;70,2;59,7;7,0;10,5;7,0;0,0;0,0;0,0;0,0;0,0;3,5;0,0;0,0;0,0;0,0;0,0;0,0;0,0;0,0;177340609;19,6;28,3;46,6;2020-08-16 03:10:06;E10,931468;N48,369938;487,300;300;SW V1-11 (2020-06-17);2019-06-11 14:16:04;original set-up
2020-08-16 05:15:06;SN19009;measure;17,62;17,47;17,03;92748,4;14462,5;2505,8;435,2;182,5;73,7;42,1;10,5;3,5;0,0;0,0;0,0;0,0;0,0;0,0;0,0;0,0;0,0;0,0;0,0;0,0;0,0;0,0;0,0;177340609;19,6;28,2;46,4;2020-08-16 03:15:06;E10,931353;N48,369923;485,000;300;SW V1-11 (2020-06-17);2019-06-11 14:16:04;original set-up
2020-08-16 05:20:06;SN19009;measure;18,19;17,77;17,25;92826,4;14454,6;2554,7;466,7;175,5;94,7;38,6;24,6;7,0;3,5;0,0;0,0;0,0;0,0;0,0;0,0;0,0;0,0;0,0;0,0;0,0;0,0;0,0;0,0;177340609;19,6;28,2;46,2;2020-08-16 03:20:06;E10,931273;N48,369942;476,300;300;SW V1-11 (2020-06-17);2019-06-11 14:16:04;original set-up
2020-08-16 05:25:06;SN19009;measure;20,36;19,36;18,73;100665,7;17207,0;3249,8;484,3;242,2;115,8;52,6;31,6;7,0;7,0;3,5;3,5;0,0;0,0;0,0;0,0;0,0;0,0;0,0;0,0;0,0;0,0;0,0;0,0;177340609;19,5;28,2;46,1;2020-08-16 03:25:06;E10,931397;N48,369905;475,200;300;SW V1-11 (2020-06-17);2019-06-11 14:16:04;original set-up
2020-08-16 05:30:06;SN19009;measure;20,50;19,66;19,04;105098,2;19832,0;3783,2;554,5;252,7;129,9;49,1;17,5;14,0;0,0;3,5;3,5;0,0;3,5;0,0;0,0;0,0;0,0;0,0;0,0;0,0;0,0;0,0;0,0;177340609;19,3;28,2;46,4;2020-08-16 03:30:06;E10,931303;N48,369988;485,700;300;SW V1-11 (2020-06-17);2019-06-11 14:16:04;original set-up
2020-08-16 05:35:06;SN19009;measure;20,74;19,59;18,99;104884,1;21067,4;4081,5;603,6;308,8;126,3;28,1;17,5;24,6;7,0;3,5;3,5;0,0;0,0;0,0;0,0;0,0;0,0;0,0;0,0;0,0;0,0;0,0;0,0;177340609;19,2;28,1;46,6;2020-08-16 03:35:06;E10,931198;N48,369963;479,400;300;SW V1-11 (2020-06-17);2019-06-11 14:16:04;original set-up
2020-08-16 05:40:06;SN19009;measure;20,68;19,61;19,01;107298,5;21016,8;4070,7;631,7;329,9;91,2;45,6;24,6;10,5;3,5;0,0;3,5;3,5;3,5;0,0;0,0;0,0;0,0;0,0;0,0;0,0;0,0;0,0;0,0;177340609;19,1;28,0;46,9;2020-08-16 03:40:06;E10,931277;N48,369972;483,000;300;SW V1-11 (2020-06-17);2019-06-11 14:16:04;original set-up
2020-08-16 05:45:06;SN19009;measure;19,74;18,85;18,31;104101,5;20741,0;4127,1;614,2;266,7;77,2;52,6;10,5;7,0;3,5;3,5;7,0;0,0;0,0;0,0;0,0;0,0;0,0;0,0;0,0;0,0;0,0;0,0;0,0;177340609;19,1;27,9;47,1;2020-08-16 03:45:06;E10,931542;N48,370067;489,100;300;SW V1-11 (2020-06-17);2019-06-11 14:16:04;original set-up
2020-08-16 05:50:06;SN19009;measure;19,79;19,26;18,68;107558,4;21843,0;4453,5;628,2;273,7;91,2;52,6;17,5;7,0;10,5;0,0;0,0;0,0;0,0;0,0;0,0;0,0;0,0;0,0;0,0;0,0;0,0;0,0;0,0;177340609;18,9;27,9;47,3;2020-08-16 03:50:06;E10,931412;N48,369963;490,400;300;SW V1-11 (2020-06-17);2019-06-11 14:16:04;original set-up
2020-08-16 05:55:06;SN19009;measure;19,74;19,15;18,47;103806,8;20560,6;4274,3;642,2;305,3;80,7;87,7;14,0;10,5;10,5;0,0;0,0;0,0;0,0;0,0;0,0;0,0;0,0;3,5;0,0;0,0;0,0;0,0;0,0;177340609;19,1;27,8;47,3;2020-08-16 03:55:06;E10,931272;N48,369975;487,700;300;SW V1-11 (2020-06-17);2019-06-11 14:16:04;original set-up
2020-08-16 06:00:06;SN19009;measure;18,98;18,49;17,95;99426,9;18751,1;3744,6;631,7;235,1;77,2;45,6;14,0;10,5;7,0;0,0;0,0;0,0;0,0;0,0;0,0;0,0;0,0;0,0;0,0;0,0;0,0;0,0;0,0;177340609;19,2;27,7;47,5;2020-08-16 04:00:06;E10,931235;N48,369897;480,500;300;SW V1-11 (2020-06-17);2019-06-11 14:16:04;original set-up
2020-08-16 06:05:06;SN19009;measure;19,22;18,20;17,65;96749,7;17012,8;3298,7;561,5;231,6;73,7;52,6;21,1;7,0;3,5;0,0;3,5;3,5;3,5;0,0;0,0;0,0;0,0;0,0;0,0;0,0;0,0;0,0;0,0;177340609;19,2;27,7;47,3;2020-08-16 04:05:06;E10,931263;N48,369930;474,000;300;SW V1-11 (2020-06-17);2019-06-11 14:16:04;original set-up
2020-08-16 06:10:06;SN19009;measure;18,87;18,29;17,72;95970,7;16942,6;3246,0;529,9;214,1;80,7;59,7;17,5;7,0;3,5;0,0;3,5;0,0;0,0;0,0;0,0;0,0;0,0;0,0;0,0;0,0;0,0;0,0;0,0;177340609;19,3;27,7;47,2;2020-08-16 04:10:06;E10,931205;N48,370010;473,000;300;SW V1-11 (2020-06-17);2019-06-11 14:16:04;original set-up
2020-08-16 06:15:06;SN19009;measure;19,42;18,22;17,66;96092,9;17491,2;3267,3;508,9;270,2;77,2;38,6;28,1;21,1;7,0;3,5;3,5;0,0;0,0;0,0;0,0;0,0;0,0;0,0;0,0;0,0;0,0;0,0;0,0;177340609;19,2;27,7;47,3;2020-08-16 04:15:06;E10,931285;N48,370055;494,000;300;SW V1-11 (2020-06-17);2019-06-11 14:16:04;original set-up
2020-08-16 06:20:06;SN19009;measure;19,28;18,63;18,08;98882,9;18091,3;3586,7;614,2;214,1;91,2;49,1;10,5;3,5;3,5;3,5;3,5;0,0;0,0;0,0;0,0;0,0;0,0;0,0;0,0;0,0;0,0;0,0;0,0;177340609;19,2;27,7;47,2;2020-08-16 04:20:06;E10,931207;N48,370078;484,200;300;SW V1-11 (2020-06-17);2019-06-11 14:16:04;original set-up
2020-08-16 06:25:06;SN19009;measure;19,19;18,40;17,82;99037,4;18635,3;3418,2;617,7;249,2;91,2;49,1;17,5;14,0;7,0;0,0;3,5;0,0;0,0;0,0;0,0;0,0;0,0;0,0;0,0;0,0;0,0;0,0;0,0;177340609;19,1;27,7;47,1;2020-08-16 04:25:06;E10,931268;N48,370102;500,200;300;SW V1-11 (2020-06-17);2019-06-11 14:16:04;original set-up
2020-08-16 06:30:06;SN19009;measure;19,15;18,21;17,74;97163,3;17154,3;3270,8;515,9;217,6;66,7;21,1;31,6;17,5;0,0;3,5;3,5;0,0;0,0;0,0;0,0;0,0;0,0;0,0;0,0;0,0;0,0;0,0;0,0;177340609;19,2;27,7;47,2;2020-08-16 04:30:06;E10,931288;N48,370052;499,300;300;SW V1-11 (2020-06-17);2019-06-11 14:16:04;original set-up
2020-08-16 06:35:06;SN19009;measure;18,06;17,73;17,29;94939,0;16588,2;3253,1;431,6;224,6;66,7;35,1;14,0;7,0;3,5;0,0;0,0;0,0;0,0;0,0;0,0;0,0;0,0;0,0;0,0;0,0;0,0;0,0;0,0;177340609;19,2;27,7;47,2;2020-08-16 04:35:06;E10,931265;N48,370013;476,000;300;SW V1-11 (2020-06-17);2019-06-11 14:16:04;original set-up
2020-08-16 06:40:06;SN19009;measure;20,63;19,20;18,55;101957,5;19567,5;3902,3;649,2;196,5;105,3;63,2;28,1;7,0;7,0;0,0;3,5;7,0;0,0;3,5;0,0;3,5;0,0;0,0;0,0;0,0;0,0;0,0;0,0;177340609;19,1;27,7;47,2;2020-08-16 04:40:06;E10,931340;N48,369977;484,100;300;SW V1-11 (2020-06-17);2019-06-11 14:16:04;original set-up
2020-08-16 06:45:06;SN19009;measure;20,59;19,95;19,30;100230,9;19693,9;3884,7;624,6;252,7;87,7;63,2;10,5;14,0;3,5;3,5;0,0;0,0;0,0;0,0;0,0;0,0;0,0;3,5;0,0;0,0;0,0;0,0;0,0;177340609;19,7;27,7;47,4;2020-08-16 04:45:06;E10,931258;N48,369985;477,200;300;SW V1-11 (2020-06-17);2019-06-11 14:16:04;original set-up
2020-08-16 06:50:06;SN19009;measure;19,07;18,69;18,08;95289,2;17375,4;3372,6;491,3;249,2;87,7;63,2;17,5;14,0;0,0;0,0;0,0;0,0;0,0;0,0;0,0;0,0;0,0;0,0;0,0;0,0;0,0;0,0;0,0;177340609;19,8;27,7;47,9;2020-08-16 04:50:06;E10,931237;N48,370010;479,200;300;SW V1-11 (2020-06-17);2019-06-11 14:16:04;original set-up
2020-08-16 06:55:06;SN19009;measure;21,05;20,48;19,89;104498,1;21164,2;4281,3;656,2;298,3;105,3;35,1;7,0;10,5;3,5;0,0;3,5;0,0;0,0;0,0;0,0;0,0;0,0;0,0;0,0;0,0;0,0;0,0;0,0;177340609;19,8;27,9;47,6;2020-08-16 04:55:06;E10,931202;N48,369975;473,000;300;SW V1-11 (2020-06-17);2019-06-11 14:16:04;original set-up
2020-08-16 07:00:06;SN19009;measure;21,12;20,39;19,77;104596,4;20190,0;3993,8;631,7;259,7;101,8;52,6;14,0;3,5;10,5;0,0;3,5;0,0;0,0;0,0;0,0;0,0;0,0;0,0;0,0;0,0;0,0;0,0;0,0;177340609;19,8;28,1;47,2;2020-08-16 05:00:06;E10,931312;N48,370013;474,400;300;SW V1-11 (2020-06-17);2019-06-11 14:16:04;original set-up
2020-08-16 07:05:06;SN19009;measure;18,94;18,49;17,91;97167,6;18043,6;3354,4;457,1;271,5;89,4;58,4;20,6;6,9;0,0;3,4;0,0;0,0;0,0;0,0;0,0;0,0;0,0;0,0;0,0;0,0;0,0;0,0;0,0;177340609;19,6;28,3;46,7;2020-08-16 05:05:06;E10,931238;N48,369948;465,900;300;SW V1-11 (2020-06-17);2019-06-11 14:16:04;original set-up
2020-08-16 07:10:06;SN19009;measure;18,71;18,34;17,80;96618,0;17554,5;3422,5;513,7;255,2;91,9;30,6;34,0;6,8;0,0;0,0;0,0;0,0;0,0;0,0;0,0;0,0;0,0;0,0;0,0;0,0;0,0;0,0;0,0;177340609;19,6;28,3;46,3;2020-08-16 05:10:06;E10,931207;N48,369952;466,600;300;SW V1-11 (2020-06-17);2019-06-11 14:16:04;original set-up
2020-08-16 07:15:06;SN19009;measure;19,66;18,82;18,22;91223,0;16033,7;3005,7;531,4;230,2;81,2;37,2;30,5;13,5;3,4;0,0;3,4;0,0;0,0;0,0;0,0;0,0;0,0;0,0;0,0;0,0;0,0;0,0;0,0;177340609;20,4;28,4;46,2;2020-08-16 05:15:06;E10,931248;N48,369980;466,000;300;SW V1-11 (2020-06-17);2019-06-11 14:16:04;original set-up
2020-08-16 07:20:06;SN19009;measure;18,85;18,51;17,94;86630,8;14235,4;2697,5;450,1;176,0;67,7;54,2;16,9;10,2;0,0;0,0;0,0;0,0;0,0;0,0;0,0;0,0;0,0;0,0;0,0;0,0;0,0;0,0;0,0;177340609;21,3;28,5;46,9;2020-08-16 05:20:06;E10,931180;N48,369927;458,000;300;SW V1-11 (2020-06-17);2019-06-11 14:16:04;original set-up
2020-08-16 07:25:06;SN19009;measure;18,91;18,51;17,95;85118,0;13760,3;2566,2;417,6;151,5;101,0;40,4;16,8;6,7;3,4;0,0;0,0;0,0;0,0;0,0;0,0;0,0;0,0;0,0;0,0;0,0;0,0;0,0;0,0;177340609;21,9;28,8;46,8;2020-08-16 05:25:06;E10,931145;N48,369992;462,100;300;SW V1-11 (2020-06-17);2019-06-11 14:16:04;original set-up
2020-08-16 07:30:06;SN19009;measure;18,63;18,06;17,64;84636,5;13133,9;2461,8;333,4;117,9;90,9;20,2;23,6;0,0;3,4;0,0;3,4;0,0;0,0;0,0;0,0;0,0;0,0;0,0;0,0;0,0;0,0;0,0;0,0;177340609;22,0;29,3;46,1;2020-08-16 05:30:06;E10,931183;N48,369915;466,800;300;SW V1-11 (2020-06-17);2019-06-11 14:16:04;original set-up
2020-08-16 07:35:06;SN19009;measure;19,67;18,63;18,13;85055,1;12641,4;2353,8;404,1;161,6;53,9;47,1;13,5;6,7;10,1;6,7;0,0;0,0;0,0;0,0;0,0;0,0;0,0;0,0;0,0;0,0;0,0;0,0;0,0;177340609;22,5;29,9;45,0;2020-08-16 05:35:06;E10,931210;N48,369960;468,600;300;SW V1-11 (2020-06-17);2019-06-11 14:16:04;original set-up
2020-08-16 07:40:06;SN19009;measure;24,08;22,57;21,83;101458,0;14486,8;2778,1;525,3;269,4;64,0;70,7;20,2;20,2;6,7;6,7;3,4;0,0;0,0;0,0;0,0;0,0;0,0;0,0;0,0;0,0;0,0;0,0;0,0;177340609;22,9;30,5;43,9;2020-08-16 05:40:06;E10,931175;N48,369953;470,100;300;SW V1-11 (2020-06-17);2019-06-11 14:16:04;original set-up
2020-08-16 07:45:06;SN19009;measure;18,81;17,79;17,26;81837,9;11759,9;2118,3;330,0;192,0;97,7;33,7;13,5;16,8;3,4;3,4;3,4;0,0;0,0;0,0;0,0;0,0;0,0;0,0;0,0;0,0;0,0;0,0;0,0;177340609;22,7;31,1;42,7;2020-08-16 05:45:06;E10,931117;N48,370000;463,500;300;SW V1-11 (2020-06-17);2019-06-11 14:16:04;original set-up
2020-08-16 07:50:06;SN19009;measure;18,95;18,28;17,74;81936,9;11941,0;2131,6;296,3;138,1;101,0;50,5;10,1;3,4;0,0;0,0;6,7;0,0;0,0;0,0;0,0;0,0;0,0;0,0;0,0;0,0;0,0;0,0;0,0;177340609;23,3;31,8;41,5;2020-08-16 05:50:06;E10,931090;N48,369998;460,700;300;SW V1-11 (2020-06-17);2019-06-11 14:16:04;original set-up
2020-08-16 07:55:06;SN19009;measure;19,01;18,23;17,74;83072,9;11682,0;2282,1;285,3;192,5;92,8;30,9;13,7;13,7;3,4;0,0;3,4;0,0;0,0;0,0;0,0;0,0;0,0;0,0;0,0;0,0;0,0;0,0;0,0;177340609;23,2;32,5;40,3;2020-08-16 05:55:06;E10,931230;N48,369973;464,300;300;SW V1-11 (2020-06-17);2019-06-11 14:16:04;original set-up
2020-08-16 08:00:06;SN19009;measure;17,70;17,50;17,02;77876,1;10787,9;1874,5;279,0;214,3;64,6;44,2;6,8;6,8;0,0;0,0;0,0;0,0;0,0;0,0;0,0;0,0;0,0;0,0;0,0;0,0;0,0;0,0;0,0;177340609;23,8;33,2;39,1;2020-08-16 06:00:06;E10,931335;N48,370025;493,500;300;SW V1-11 (2020-06-17);2019-06-11 14:16:04;original set-up
2020-08-16 08:05:06;SN19009;measure;18,27;17,60;17,16;78199,9;10173,9;1895,3;324,9;142,2;67,7;30,5;6,8;16,9;6,8;0,0;0,0;0,0;0,0;0,0;0,0;0,0;0,0;0,0;0,0;0,0;0,0;0,0;0,0;177340609;24,1;33,8;38,1;2020-08-16 06:05:06;E10,931223;N48,369957;481,900;300;SW V1-11 (2020-06-17);2019-06-11 14:16:04;original set-up
2020-08-16 08:10:06;SN19009;measure;17,80;17,12;16,69;77853,1;10266,0;1868,4;240,3;155,7;64,3;33,8;23,7;0,0;6,8;3,4;0,0;0,0;0,0;0,0;0,0;0,0;0,0;0,0;0,0;0,0;0,0;0,0;0,0;177340609;23,7;34,4;37,0;2020-08-16 06:10:06;E10,931262;N48,369972;481,800;300;SW V1-11 (2020-06-17);2019-06-11 14:16:04;original set-up
2020-08-16 08:15:06;SN19009;measure;18,60;17,82;17,31;77164,9;9602,7;1756,2;275,0;161,5;75,6;44,7;13,7;6,9;0,0;3,4;3,4;0,0;0,0;3,4;0,0;0,0;0,0;0,0;0,0;0,0;0,0;0,0;0,0;177340609;24,8;34,9;36,3;2020-08-16 06:15:06;E10,931202;N48,370047;478,800;300;SW V1-11 (2020-06-17);2019-06-11 14:16:04;original set-up
2020-08-16 08:20:06;SN19009;measure;19,74;17,92;17,25;78317,7;9488,0;1788,6;253,5;107,7;66,0;90,3;27,8;6,9;3,5;6,9;0,0;6,9;0,0;0,0;0,0;0,0;0,0;0,0;0,0;0,0;0,0;0,0;0,0;177340609;24,6;35,3;35,6;2020-08-16 06:20:06;E10,931157;N48,370007;482,100;300;SW V1-11 (2020-06-17);2019-06-11 14:16:04;original set-up
2020-08-16 08:25:06;SN19009;measure;17,75;17,56;17,08;76237,5;8935,1;1771,3;235,9;160,7;75,2;37,6;20,5;0,0;0,0;0,0;0,0;0,0;0,0;0,0;0,0;0,0;0,0;0,0;0,0;0,0;0,0;0,0;0,0;177340609;25,1;35,9;34,8;2020-08-16 06:25:06;E10,931217;N48,370003;482,300;300;SW V1-11 (2020-06-17);2019-06-11 14:16:04;original set-up
2020-08-16 08:30:06;SN19009;measure;18,53;17,54;17,05;76237,5;8849,0;1552,4;222,3;142,4;86,8;27,8;27,8;10,4;6,9;3,5;0,0;0,0;0,0;0,0;0,0;0,0;0,0;0,0;0,0;0,0;0,0;0,0;0,0;177340609;25,2;36,4;34,2;2020-08-16 06:30:06;E10,931223;N48,369990;483,100;300;SW V1-11 (2020-06-17);2019-06-11 14:16:04;original set-up
2020-08-16 08:35:06;SN19009;measure;18,88;17,94;17,41;76713,4;9028,0;1518,6;230,4;150,1;87,3;52,4;3,5;14,0;3,5;7,0;0,0;0,0;0,0;0,0;0,0;0,0;0,0;0,0;0,0;0,0;0,0;0,0;0,0;177340609;25,6;36,9;33,4;2020-08-16 06:35:06;E10,931220;N48,369965;481,900;300;SW V1-11 (2020-06-17);2019-06-11 14:16:04;original set-up
2020-08-16 08:40:06;SN19009;measure;18,25;17,39;16,83;74133,5;8085,4;1347,6;258,3;160,6;83,8;59,3;10,5;3,5;17,5;0,0;0,0;0,0;0,0;0,0;0,0;0,0;0,0;0,0;0,0;0,0;0,0;0,0;0,0;177340609;25,8;37,3;32,8;2020-08-16 06:40:06;E10,931277;N48,370003;482,500;300;SW V1-11 (2020-06-17);2019-06-11 14:16:04;original set-up
2020-08-16 08:45:06;SN19009;measure;19,03;18,42;17,87;78519,4;8728,8;1505,6;218,7;136,2;86,0;53,8;14,3;10,8;3,6;0,0;0,0;0,0;3,6;0,0;0,0;0,0;0,0;0,0;0,0;0,0;0,0;0,0;0,0;177340609;25,9;37,8;32,1;2020-08-16 06:45:06;E10,931213;N48,370043;486,000;300;SW V1-11 (2020-06-17);2019-06-11 14:16:04;original set-up
2020-08-16 08:50:06;SN19009;measure;19,41;18,44;17,97;77921,4;8809,7;1609,0;217,4;152,2;65,2;39,9;10,9;14,5;0,0;3,6;3,6;0,0;0,0;0,0;0,0;0,0;0,0;0,0;0,0;0,0;0,0;0,0;0,0;177340609;26,5;38,2;31,7;2020-08-16 06:50:06;E10,931297;N48,369978;490,400;300;SW V1-11 (2020-06-17);2019-06-11 14:16:04;original set-up
2020-08-16 08:55:06;SN19009;measure;18,95;18,25;17,68;76316,0;8472,7;1634,4;257,3;137,7;79,7;58,0;10,9;7,2;10,9;0,0;0,0;0,0;0,0;0,0;0,0;0,0;0,0;0,0;0,0;0,0;0,0;0,0;0,0;177340609;26,6;38,6;31,0;2020-08-16 06:55:06;E10,931335;N48,370015;485,700;300;SW V1-11 (2020-06-17);2019-06-11 14:16:04;original set-up
2020-08-16 09:00:06;SN19009;measure;18,39;17,58;17,18;74222,5;7753,8;1421,0;178,5;83,8;61,9;36,4;14,6;3,6;14,6;0,0;0,0;0,0;0,0;0,0;0,0;0,0;0,0;0,0;0,0;0,0;0,0;0,0;0,0;177340609;26,8;39,1;30,5;2020-08-16 07:00:06;E10,931322;N48,370013;480,000;300;SW V1-11 (2020-06-17);2019-06-11 14:16:04;original set-up
2020-08-16 09:05:06;SN19009;measure;17,90;17,11;16,59;71160,3;7539,2;1229,2;208,6;104,3;74,5;59,6;7,4;7,4;11,2;0,0;0,0;0,0;3,7;0,0;0,0;0,0;0,0;0,0;0,0;0,0;0,0;0,0;0,0;177340609;27,0;39,4;29,9;2020-08-16 07:05:06;E10,931257;N48,370002;481,200;300;SW V1-11 (2020-06-17);2019-06-11 14:16:04;original set-up
2020-08-16 09:15:06;SN19009;measure;19,45;18,03;17,58;74142,0;7943,8;1499,3;231,3;134,9;77,1;27,0;15,4;7,7;7,7;3,9;0,0;3,9;0,0;0,0;0,0;0,0;0,0;0,0;0,0;0,0;0,0;0,0;0,0;177340609;27,6;40,0;29,1;2020-08-16 07:15:06;E10,931177;N48,369932;472,900;300;SW V1-11 (2020-06-17);2019-06-11 14:16:04;original set-up
2020-08-16 09:20:06;SN19009;measure;20,52;17,81;17,26;73309,7;8158,7;1375,8;272,1;183,9;65,1;38,3;26,8;7,7;19,2;7,7;11,5;0,0;0,0;7,7;0,0;0,0;0,0;0,0;0,0;0,0;0,0;0,0;0,0;177340609;27,2;40,2;28,8;2020-08-16 07:20:06;E10,931205;N48,370008;479,700;300;SW V1-11 (2020-06-17);2019-06-11 14:16:04;original set-up
2020-08-16 09:25:06;SN19009;measure;18,18;17,59;17,12;72047,1;7398,0;1273,6;232,2;97,4;78,7;33,7;18,7;3,7;0,0;0,0;3,7;0,0;0,0;0,0;0,0;0,0;0,0;0,0;0,0;0,0;0,0;0,0;0,0;177340609;27,7;40,3;28,6;2020-08-16 07:25:06;E10,931265;N48,370037;486,600;300;SW V1-11 (2020-06-17);2019-06-11 14:16:04;original set-up
2020-08-16 09:30:06;SN19009;measure;18,42;17,44;16,85;70032,8;7297,1;1209,3;192,1;131,9;109,2;37,7;18,8;22,6;0,0;3,8;0,0;0,0;0,0;0,0;0,0;0,0;0,0;0,0;0,0;0,0;0,0;0,0;0,0;177340609;28,2;40,4;28,5;2020-08-16 07:30:06;E10,931108;N48,369987;475,600;300;SW V1-11 (2020-06-17);2019-06-11 14:16:04;original set-up
2020-08-16 09:35:06;SN19009;measure;17,70;17,09;16,58;68441,7;6683,2;1178,3;166,7;125,0;75,8;49,3;11,4;7,6;7,6;0,0;0,0;0,0;0,0;0,0;0,0;0,0;0,0;0,0;0,0;0,0;0,0;0,0;0,0;177340609;28,8;40,5;28,7;2020-08-16 07:35:06;E10,931213;N48,369953;476,600;300;SW V1-11 (2020-06-17);2019-06-11 14:16:04;original set-up
2020-08-16 09:40:06;SN19009;measure;17,08;16,51;16,08;66649,0;6235,7;1053,2;178,1;109,9;49,2;41,7;11,4;7,6;0,0;3,8;0,0;0,0;0,0;0,0;0,0;0,0;0,0;0,0;0,0;0,0;0,0;0,0;0,0;177340609;28,6;40,8;28,1;2020-08-16 07:40:06;E10,931288;N48,370018;479,400;300;SW V1-11 (2020-06-17);2019-06-11 14:16:04;original set-up
2020-08-16 09:45:06;SN19009;measure;16,64;15,69;15,23;63038,7;5485,6;935,7;162,9;106,1;64,4;49,2;7,6;0,0;7,6;7,6;0,0;0,0;0,0;0,0;0,0;0,0;0,0;0,0;0,0;0,0;0,0;0,0;0,0;177340609;28,8;41,1;27,8;2020-08-16 07:45:06;E10,931245;N48,369957;483,600;300;SW V1-11 (2020-06-17);2019-06-11 14:16:04;original set-up
2020-08-16 09:50:06;SN19009;measure;17,21;15,40;14,90;62268,7;5558,9;1136,2;157,8;165,7;75,0;39,5;19,7;3,9;7,9;11,8;3,9;0,0;0,0;0,0;0,0;0,0;0,0;0,0;0,0;0,0;0,0;0,0;0,0;177340609;28,2;41,1;27,6;2020-08-16 07:50:06;E10,931147;N48,369913;469,000;300;SW V1-11 (2020-06-17);2019-06-11 14:16:04;original set-up
2020-08-16 09:55:06;SN19009;measure;14,48;14,15;13,65;57200,2;5045,2;948,0;160,7;112,5;44,2;64,3;16,1;0,0;4,0;0,0;0,0;0,0;0,0;0,0;0,0;0,0;0,0;0,0;0,0;0,0;0,0;0,0;0,0;177340609;27,8;41,1;26,9;2020-08-16 07:55:06;E10,931257;N48,369992;476,100;300;SW V1-11 (2020-06-17);2019-06-11 14:16:04;original set-up
2020-08-16 10:00:06;SN19009;measure;13,33;12,86;12,48;52361,8;4503,9;894,4;115,8;107,8;95,8;20,0;4,0;12,0;4,0;0,0;0,0;0,0;0,0;4,0;0,0;0,0;0,0;0,0;0,0;0,0;0,0;0,0;0,0;177340609;27,5;40,9;26,9;2020-08-16 08:00:06;E10,931198;N48,369938;471,200;300;SW V1-11 (2020-06-17);2019-06-11 14:16:04;original set-up
2020-08-16 10:05:06;SN19009;measure;12,66;12,32;11,82;48808,1;3869,6;710,4;170,7;146,8;91,3;39,7;7,9;4,0;4,0;0,0;0,0;0,0;0,0;0,0;0,0;0,0;0,0;0,0;0,0;0,0;0,0;0,0;0,0;177340609;27,9;40,5;27,0;2020-08-16 08:05:06;E10,931335;N48,370000;473,500;300;SW V1-11 (2020-06-17);2019-06-11 14:16:04;original set-up
2020-08-16 10:10:06;SN19009;measure;13,84;13,26;12,77;52851,2;4178,1;887,7;126,2;102,6;90,7;51,3;7,9;0,0;11,8;0,0;0,0;0,0;0,0;0,0;0,0;0,0;0,0;0,0;0,0;0,0;0,0;0,0;0,0;177340609;27,8;40,0;27,5;2020-08-16 08:10:06;E10,931335;N48,370070;479,200;300;SW V1-11 (2020-06-17);2019-06-11 14:16:04;original set-up
2020-08-16 10:15:06;SN19009;measure;13,67;12,97;12,46;51689,1;4386,4;867,6;192,8;132,6;56,2;44,2;16,1;16,1;4,0;0,0;0,0;0,0;0,0;0,0;0,0;0,0;0,0;0,0;0,0;0,0;0,0;0,0;0,0;177340609;27,4;39,5;28,0;2020-08-16 08:15:06;E10,931293;N48,369980;480,100;300;SW V1-11 (2020-06-17);2019-06-11 14:16:04;original set-up
2020-08-16 10:20:06;SN19009;measure;12,31;12,23;11,82;48349,8;3996,5;818,5;179,7;151,7;95,8;16,0;8,0;0,0;0,0;0,0;0,0;0,0;0,0;0,0;0,0;0,0;0,0;0,0;0,0;0,0;0,0;0,0;0,0;177340609;27,8;38,9;28,5;2020-08-16 08:20:06;E10,931243;N48,370012;478,800;300;SW V1-11 (2020-06-17);2019-06-11 14:16:04;original set-up
2020-08-16 10:25:06;SN19009;measure;12,48;11,96;11,49;47272,6;3833,1;807,2;195,0;124,8;70,2;39,0;7,8;11,7;3,9;0,0;0,0;0,0;0,0;0,0;0,0;0,0;0,0;0,0;0,0;0,0;0,0;0,0;0,0;177340609;27,5;38,4;29,4;2020-08-16 08:25:06;E10,931175;N48,369960;473,900;300;SW V1-11 (2020-06-17);2019-06-11 14:16:04;original set-up
2020-08-16 10:30:06;SN19009;measure;12,96;11,70;11,29;46399,3;3865,6;855,6;192,7;131,0;73,2;23,1;3,9;11,6;3,9;3,9;0,0;3,9;0,0;0,0;0,0;0,0;0,0;0,0;0,0;0,0;0,0;0,0;0,0;177340609;27,4;38,0;29,8;2020-08-16 08:30:06;E10,931230;N48,369992;481,900;300;SW V1-11 (2020-06-17);2019-06-11 14:16:04;original set-up
2020-08-16 10:35:06;SN19009;measure;12,56;11,91;11,48;46751,6;3989,3;824,1;172,3;146,1;59,9;37,5;3,7;7,5;3,7;3,7;0,0;0,0;0,0;0,0;0,0;0,0;0,0;0,0;0,0;0,0;0,0;0,0;0,0;177340609;27,6;37,7;29,9;2020-08-16 08:35:06;E10,931312;N48,369960;487,300;300;SW V1-11 (2020-06-17);2019-06-11 14:16:04;original set-up
2020-08-16 10:40:06;SN19009;measure;12,12;11,33;10,80;44738,6;3697,0;774,2;185,2;137,1;92,6;44,5;11,1;3,7;0,0;3,7;3,7;0,0;0,0;0,0;0,0;0,0;0,0;0,0;0,0;0,0;0,0;0,0;0,0;177340609;27,1;37,4;30,7;2020-08-16 08:40:06;E10,931220;N48,369963;480,100;300;SW V1-11 (2020-06-17);2019-06-11 14:16:04;original set-up
2020-08-16 10:45:06;SN19009;measure;12,26;10,98;10,52;43383,3;3551,1;784,6;151,0;162,1;55,3;40,5;11,1;11,1;3,7;3,7;0,0;3,7;0,0;0,0;0,0;0,0;0,0;0,0;0,0;0,0;0,0;0,0;0,0;177340609;27,0;37,2;30,6;2020-08-16 08:45:06;E10,931240;N48,369960;477,300;300;SW V1-11 (2020-06-17);2019-06-11 14:16:04;original set-up
2020-08-16 10:50:06;SN19009;measure;12,31;11,10;10,67;43950,9;3777,1;817,0;179,5;175,8;44,0;36,6;7,3;14,7;7,3;0,0;0,0;3,7;0,0;0,0;0,0;0,0;0,0;0,0;0,0;0,0;0,0;0,0;0,0;177340609;26,8;36,9;30,7;2020-08-16 08:50:06;E10,931273;N48,369955;479,600;300;SW V1-11 (2020-06-17);2019-06-11 14:16:04;original set-up
2020-08-16 10:55:06;SN19009;measure;13,73;12,29;11,79;48526,2;4568,7;904,9;172,2;208,8;62,3;40,3;11,0;7,3;7,3;3,7;0,0;3,7;3,7;0,0;0,0;0,0;0,0;0,0;0,0;0,0;0,0;3,7;0,0;177340609;26,9;36,6;31,5;2020-08-16 08:55:06;E10,931242;N48,369940;476,000;300;SW V1-11 (2020-06-17);2019-06-11 14:16:04;original set-up
2020-08-16 11:00:06;SN19009;measure;13,72;12,58;12,04;49314,3;4692,9;1014,8;164,9;150,2;69,6;51,3;14,7;11,0;3,7;3,7;3,7;0,0;0,0;0,0;0,0;0,0;0,0;0,0;0,0;0,0;0,0;0,0;0,0;177340609;27,1;36,5;31,8;2020-08-16 09:00:06;E10,931297;N48,369963;477,400;300;SW V1-11 (2020-06-17);2019-06-11 14:16:04;original set-up
2020-08-16 11:05:06;SN19009;measure;12,54;11,09;10,70;44350,2;3843,0;758,3;135,5;113,6;44,0;36,6;14,7;3,7;11,0;3,7;0,0;3,7;0,0;0,0;0,0;0,0;0,0;0,0;0,0;0,0;0,0;0,0;0,0;177340609;26,9;36,3;32,3;2020-08-16 09:05:06;E10,931322;N48,369920;483,600;300;SW V1-11 (2020-06-17);2019-06-11 14:16:04;original set-up
2020-08-16 11:10:06;SN19009;measure;11,96;11,33;10,78;43313,0;3680,2;830,7;193,7;119,2;85,7;44,7;11,2;14,9;3,7;0,0;0,0;0,0;0,0;0,0;0,0;0,0;0,0;0,0;3,7;0,0;0,0;0,0;0,0;177340609;28,1;36,3;32,1;2020-08-16 09:10:06;E10,931365;N48,369957;488,500;300;SW V1-11 (2020-06-17);2019-06-11 14:16:04;original set-up
2020-08-16 11:15:06;SN19009;measure;12,29;11,44;10,91;44108,3;3801,9;843,6;206,3;143,7;66,3;44,2;18,4;7,4;3,7;0,0;3,7;0,0;0,0;0,0;0,0;0,0;0,0;0,0;0,0;0,0;0,0;0,0;0,0;177340609;28,0;36,2;32,7;2020-08-16 09:15:06;E10,931287;N48,369995;494,300;300;SW V1-11 (2020-06-17);2019-06-11 14:16:04;original set-up
2020-08-16 11:20:06;SN19009;measure;11,65;11,50;10,96;45087,7;3813,5;835,4;194,8;123,6;89,9;56,2;3,7;0,0;0,0;0,0;0,0;0,0;3,7;0,0;0,0;0,0;0,0;0,0;0,0;0,0;0,0;0,0;0,0;177340609;27,3;36,3;32,6;2020-08-16 09:20:06;E10,931280;N48,369972;485,000;300;SW V1-11 (2020-06-17);2019-06-11 14:16:04;original set-up
2020-08-16 11:25:06;SN19009;measure;11,23;10,37;9,88;40824,0;3641,2;663,1;170,4;140,8;81,5;44,5;11,1;0,0;3,7;3,7;3,7;0,0;0,0;0,0;0,0;0,0;0,0;0,0;0,0;0,0;0,0;0,0;0,0;177340609;26,9;36,4;32,3;2020-08-16 09:25:06;E10,931295;N48,369990;482,400;300;SW V1-11 (2020-06-17);2019-06-11 14:16:04;original set-up
2020-08-16 11:30:06;SN19009;measure;10,71;10,10;9,61;39303,7;3150,4;543,2;104,9;112,4;63,7;59,9;11,2;0,0;3,7;0,0;3,7;0,0;0,0;0,0;0,0;0,0;0,0;0,0;0,0;0,0;0,0;0,0;0,0;177340609;27,4;36,4;31,9;2020-08-16 09:30:06;E10,931287;N48,369937;483,000;300;SW V1-11 (2020-06-17);2019-06-11 14:16:04;original set-up
2020-08-16 11:35:06;SN19009;measure;10,49;10,46;9,98;40498,0;3378,2;659,3;170,4;192,6;74,1;40,7;3,7;0,0;0,0;0,0;0,0;0,0;0,0;0,0;0,0;0,0;0,0;0,0;0,0;0,0;0,0;0,0;0,0;177340609;27,6;36,3;32,1;2020-08-16 09:35:06;E10,931197;N48,369977;480,200;300;SW V1-11 (2020-06-17);2019-06-11 14:16:04;original set-up
2020-08-16 11:40:06;SN19009;measure;11,64;11,00;10,52;42885,9;3685,9;824,1;209,8;149,8;93,6;30,0;3,7;7,5;3,7;3,7;0,0;0,0;0,0;0,0;0,0;0,0;0,0;0,0;0,0;0,0;0,0;0,0;0,0;177340609;27,4;36,3;32,4;2020-08-16 09:40:06;E10,931330;N48,369962;484,000;300;SW V1-11 (2020-06-17);2019-06-11 14:16:04;original set-up
2020-08-16 11:45:06;SN19009;measure;11,39;10,61;10,04;40794,3;3000,4;651,9;226,0;144,5;111,1;25,9;18,5;18,5;3,7;0,0;0,0;0,0;0,0;0,0;0,0;0,0;3,7;0,0;0,0;0,0;0,0;0,0;0,0;177340609;27,8;36,3;32,3;2020-08-16 09:45:06;E10,931292;N48,370102;494,300;300;SW V1-11 (2020-06-17);2019-06-11 14:16:04;original set-up
2020-08-16 11:50:06;SN19009;measure;11,11;10,62;10,23;41938,2;3255,1;603,1;161,1;101,1;67,4;30,0;7,5;3,7;0,0;0,0;3,7;0,0;0,0;0,0;0,0;0,0;0,0;0,0;0,0;0,0;0,0;0,0;0,0;177340609;27,4;36,4;32,1;2020-08-16 09:50:06;E10,931340;N48,370070;489,100;300;SW V1-11 (2020-06-17);2019-06-11 14:16:04;original set-up
2020-08-16 11:55:06;SN19009;measure;10,33;10,09;9,69;39401,5;2942,2;700,7;165,8;165,8;101,7;11,3;7,5;0,0;3,8;0,0;0,0;0,0;0,0;3,8;0,0;0,0;0,0;0,0;0,0;0,0;0,0;0,0;0,0;177340609;27,6;36,4;31,9;2020-08-16 09:55:06;E10,931272;N48,370017;477,900;300;SW V1-11 (2020-06-17);2019-06-11 14:16:04;original set-up
2020-08-16 12:00:06;SN19009;measure;10,41;9,61;9,15;36940,5;2356,4;503,9;144,0;159,1;79,6;34,1;0,0;15,2;3,8;3,8;0,0;0,0;0,0;0,0;0,0;0,0;0,0;0,0;0,0;0,0;0,0;0,0;0,0;177340609;28,2;36,4;31,8;2020-08-16 10:00:06;E10,931293;N48,369990;476,300;300;SW V1-11 (2020-06-17);2019-06-11 14:16:04;original set-up
2020-08-16 12:05:06;SN19009;measure;9,54;9,33;8,98;36202,2;2454,7;637,0;167,6;160,2;70,8;11,2;3,7;7,4;0,0;0,0;0,0;0,0;0,0;0,0;0,0;0,0;0,0;0,0;0,0;0,0;0,0;0,0;0,0;177340609;28,1;36,4;31,8;2020-08-16 10:05:06;E10,931358;N48,369970;472,200;300;SW V1-11 (2020-06-17);2019-06-11 14:16:04;original set-up
2020-08-16 12:10:06;SN19009;measure;9,86;8,76;8,32;33392,7;2158,6;553,8;131,9;124,3;79,1;30,1;15,1;3,8;3,8;7,5;0,0;0,0;3,8;0,0;0,0;0,0;0,0;0,0;0,0;0,0;0,0;0,0;0,0;177340609;28,3;36,5;31,3;2020-08-16 10:10:06;E10,931343;N48,369967;468,400;300;SW V1-11 (2020-06-17);2019-06-11 14:16:04;original set-up
2020-08-16 12:15:06;SN19009;measure;9,55;8,82;8,36;33497,1;2467,0;503,8;144,5;125,9;66,7;37,0;14,8;7,4;0,0;3,7;0,0;0,0;3,7;0,0;0,0;0,0;0,0;0,0;0,0;0,0;0,0;0,0;0,0;177340609;28,2;36,6;31,1;2020-08-16 10:15:06;E10,931322;N48,369973;470,700;300;SW V1-11 (2020-06-17);2019-06-11 14:16:04;original set-up
2020-08-16 12:20:06;SN19009;measure;9,72;8,55;8,07;32036,4;2154,0;498,2;164,8;149,8;74,9;37,5;3,7;11,2;0,0;0,0;3,7;3,7;0,0;0,0;0,0;0,0;0,0;0,0;0,0;0,0;0,0;0,0;0,0;177340609;28,8;36,7;30,9;2020-08-16 10:20:06;E10,931297;N48,369997;467,900;300;SW V1-11 (2020-06-17);2019-06-11 14:16:04;original set-up
2020-08-16 12:25:06;SN19009;measure;9,52;8,42;7,87;31486,5;2087,0;482,2;207,2;135,6;67,8;52,7;15,1;0,0;11,3;0,0;3,8;0,0;3,8;0,0;0,0;0,0;0,0;0,0;0,0;0,0;0,0;0,0;0,0;177340609;28,4;36,8;30,9;2020-08-16 10:25:06;E10,931133;N48,370048;472,100;300;SW V1-11 (2020-06-17);2019-06-11 14:16:04;original set-up
2020-08-16 12:30:06;SN19009;measure;8,75;8,06;7,61;30792,3;1906,1;392,2;109,8;137,3;58,8;47,1;7,8;3,9;11,8;0,0;0,0;0,0;0,0;0,0;0,0;0,0;0,0;0,0;0,0;0,0;0,0;0,0;0,0;177340609;27,9;37,0;30,4;2020-08-16 10:30:06;E10,931380;N48,369952;469,800;300;SW V1-11 (2020-06-17);2019-06-11 14:16:04;original set-up
2020-08-16 12:35:06;SN19009;measure;7,70;7,61;7,23;28956,5;1591,2;359,9;102,3;87,1;90,9;26,5;0,0;3,8;0,0;0,0;0,0;0,0;0,0;3,8;0,0;0,0;0,0;0,0;0,0;0,0;0,0;0,0;0,0;177340609;28,4;37,0;29,8;2020-08-16 10:35:06;E10,931338;N48,369958;476,500;300;SW V1-11 (2020-06-17);2019-06-11 14:16:04;original set-up
2020-08-16 12:40:06;SN19009;measure;8,48;7,82;7,45;29929,5;1460,2;346,4;115,5;108,0;55,9;22,3;18,6;7,4;0,0;3,7;0,0;0,0;0,0;0,0;0,0;0,0;0,0;0,0;0,0;0,0;0,0;0,0;0,0;177340609;28,2;37,0;29,9;2020-08-16 10:40:06;E10,931265;N48,369985;477,400;300;SW V1-11 (2020-06-17);2019-06-11 14:16:04;original set-up
2020-08-16 12:45:06;SN19009;measure;8,87;8,48;8,02;32134,5;1974,0;519,9;90,4;162,0;37,7;49,0;11,3;11,3;0,0;0,0;0,0;0,0;0,0;0,0;0,0;0,0;0,0;0,0;11,3;3,8;0,0;0,0;0,0;177340609;28,1;37,1;29,6;2020-08-16 10:45:06;E10,931285;N48,369940;480,000;300;SW V1-11 (2020-06-17);2019-06-11 14:16:04;original set-up
2020-08-16 12:50:06;SN19009;measure;9,60;8,75;8,34;33415,6;2018,8;477,8;100,0;107,4;63,0;29,6;14,8;14,8;0,0;0,0;3,7;0,0;0,0;0,0;0,0;0,0;0,0;0,0;0,0;0,0;0,0;0,0;0,0;177340609;28,4;37,0;30,0;2020-08-16 10:50:06;E10,931262;N48,369948;481,900;300;SW V1-11 (2020-06-17);2019-06-11 14:16:04;original set-up
2020-08-16 12:55:06;SN19009;measure;9,05;8,52;8,20;33023,1;2056,5;423,3;74,9;101,1;44,9;33,7;0,0;3,7;3,7;3,7;0,0;0,0;0,0;0,0;0,0;0,0;0,0;0,0;0,0;0,0;0,0;0,0;0,0;177340609;28,2;37,1;30,1;2020-08-16 10:55:06;E10,931205;N48,369968;476,600;300;SW V1-11 (2020-06-17);2019-06-11 14:16:04;original set-up
2020-08-16 13:00:06;SN19009;measure;9,47;9,31;8,93;35699,7;2207,8;396,4;88,9;88,9;48,2;40,7;7,4;3,7;0,0;0,0;0,0;0,0;0,0;0,0;0,0;0,0;0,0;0,0;0,0;0,0;0,0;0,0;0,0;177340609;28,6;37,1;29,7;2020-08-16 11:00:06;E10,931208;N48,369955;476,100;300;SW V1-11 (2020-06-17);2019-06-11 14:16:04;original set-up
2020-08-16 13:05:06;SN19009;measure;10,66;9,41;8,93;35627,8;2203,0;405,2;128,9;110,5;77,4;44,2;7,4;7,4;7,4;7,4;0,0;0,0;3,7;0,0;0,0;0,0;0,0;0,0;0,0;0,0;0,0;0,0;0,0;177340609;28,7;37,2;29,9;2020-08-16 11:05:06;E10,931213;N48,369982;480,100;300;SW V1-11 (2020-06-17);2019-06-11 14:16:04;original set-up
2020-08-16 13:10:06;SN19009;measure;10,09;9,38;8,98;35877,4;2120,1;505,7;172,3;112,4;71,2;26,2;3,7;7,5;11,2;0,0;0,0;0,0;0,0;0,0;0,0;0,0;0,0;0,0;0,0;0,0;0,0;0,0;0,0;177340609;28,6;37,3;29,9;2020-08-16 11:10:06;E10,931197;N48,370005;482,500;300;SW V1-11 (2020-06-17);2019-06-11 14:16:04;original set-up
2020-08-16 13:15:06;SN19009;measure;10,12;9,53;9,12;36325,8;2456,0;555,7;159,3;103,7;59,3;33,3;7,4;7,4;0,0;0,0;3,7;0,0;0,0;0,0;0,0;0,0;0,0;0,0;0,0;0,0;0,0;0,0;0,0;177340609;28,7;37,4;29,7;2020-08-16 11:15:06;E10,931225;N48,369942;478,400;300;SW V1-11 (2020-06-17);2019-06-11 14:16:04;original set-up
2020-08-16 13:20:06;SN19009;measure;10,13;9,73;9,35;37349,5;2408,6;576,9;116,1;123,6;52,4;30,0;3,7;15,0;0,0;0,0;0,0;0,0;0,0;0,0;0,0;0,0;0,0;0,0;0,0;0,0;0,0;0,0;0,0;177340609;28,7;37,5;29,7;2020-08-16 11:20:06;E10,931173;N48,369962;475,600;300;SW V1-11 (2020-06-17);2019-06-11 14:16:04;original set-up
2020-08-16 13:25:06;SN19009;measure;10,76;9,39;8,89;35159,2;2451,4;451,0;150,3;88,6;50,1;50,1;15,4;11,6;7,7;7,7;0,0;0,0;0,0;0,0;0,0;0,0;0,0;0,0;0,0;0,0;0,0;0,0;0,0;177340609;29,2;37,6;29,4;2020-08-16 11:25:06;E10,931115;N48,369963;476,300;300;SW V1-11 (2020-06-17);2019-06-11 14:16:04;original set-up
2020-08-16 13:30:06;SN19009;measure;9,80;9,22;8,80;34897,4;2272,3;494,3;137,9;80,5;61,3;42,2;3,8;7,7;0,0;0,0;3,8;0,0;0,0;0,0;0,0;0,0;0,0;0,0;0,0;0,0;0,0;0,0;0,0;177340609;29,2;37,6;29,6;2020-08-16 11:30:06;E10,931147;N48,369918;474,500;300;SW V1-11 (2020-06-17);2019-06-11 14:16:04;original set-up
2020-08-16 13:35:06;SN19009;measure;11,16;10,37;9,77;39089,2;2748,6;562,1;174,5;108,5;73,7;54,3;23,3;15,5;3,9;0,0;0,0;0,0;0,0;0,0;0,0;0,0;0,0;0,0;0,0;0,0;0,0;0,0;0,0;177340609;28,6;37,7;29,6;2020-08-16 11:35:06;E10,931220;N48,370022;477,700;300;SW V1-11 (2020-06-17);2019-06-11 14:16:04;original set-up
2020-08-16 13:40:06;SN19009;measure;10,64;9,70;9,18;36652,4;2605,7;567,1;164,8;95,8;61,3;46,0;23,0;7,7;3,8;0,0;3,8;0,0;0,0;0,0;0,0;0,0;0,0;0,0;0,0;0,0;0,0;0,0;0,0;177340609;28,8;37,8;29,6;2020-08-16 11:40:06;E10,931365;N48,370060;503,100;300;SW V1-11 (2020-06-17);2019-06-11 14:16:04;original set-up
2020-08-16 13:45:06;SN19009;measure;9,65;9,14;8,80;35149,9;2396,7;579,2;91,4;95,3;49,5;30,5;3,8;7,6;0,0;3,8;0,0;0,0;0,0;0,0;0,0;0,0;0,0;0,0;0,0;0,0;0,0;0,0;0,0;177340609;28,8;37,8;29,5;2020-08-16 11:45:06;E10,931262;N48,369970;481,100;300;SW V1-11 (2020-06-17);2019-06-11 14:16:04;original set-up
2020-08-16 13:50:06;SN19009;measure;12,05;9,11;8,58;33964,9;2415,7;552,5;152,4;156,2;57,2;53,3;7,6;15,2;7,6;7,6;0,0;11,4;0,0;0,0;0,0;0,0;0,0;0,0;0,0;0,0;0,0;0,0;0,0;177340609;29,1;37,8;29,5;2020-08-16 11:50:06;E10,931222;N48,369942;477,900;300;SW V1-11 (2020-06-17);2019-06-11 14:16:04;original set-up
2020-08-16 13:55:06;SN19009;measure;10,22;8,83;8,37;32960,6;2267,0;594,4;129,5;118,1;68,6;41,9;11,4;0,0;3,8;3,8;7,6;0,0;3,8;0,0;0,0;0,0;0,0;0,0;0,0;0,0;0,0;0,0;0,0;177340609;29,6;37,8;29,6;2020-08-16 11:55:06;E10,931195;N48,369962;478,100;300;SW V1-11 (2020-06-17);2019-06-11 14:16:04;original set-up
2020-08-16 14:00:06;SN19009;measure;9,78;9,14;8,75;34723,1;2278,6;560,1;163,8;137,2;34,3;30,5;11,4;7,6;7,6;0,0;0,0;0,0;0,0;0,0;0,0;0,0;0,0;0,0;0,0;0,0;0,0;0,0;0,0;177340609;29,2;37,8;29,5;2020-08-16 12:00:06;E10,931287;N48,369952;479,100;300;SW V1-11 (2020-06-17);2019-06-11 14:16:04;original set-up
2020-08-16 14:05:06;SN19009;measure;9,91;8,99;8,47;33239,3;2269,2;541,7;166,7;128,8;64,4;53,0;7,6;3,8;7,6;3,8;0,0;0,0;3,8;0,0;0,0;0,0;0,0;0,0;0,0;0,0;0,0;0,0;0,0;177340609;29,9;37,9;29,4;2020-08-16 12:05:06;E10,931285;N48,370013;493,300;300;SW V1-11 (2020-06-17);2019-06-11 14:16:04;original set-up
2020-08-16 14:10:06;SN19009;measure;9,06;8,50;8,11;32115,0;2233,0;554,4;116,3;112,4;46,5;38,8;7,8;7,8;3,9;0,0;0,0;0,0;3,9;0,0;0,0;0,0;0,0;0,0;0,0;0,0;0,0;0,0;0,0;177340609;29,4;38,1;29,4;2020-08-16 12:10:06;E10,931300;N48,370005;494,200;300;SW V1-11 (2020-06-17);2019-06-11 14:16:04;original set-up
2020-08-16 14:15:06;SN19009;measure;9,68;9,07;8,68;34413,9;2331,7;709,6;113,1;97,5;74,1;23,4;11,7;7,8;0,0;3,9;0,0;0,0;0,0;0,0;0,0;0,0;0,0;0,0;0,0;0,0;0,0;0,0;0,0;177340609;29,1;38,2;28,8;2020-08-16 12:15:06;E10,931200;N48,369930;483,700;300;SW V1-11 (2020-06-17);2019-06-11 14:16:04;original set-up
2020-08-16 14:20:06;SN19009;measure;9,74;9,43;8,86;34893,3;2173,0;564,8;204,0;109,8;82,4;54,9;11,8;0,0;3,9;0,0;0,0;0,0;0,0;0,0;0,0;0,0;0,0;0,0;0,0;0,0;0,0;0,0;0,0;177340609;29,6;38,2;28,7;2020-08-16 12:20:06;E10,931215;N48,369917;482,700;300;SW V1-11 (2020-06-17);2019-06-11 14:16:04;original set-up
2020-08-16 14:25:06;SN19009;measure;9,67;8,80;8,35;32892,0;2233,0;631,2;142,0;118,4;82,9;27,6;11,8;7,9;0,0;0,0;0,0;3,9;0,0;0,0;0,0;0,0;0,0;0,0;0,0;0,0;0,0;0,0;0,0;177340609;29,5;38,2;28,7;2020-08-16 12:25:06;E10,931250;N48,369965;484,400;300;SW V1-11 (2020-06-17);2019-06-11 14:16:04;original set-up
2020-08-16 14:30:06;SN19009;measure;10,91;9,10;8,70;34271,2;2450,2;516,9;126,3;82,9;47,3;35,5;15,8;7,9;7,9;0,0;0,0;7,9;0,0;0,0;0,0;0,0;0,0;0,0;0,0;0,0;0,0;0,0;0,0;177340609;29,6;38,3;28,7;2020-08-16 12:30:06;E10,931308;N48,369907;485,600;300;SW V1-11 (2020-06-17);2019-06-11 14:16:04;original set-up
2020-08-16 14:35:06;SN19009;measure;9,46;8,83;8,42;32994,5;2406,6;595,7;146,0;106,5;86,8;19,7;3,9;11,8;0,0;3,9;0,0;0,0;0,0;0,0;0,0;0,0;0,0;0,0;0,0;0,0;0,0;0,0;0,0;177340609;29,8;38,3;28,6;2020-08-16 12:35:06;E10,931245;N48,369940;485,100;300;SW V1-11 (2020-06-17);2019-06-11 14:16:04;original set-up
2020-08-16 14:40:06;SN19009;measure;9,64;9,03;8,46;33178,2;2249,0;595,8;157,8;142,0;78,9;47,3;11,8;19,7;0,0;0,0;0,0;0,0;0,0;0,0;0,0;0,0;0,0;0,0;0,0;0,0;0,0;0,0;0,0;177340609;29,7;38,4;28,4;2020-08-16 12:40:06;E10,931270;N48,369937;482,500;300;SW V1-11 (2020-06-17);2019-06-11 14:16:04;original set-up
2020-08-16 14:45:06;SN19009;measure;9,25;8,76;8,36;32853,2;2132,1;492,3;104,7;108,5;42,6;38,8;11,6;7,8;3,9;0,0;0,0;0,0;0,0;0,0;0,0;0,0;0,0;0,0;0,0;0,0;0,0;0,0;0,0;177340609;29,7;38,4;28,1;2020-08-16 12:45:06;E10,931275;N48,369927;481,700;300;SW V1-11 (2020-06-17);2019-06-11 14:16:04;original set-up
2020-08-16 14:50:06;SN19009;measure;10,06;8,90;8,50;33232,5;2203,0;631,7;183,3;109,2;66,3;23,4;7,8;7,8;11,7;0,0;3,9;0,0;0,0;0,0;0,0;0,0;0,0;0,0;0,0;0,0;0,0;0,0;0,0;177340609;29,8;38,5;28,2;2020-08-16 12:50:06;E10,931227;N48,369927;482,600;300;SW V1-11 (2020-06-17);2019-06-11 14:16:04;original set-up
2020-08-16 14:55:06;SN19009;measure;9,55;9,01;8,51;33442,0;2400,5;541,3;156,9;109,8;74,5;47,1;7,8;3,9;0,0;0,0;3,9;0,0;0,0;0,0;0,0;0,0;0,0;0,0;0,0;0,0;0,0;0,0;0,0;177340609;29,5;38,5;28,1;2020-08-16 12:55:06;E10,931322;N48,369893;485,700;300;SW V1-11 (2020-06-17);2019-06-11 14:16:04;original set-up
2020-08-16 15:00:06;SN19009;measure;9,30;8,48;8,04;31525,0;1925,4;560,3;142,0;82,9;43,4;39,5;15,8;11,8;0,0;0,0;3,9;0,0;0,0;0,0;0,0;0,0;0,0;0,0;0,0;0,0;0,0;0,0;0,0;177340609;29,8;38,5;27,9;2020-08-16 13:00:06;E10,931297;N48,369950;483,300;300;SW V1-11 (2020-06-17);2019-06-11 14:16:04;original set-up
2020-08-16 15:05:06;SN19009;measure;9,09;8,04;7,67;29855,4;1996,3;490,0;116,5;76,3;64,3;28,1;12,0;0,0;12,0;0,0;4,0;0,0;0,0;0,0;0,0;0,0;0,0;0,0;0,0;0,0;0,0;0,0;0,0;177340609;30,0;38,5;27,6;2020-08-16 13:05:06;E10,931372;N48,369938;487,200;300;SW V1-11 (2020-06-17);2019-06-11 14:16:04;original set-up
2020-08-16 15:10:06;SN19009;measure;8,57;8,01;7,54;29224,1;1770,2;468,3;154,8;91,3;59,5;43,7;7,9;11,9;4,0;0,0;0,0;0,0;0,0;0,0;0,0;0,0;0,0;0,0;0,0;0,0;0,0;0,0;0,0;177340609;30,1;38,5;27,3;2020-08-16 13:10:06;E10,931272;N48,369900;484,300;300;SW V1-11 (2020-06-17);2019-06-11 14:16:04;original set-up
2020-08-16 15:15:06;SN19009;measure;7,69;7,28;6,91;26817,1;1659,0;385,0;115,1;99,2;59,5;23,8;11,9;4,0;4,0;0,0;0,0;0,0;0,0;0,0;0,0;0,0;0,0;0,0;0,0;0,0;0,0;0,0;0,0;177340609;30,2;38,6;27,2;2020-08-16 13:15:06;E10,931265;N48,369922;480,100;300;SW V1-11 (2020-06-17);2019-06-11 14:16:04;original set-up
2020-08-16 15:20:06;SN19009;measure;8,21;7,54;7,22;28074,3;1782,2;420,3;109,1;105,1;64,7;20,2;0,0;4,0;0,0;0,0;0,0;4,0;0,0;0,0;4,0;0,0;0,0;0,0;0,0;0,0;0,0;0,0;0,0;177340609;29,9;38,7;26,9;2020-08-16 13:20:06;E10,931298;N48,369955;478,600;300;SW V1-11 (2020-06-17);2019-06-11 14:16:04;original set-up
2020-08-16 15:25:06;SN19009;measure;8,02;7,70;7,24;28171,4;1688,8;403,2;119,8;127,8;47,9;39,9;20,0;4,0;0,0;0,0;0,0;0,0;0,0;0,0;0,0;0,0;0,0;0,0;0,0;0,0;0,0;0,0;0,0;177340609;30,1;38,8;27,1;2020-08-16 13:25:06;E10,931310;N48,369960;478,300;300;SW V1-11 (2020-06-17);2019-06-11 14:16:04;original set-up
2020-08-16 15:30:06;SN19009;measure;9,59;7,68;7,31;28569,2;1567,8;341,3;95,3;75,4;79,4;27,8;4,0;4,0;11,9;15,9;0,0;0,0;0,0;0,0;0,0;0,0;0,0;0,0;0,0;0,0;0,0;0,0;0,0;177340609;30,2;38,8;27,3;2020-08-16 13:30:06;E10,931278;N48,369932;476,100;300;SW V1-11 (2020-06-17);2019-06-11 14:16:04;original set-up
2020-08-16 15:35:06;SN19009;measure;8,13;7,44;7,01;27522,2;1679,2;411,6;94,7;102,9;45,3;53,5;4,1;4,1;12,3;0,0;0,0;0,0;0,0;0,0;0,0;0,0;0,0;0,0;0,0;0,0;0,0;0,0;0,0;177340609;29,7;38,9;27,3;2020-08-16 13:35:06;E10,931322;N48,369907;480,200;300;SW V1-11 (2020-06-17);2019-06-11 14:16:04;original set-up
2020-08-16 15:40:06;SN19009;measure;7,38;6,91;6,54;25541,6;1433,9;321,3;80,3;76,3;60,2;32,1;8,0;8,0;4,0;0,0;0,0;0,0;0,0;0,0;0,0;0,0;0,0;0,0;0,0;0,0;0,0;0,0;0,0;177340609;30,1;38,9;26,9;2020-08-16 13:40:06;E10,931283;N48,369920;478,700;300;SW V1-11 (2020-06-17);2019-06-11 14:16:04;original set-up
2020-08-16 15:45:06;SN19009;measure;6,84;6,48;6,07;23796,9;1117,9;262,8;117,7;102,0;82,4;27,5;7,8;3,9;3,9;0,0;0,0;0,0;0,0;0,0;0,0;0,0;0,0;0,0;0,0;0,0;0,0;0,0;0,0;177340609;29,9;38,8;27,1;2020-08-16 13:45:06;E10,931322;N48,369940;482,800;300;SW V1-11 (2020-06-17);2019-06-11 14:16:04;original set-up
2020-08-16 15:50:06;SN19009;measure;6,61;6,25;5,93;23203,1;1247,2;282,4;74,5;62,8;51,0;35,3;0,0;0,0;0,0;0,0;3,9;0,0;0,0;0,0;3,9;0,0;0,0;0,0;0,0;0,0;0,0;0,0;0,0;177340609;29,8;38,8;26,6;2020-08-16 13:50:06;E10,931388;N48,369917;491,100;300;SW V1-11 (2020-06-17);2019-06-11 14:16:04;original set-up
2020-08-16 15:55:06;SN19009;measure;6,34;5,99;5,69;22231,8;1059,9;242,8;65,5;115,6;30,8;15,4;23,1;3,9;0,0;0,0;0,0;0,0;0,0;0,0;0,0;0,0;0,0;0,0;0,0;0,0;0,0;0,0;0,0;177340609;30,0;38,8;26,6;2020-08-16 13:55:06;E10,931320;N48,369947;488,700;300;SW V1-11 (2020-06-17);2019-06-11 14:16:04;original set-up
2020-08-16 16:00:06;SN19009;measure;7,24;5,78;5,42;21149,6;1023,9;258,0;55,6;107,2;51,6;31,8;7,9;7,9;4,0;4,0;0,0;4,0;4,0;0,0;0,0;0,0;0,0;0,0;0,0;0,0;0,0;0,0;0,0;177340609;29,9;38,8;26,4;2020-08-16 14:00:06;E10,931290;N48,369965;482,800;300;SW V1-11 (2020-06-17);2019-06-11 14:16:04;original set-up
2020-08-16 16:05:06;SN19009;measure;6,21;5,75;5,37;20812,3;1027,9;281,8;95,3;111,1;31,8;27,8;23,8;7,9;0,0;0,0;0,0;0,0;0,0;4,0;0,0;0,0;0,0;0,0;0,0;0,0;0,0;0,0;0,0;177340609;29,8;38,7;25,9;2020-08-16 14:05:06;E10,931258;N48,369907;477,400;300;SW V1-11 (2020-06-17);2019-06-11 14:16:04;original set-up
2020-08-16 16:10:06;SN19009;measure;6,03;5,63;5,18;20084,8;998,2;242,5;72,7;97,0;40,4;60,6;8,1;0,0;0,0;4,0;0,0;0,0;0,0;0,0;0,0;0,0;0,0;0,0;0,0;0,0;0,0;0,0;0,0;177340609;29,9;38,7;26,0;2020-08-16 14:10:06;E10,931233;N48,369948;470,000;300;SW V1-11 (2020-06-17);2019-06-11 14:16:04;original set-up
2020-08-16 16:15:06;SN19009;measure;6,06;5,37;4,92;19018,8;971,7;239,9;89,4;89,4;77,2;36,6;16,3;0,0;4,1;4,1;0,0;0,0;0,0;0,0;0,0;4,1;0,0;0,0;0,0;0,0;0,0;0,0;0,0;177340609;29,9;38,7;25,7;2020-08-16 14:15:06;E10,931260;N48,369918;466,300;300;SW V1-11 (2020-06-17);2019-06-11 14:16:04;original set-up
2020-08-16 16:20:06;SN19009;measure;5,94;5,63;5,19;20024,0;978,2;191,7;79,9;71,9;55,9;47,9;12,0;0,0;4,0;0,0;0,0;0,0;0,0;0,0;0,0;0,0;0,0;0,0;0,0;0,0;0,0;0,0;0,0;177340609;30,2;38,7;25,4;2020-08-16 14:20:06;E10,931292;N48,369915;470,800;300;SW V1-11 (2020-06-17);2019-06-11 14:16:04;original set-up
2020-08-16 16:25:06;SN19009;measure;6,12;5,73;5,25;20331,3;917,4;266,7;64,7;117,2;56,6;52,5;8,1;12,1;0,0;0,0;0,0;0,0;0,0;0,0;0,0;0,0;0,0;0,0;0,0;0,0;0,0;0,0;0,0;177340609;30,1;38,7;25,8;2020-08-16 14:25:06;E10,931182;N48,369962;473,300;300;SW V1-11 (2020-06-17);2019-06-11 14:16:04;original set-up
2020-08-16 16:30:06;SN19009;measure;6,85;5,55;5,27;20437,7;853,8;296,8;56,9;97,6;28,5;20,3;12,2;8,1;0,0;0,0;4,1;4,1;0,0;0,0;0,0;0,0;0,0;0,0;0,0;0,0;0,0;0,0;0,0;177340609;30,1;38,8;25,6;2020-08-16 14:30:06;E10,931237;N48,369917;472,900;300;SW V1-11 (2020-06-17);2019-06-11 14:16:04;original set-up
2020-08-16 16:35:06;SN19009;measure;6,07;5,56;5,20;20036,7;916,3;257,7;77,7;65,5;69,5;28,6;8,2;4,1;4,1;0,0;0,0;0,0;4,1;0,0;0,0;0,0;0,0;0,0;0,0;0,0;0,0;0,0;0,0;177340609;30,2;38,8;25,5;2020-08-16 14:35:06;E10,931130;N48,369943;472,500;300;SW V1-11 (2020-06-17);2019-06-11 14:16:04;original set-up
2020-08-16 16:40:06;SN19009;measure;5,40;5,16;4,89;18878,5;938,1;279,1;50,4;81,4;46,5;19,4;3,9;7,8;0,0;0,0;0,0;0,0;0,0;0,0;0,0;0,0;0,0;0,0;0,0;0,0;0,0;0,0;0,0;177340609;30,2;38,8;25,5;2020-08-16 14:40:06;E10,931250;N48,369932;471,200;300;SW V1-11 (2020-06-17);2019-06-11 14:16:04;original set-up
2020-08-16 16:45:06;SN19009;measure;5,45;5,08;4,76;18394,5;774,1;199,3;95,8;76,6;46,0;30,7;0,0;7,7;3,8;0,0;0,0;0,0;0,0;0,0;3,8;0,0;0,0;0,0;0,0;0,0;0,0;0,0;0,0;177340609;30,2;38,8;25,6;2020-08-16 14:45:06;E10,931368;N48,369963;477,500;300;SW V1-11 (2020-06-17);2019-06-11 14:16:04;original set-up
2020-08-16 16:50:06;SN19009;measure;5,89;5,71;5,37;20792,5;940,6;202,4;99,2;67,5;43,7;31,8;7,9;4,0;0,0;0,0;0,0;0,0;0,0;0,0;0,0;0,0;0,0;0,0;0,0;0,0;0,0;0,0;0,0;177340609;29,9;38,8;25,3;2020-08-16 14:50:06;E10,931265;N48,369972;476,100;300;SW V1-11 (2020-06-17);2019-06-11 14:16:04;original set-up
2020-08-16 16:55:06;SN19009;measure;6,95;5,82;5,48;21228,5;1002,2;282,9;68,7;68,7;48,5;32,3;8,1;4,0;4,0;0,0;8,1;0,0;0,0;0,0;0,0;0,0;0,0;0,0;0,0;0,0;0,0;0,0;0,0;177340609;29,8;38,8;25,3;2020-08-16 14:55:06;E10,931293;N48,369950;475,700;300;SW V1-11 (2020-06-17);2019-06-11 14:16:04;original set-up
2020-08-16 17:00:06;SN19009;measure;6,94;5,80;5,47;21141,0;959,5;276,5;65,0;69,1;48,8;28,5;12,2;4,1;0,0;4,1;0,0;4,1;0,0;0,0;0,0;0,0;0,0;0,0;0,0;0,0;0,0;0,0;0,0;177340609;30,1;38,8;25,5;2020-08-16 15:00:06;E10,931382;N48,369938;487,000;300;SW V1-11 (2020-06-17);2019-06-11 14:16:04;original set-up
2020-08-16 17:05:06;SN19009;measure;6,93;5,62;5,44;21110,1;945,3;282,4;74,5;78,4;47,1;0,0;7,8;0,0;7,8;3,9;0,0;3,9;0,0;0,0;0,0;0,0;0,0;0,0;0,0;0,0;0,0;0,0;0,0;177340609;29,8;38,7;25,7;2020-08-16 15:05:06;E10,931202;N48,369967;476,700;300;SW V1-11 (2020-06-17);2019-06-11 14:16:04;original set-up
2020-08-16 17:10:06;SN19009;measure;7,37;6,05;5,76;22335,8;1018,0;244,6;86,8;71,0;47,3;19,7;7,9;7,9;3,9;0,0;7,9;0,0;3,9;7,9;0,0;0,0;0,0;0,0;0,0;0,0;0,0;0,0;0,0;177340609;29,8;38,7;25,7;2020-08-16 15:10:06;E10,931325;N48,369978;475,900;300;SW V1-11 (2020-06-17);2019-06-11 14:16:04;original set-up
2020-08-16 17:15:06;SN19009;measure;6,32;5,82;5,42;21207,4;1006,1;185,4;51,3;71,0;71,0;39,5;11,8;0,0;0,0;0,0;3,9;0,0;0,0;0,0;0,0;0,0;0,0;0,0;0,0;0,0;0,0;0,0;0,0;177340609;29,6;38,6;26,2;2020-08-16 15:15:06;E10,931257;N48,370008;475,600;300;SW V1-11 (2020-06-17);2019-06-11 14:16:04;original set-up
2020-08-16 17:20:06;SN19009;measure;6,62;5,71;5,35;20804,4;916,3;241,3;90,0;77,7;40,9;40,9;4,1;4,1;4,1;0,0;0,0;4,1;0,0;0,0;0,0;0,0;0,0;0,0;0,0;0,0;0,0;0,0;0,0;177340609;29,6;38,5;25,8;2020-08-16 15:20:06;E10,931273;N48,369950;466,800;300;SW V1-11 (2020-06-17);2019-06-11 14:16:04;original set-up
2020-08-16 17:25:06;SN19009;measure;7,11;6,10;5,79;22484,3;1013,9;272,2;82,9;78,9;55,2;27,6;0,0;3,9;7,9;0,0;0,0;3,9;0,0;0,0;0,0;0,0;0,0;0,0;0,0;0,0;0,0;0,0;0,0;177340609;29,4;38,4;25,7;2020-08-16 15:25:06;E10,931318;N48,369963;477,900;300;SW V1-11 (2020-06-17);2019-06-11 14:16:04;original set-up
2020-08-16 17:30:06;SN19009;measure;6,72;5,79;5,42;21159,5;1004,0;212,2;68,2;90,9;37,9;37,9;15,2;0,0;3,8;7,6;0,0;0,0;0,0;0,0;0,0;0,0;0,0;0,0;0,0;0,0;0,0;0,0;0,0;177340609;29,6;38,3;26,5;2020-08-16 15:30:06;E10,931197;N48,369950;474,800;300;SW V1-11 (2020-06-17);2019-06-11 14:16:04;original set-up
2020-08-16 17:35:06;SN19009;measure;6,56;5,49;5,18;20317,1;780,4;159,1;94,7;90,9;45,5;18,9;7,6;11,4;3,8;0,0;0,0;3,8;0,0;0,0;0,0;0,0;0,0;0,0;0,0;0,0;0,0;0,0;0,0;177340609;29,4;38,2;26,7;2020-08-16 15:35:06;E10,931277;N48,369897;467,400;300;SW V1-11 (2020-06-17);2019-06-11 14:16:04;original set-up
2020-08-16 17:40:06;SN19009;measure;7,43;6,19;5,68;22209,6;978,5;284,1;63,1;71,0;78,9;51,3;23,7;0,0;7,9;7,9;0,0;0,0;0,0;0,0;0,0;0,0;0,0;0,0;0,0;0,0;0,0;0,0;0,0;177340609;29,6;38,2;26,9;2020-08-16 15:40:06;E10,931247;N48,369997;474,300;300;SW V1-11 (2020-06-17);2019-06-11 14:16:04;original set-up
2020-08-16 17:45:06;SN19009;measure;9,47;6,47;5,93;23392,7;947,9;245,0;48,2;88,4;56,2;56,2;32,1;8,0;12,0;4,0;16,1;0,0;4,0;0,0;0,0;0,0;0,0;0,0;0,0;0,0;0,0;0,0;0,0;177340609;29,3;38,1;27,3;2020-08-16 15:45:06;E10,931262;N48,369980;472,900;300;SW V1-11 (2020-06-17);2019-06-11 14:16:04;original set-up
2020-08-16 17:50:06;SN19009;measure;7,06;5,79;5,38;21011,9;1034,7;245,3;72,8;80,5;80,5;26,8;15,3;3,8;0,0;3,8;7,7;0,0;0,0;0,0;0,0;0,0;0,0;0,0;0,0;0,0;0,0;0,0;0,0;177340609;29,6;38,0;27,1;2020-08-16 15:50:06;E10,931242;N48,369970;472,500;300;SW V1-11 (2020-06-17);2019-06-11 14:16:04;original set-up
2020-08-16 17:55:06;SN19009;measure;6,78;5,74;5,37;21046,6;922,0;289,6;41,9;49,5;61,0;30,5;19,1;7,6;7,6;3,8;0,0;0,0;0,0;0,0;0,0;0,0;0,0;0,0;0,0;0,0;0,0;0,0;0,0;177340609;29,5;37,9;27,4;2020-08-16 15:55:06;E10,931197;N48,370022;470,900;300;SW V1-11 (2020-06-17);2019-06-11 14:16:04;original set-up
2020-08-16 18:00:06;SN19009;measure;7,01;5,74;5,39;21252,3;883,9;224,9;58,2;81,4;31,0;42,6;7,8;7,8;7,8;3,9;3,9;0,0;0,0;0,0;0,0;0,0;0,0;0,0;0,0;0,0;0,0;0,0;0,0;177340609;29,1;37,9;27,4;2020-08-16 16:00:06;E10,931270;N48,370072;470,500;300;SW V1-11 (2020-06-17);2019-06-11 14:16:04;original set-up
2020-08-16 18:05:06;SN19009;measure;6,60;5,74;5,44;21325,8;937,4;274,6;78,4;90,2;54,9;15,7;7,8;11,8;3,9;3,9;0,0;0,0;0,0;0,0;0,0;0,0;0,0;0,0;0,0;0,0;0,0;0,0;0,0;177340609;29,3;37,8;27,5;2020-08-16 16:05:06;E10,931203;N48,369970;470,200;300;SW V1-11 (2020-06-17);2019-06-11 14:16:04;original set-up
2020-08-16 18:10:06;SN19009;measure;7,29;5,69;5,27;20624,0;939,5;170,5;79,6;98,5;68,2;30,3;15,2;11,4;7,6;0,0;7,6;0,0;3,8;0,0;0,0;0,0;0,0;0,0;0,0;0,0;0,0;0,0;0,0;177340609;29,3;37,8;27,3;2020-08-16 16:10:06;E10,931238;N48,369978;469,600;300;SW V1-11 (2020-06-17);2019-06-11 14:16:04;original set-up
2020-08-16 18:15:06;SN19009;measure;6,14;5,50;5,19;20384,0;894,0;234,7;70,8;82,0;26,1;18,6;26,1;7,5;3,7;0,0;0,0;0,0;0,0;0,0;0,0;0,0;0,0;0,0;0,0;0,0;0,0;0,0;0,0;177340609;29,3;37,7;27,6;2020-08-16 16:15:06;E10,931217;N48,369935;464,200;300;SW V1-11 (2020-06-17);2019-06-11 14:16:04;original set-up
2020-08-16 18:20:06;SN19009;measure;5,85;5,19;4,89;19221,7;862,0;187,9;55,3;81,0;51,6;22,1;11,1;3,7;3,7;3,7;0,0;0,0;0,0;0,0;0,0;0,0;0,0;0,0;0,0;0,0;0,0;0,0;0,0;177340609;29,2;37,7;27,6;2020-08-16 16:20:06;E10,931448;N48,370002;474,100;300;SW V1-11 (2020-06-17);2019-06-11 14:16:04;original set-up
2020-08-16 18:25:06;SN19009;measure;5,74;5,09;4,71;18441,9;846,6;187,3;56,2;101,1;82,4;22,5;11,2;7,5;7,5;0,0;0,0;0,0;0,0;0,0;0,0;0,0;0,0;0,0;0,0;0,0;0,0;0,0;0,0;177340609;29,1;37,7;27,1;2020-08-16 16:25:06;E10,931363;N48,370002;476,200;300;SW V1-11 (2020-06-17);2019-06-11 14:16:04;original set-up
2020-08-16 18:30:06;SN19009;measure;6,05;5,01;4,65;18203,3;798,7;195,9;60,3;49,0;45,2;41,4;11,3;3,8;0,0;3,8;0,0;3,8;0,0;0,0;0,0;0,0;0,0;0,0;0,0;0,0;0,0;0,0;0,0;177340609;28,9;37,6;26,9;2020-08-16 16:30:06;E10,931338;N48,369978;474,600;300;SW V1-11 (2020-06-17);2019-06-11 14:16:04;original set-up
2020-08-16 18:35:06;SN19009;measure;6,03;4,75;4,46;17436,8;837,2;192,6;77,8;48,2;33,3;22,2;7,4;18,5;3,7;7,4;0,0;0,0;0,0;0,0;0,0;0,0;0,0;0,0;0,0;0,0;0,0;0,0;0,0;177340609;28,9;37,5;27,0;2020-08-16 16:35:06;E10,931330;N48,370027;476,800;300;SW V1-11 (2020-06-17);2019-06-11 14:16:04;original set-up
2020-08-16 18:40:06;SN19009;measure;6,06;5,33;4,96;19404,9;927,3;241,4;76,6;61,3;42,2;38,3;11,5;7,7;0,0;3,8;0,0;0,0;3,8;0,0;0,0;0,0;0,0;0,0;0,0;0,0;0,0;0,0;0,0;177340609;28,9;37,4;27,1;2020-08-16 16:40:06;E10,931185;N48,369945;468,600;300;SW V1-11 (2020-06-17);2019-06-11 14:16:04;original set-up
2020-08-16 18:45:06;SN19009;measure;6,46;5,24;4,86;19137,8;807,7;201,9;68,6;72,4;53,3;26,7;19,1;15,2;7,6;3,8;0,0;0,0;0,0;0,0;0,0;0,0;0,0;0,0;0,0;0,0;0,0;0,0;0,0;177340609;28,8;37,4;27,5;2020-08-16 16:45:06;E10,931323;N48,369895;484,000;300;SW V1-11 (2020-06-17);2019-06-11 14:16:04;original set-up
2020-08-16 18:50:06;SN19009;measure;6,83;5,37;5,04;19802,4;918,8;259,7;73,7;89,2;42,6;27,1;3,9;19,4;11,6;3,9;0,0;0,0;3,9;0,0;0,0;0,0;0,0;0,0;0,0;0,0;0,0;0,0;0,0;177340609;28,7;37,4;27,4;2020-08-16 16:50:06;E10,931360;N48,369960;488,300;300;SW V1-11 (2020-06-17);2019-06-11 14:16:04;original set-up
2020-08-16 18:55:06;SN19009;measure;5,91;5,27;4,88;19283,2;877,7;218,5;67,8;82,9;64,0;33,9;11,3;7,5;7,5;0,0;0,0;0,0;0,0;3,8;0,0;0,0;0,0;0,0;0,0;0,0;0,0;0,0;0,0;177340609;28,3;37,3;27,6;2020-08-16 16:55:06;E10,931270;N48,369900;485,700;300;SW V1-11 (2020-06-17);2019-06-11 14:16:04;original set-up
2020-08-16 19:00:06;SN19009;measure;6,09;5,14;4,79;18954,6;896,4;233,2;65,6;58,3;54,7;29,1;18,2;3,6;7,3;0,0;3,6;0,0;0,0;0,0;0,0;0,0;0,0;0,0;0,0;0,0;0,0;0,0;0,0;177340609;28,4;37,2;28,0;2020-08-16 17:00:06;E10,931217;N48,369913;480,400;300;SW V1-11 (2020-06-17);2019-06-11 14:16:04;original set-up
2020-08-16 19:05:06;SN19009;measure;5,41;4,96;4,56;17981,7;896,4;196,8;83,8;69,2;32,8;47,4;18,2;3,6;3,6;0,0;0,0;0,0;0,0;0,0;0,0;0,0;0,0;0,0;0,0;0,0;0,0;0,0;0,0;177340609;28,2;37,1;27,9;2020-08-16 17:05:06;E10,931298;N48,369922;474,400;300;SW V1-11 (2020-06-17);2019-06-11 14:16:04;original set-up
2020-08-16 19:10:06;SN19009;measure;6,02;5,10;4,63;18230,9;871,4;223,5;106,1;94,7;56,8;41,7;22,7;3,8;0,0;7,6;0,0;0,0;0,0;0,0;0,0;0,0;0,0;0,0;0,0;0,0;0,0;0,0;3,8;177340609;28,2;36,9;27,9;2020-08-16 17:10:06;E10,931220;N48,369938;473,600;300;SW V1-11 (2020-06-17);2019-06-11 14:16:04;original set-up
2020-08-16 19:15:06;SN19009;measure;5,81;4,96;4,66;18296,7;838,1;238,4;89,4;96,8;59,6;18,6;0,0;11,2;0,0;7,4;0,0;0,0;0,0;0,0;0,0;0,0;0,0;0,0;0,0;0,0;0,0;0,0;0,0;177340609;28,2;36,8;27,8;2020-08-16 17:15:06;E10,931390;N48,369943;482,500;300;SW V1-11 (2020-06-17);2019-06-11 14:16:04;original set-up
2020-08-16 19:20:06;SN19009;measure;5,99;5,24;4,85;19046,0;835,4;264,4;61,3;92,0;65,1;19,2;26,8;11,5;3,8;0,0;0,0;0,0;0,0;0,0;0,0;0,0;0,0;0,0;0,0;0,0;0,0;0,0;0,0;177340609;28,4;36,7;27,9;2020-08-16 17:20:06;E10,931270;N48,369940;473,800;300;SW V1-11 (2020-06-17);2019-06-11 14:16:04;original set-up
2020-08-16 19:25:06;SN19009;measure;7,10;5,19;4,78;18774,0;869,0;172,3;93,6;93,6;89,9;18,7;11,2;15,0;18,7;7,5;0,0;0,0;0,0;0,0;3,7;0,0;0,0;0,0;0,0;0,0;0,0;0,0;0,0;177340609;28,4;36,7;28,1;2020-08-16 17:25:06;E10,931212;N48,369962;480,500;300;SW V1-11 (2020-06-17);2019-06-11 14:16:04;original set-up
2020-08-16 19:30:06;SN19009;measure;6,13;5,17;4,70;18540,7;852,0;240,8;85,2;70,4;55,6;51,9;7,4;22,2;0,0;0,0;3,7;0,0;0,0;0,0;0,0;0,0;0,0;0,0;0,0;0,0;0,0;0,0;0,0;177340609;28,1;36,7;28,3;2020-08-16 17:30:06;E10,931212;N48,369952;477,500;300;SW V1-11 (2020-06-17);2019-06-11 14:16:04;original set-up
2020-08-16 19:35:06;SN19009;measure;6,10;5,40;5,05;20017,9;880,1;217,2;57,2;80,0;68,6;26,7;3,8;15,2;0,0;3,8;0,0;0,0;0,0;0,0;0,0;0,0;0,0;0,0;0,0;0,0;0,0;0,0;0,0;177340609;28,1;36,6;28,6;2020-08-16 17:35:06;E10,931212;N48,369947;479,100;300;SW V1-11 (2020-06-17);2019-06-11 14:16:04;original set-up
2020-08-16 19:40:06;SN19009;measure;6,86;5,34;4,96;19741,8;895,3;258,5;59,9;89,9;41,2;41,2;18,7;0,0;3,7;15,0;0,0;0,0;0,0;0,0;0,0;0,0;0,0;0,0;0,0;0,0;0,0;0,0;0,0;177340609;27,9;36,5;28,9;2020-08-16 17:40:06;E10,931387;N48,369932;485,300;300;SW V1-11 (2020-06-17);2019-06-11 14:16:04;original set-up
2020-08-16 19:45:06;SN19009;measure;5,60;5,19;4,89;19585,4;933,5;244,5;77,8;96,3;44,5;18,5;14,8;3,7;3,7;0,0;0,0;0,0;0,0;0,0;0,0;0,0;0,0;0,0;0,0;0,0;0,0;0,0;0,0;177340609;27,7;36,5;29,3;2020-08-16 17:45:06;E10,931182;N48,369937;483,500;300;SW V1-11 (2020-06-17);2019-06-11 14:16:04;original set-up
2020-08-16 19:50:06;SN19009;measure;6,83;5,67;5,38;21581,1;992,7;232,3;74,9;93,7;45,0;26,2;3,7;3,7;0,0;0,0;0,0;7,5;0,0;0,0;0,0;0,0;0,0;0,0;0,0;0,0;0,0;0,0;0,0;177340609;27,7;36,4;29,5;2020-08-16 17:50:06;E10,931230;N48,369962;485,800;300;SW V1-11 (2020-06-17);2019-06-11 14:16:04;original set-up
2020-08-16 19:55:06;SN19009;measure;6,96;5,56;5,24;21100,5;981,7;222,3;74,1;96,3;33,3;29,6;7,4;11,1;3,7;7,4;3,7;0,0;0,0;0,0;0,0;0,0;0,0;0,0;0,0;0,0;0,0;0,0;0,0;177340609;27,6;36,3;29,9;2020-08-16 17:55:06;E10,931267;N48,369963;479,800;300;SW V1-11 (2020-06-17);2019-06-11 14:16:04;original set-up
2020-08-16 20:00:06;SN19009;measure;5,99;5,44;5,10;20555,5;1012,8;227,1;46,9;104,5;50,5;25,2;10,8;18,0;0,0;0,0;0,0;0,0;0,0;0,0;0,0;0,0;0,0;0,0;0,0;0,0;0,0;0,0;0,0;177340609;27,5;36,2;30,0;2020-08-16 18:00:06;E10,931275;N48,369985;481,100;300;SW V1-11 (2020-06-17);2019-06-11 14:16:04;original set-up
2020-08-16 20:05:06;SN19009;measure;6,06;5,64;5,35;21591,8;959,4;259,3;74,1;81,5;37,0;25,9;7,4;7,4;3,7;0,0;0,0;0,0;0,0;0,0;0,0;0,0;0,0;0,0;0,0;0,0;0,0;0,0;0,0;177340609;27,6;36,1;30,3;2020-08-16 18:05:06;E10,931325;N48,369955;480,800;300;SW V1-11 (2020-06-17);2019-06-11 14:16:04;original set-up
2020-08-16 20:10:06;SN19009;measure;7,60;5,59;5,33;21517,4;1056,4;198,5;74,9;74,9;41,2;15,0;11,2;3,7;7,5;0,0;3,7;7,5;3,7;0,0;3,7;0,0;0,0;0,0;0,0;0,0;0,0;0,0;0,0;177340609;27,6;36,1;30,4;2020-08-16 18:10:06;E10,931360;N48,369853;475,000;300;SW V1-11 (2020-06-17);2019-06-11 14:16:04;original set-up
2020-08-16 20:15:06;SN19009;measure;6,38;5,53;5,21;21017,6;1022,4;281,5;88,9;85,2;33,3;22,2;22,2;7,4;3,7;3,7;0,0;0,0;0,0;0,0;0,0;0,0;0,0;0,0;0,0;0,0;0,0;0,0;0,0;177340609;27,4;36,0;30,5;2020-08-16 18:15:06;E10,931207;N48,369925;473,900;300;SW V1-11 (2020-06-17);2019-06-11 14:16:04;original set-up
2020-08-16 20:20:06;SN19009;measure;6,31;5,73;5,31;21579,7;1015,1;224,7;63,7;71,2;74,9;41,2;11,2;7,5;0,0;3,7;0,0;0,0;0,0;0,0;0,0;0,0;0,0;0,0;0,0;0,0;0,0;0,0;0,0;177340609;27,2;36,0;30,6;2020-08-16 18:20:06;E10,931217;N48,370002;474,100;300;SW V1-11 (2020-06-17);2019-06-11 14:16:04;original set-up
2020-08-16 20:25:06;SN19009;measure;6,92;5,54;5,21;21236,1;971,2;235,6;36,2;101,5;50,7;32,6;10,9;3,6;14,5;7,2;0,0;0,0;0,0;0,0;0,0;0,0;0,0;0,0;0,0;0,0;0,0;0,0;0,0;177340609;27,1;35,9;30,7;2020-08-16 18:25:06;E10,931272;N48,369935;475,200;300;SW V1-11 (2020-06-17);2019-06-11 14:16:04;original set-up
2020-08-16 20:30:06;SN19009;measure;5,81;5,60;5,33;21691,0;1125,9;218,6;65,6;87,4;29,1;29,1;3,6;7,3;0,0;0,0;0,0;0,0;0,0;0,0;0,0;0,0;0,0;0,0;0,0;0,0;0,0;0,0;0,0;177340609;27,1;35,8;31,0;2020-08-16 18:30:06;E10,931168;N48,369953;474,400;300;SW V1-11 (2020-06-17);2019-06-11 14:16:04;original set-up
2020-08-16 20:35:06;SN19009;measure;6,97;5,65;5,43;22203,7;1068,3;284,1;64,4;60,6;45,5;7,6;11,4;3,8;11,4;0,0;0,0;3,8;3,8;0,0;0,0;0,0;0,0;3,8;0,0;0,0;0,0;0,0;0,0;177340609;26,9;35,7;31,1;2020-08-16 18:35:06;E10,931180;N48,369942;473,400;300;SW V1-11 (2020-06-17);2019-06-11 14:16:04;original set-up
2020-08-16 20:40:06;SN19009;measure;7,74;5,42;5,10;20819,8;1013,2;245,9;70,8;78,2;52,2;29,8;3,7;11,2;18,6;3,7;3,7;3,7;3,7;0,0;0,0;0,0;0,0;0,0;0,0;0,0;0,0;0,0;0,0;177340609;26,9;35,6;31,4;2020-08-16 18:40:06;E10,931213;N48,369902;479,100;300;SW V1-11 (2020-06-17);2019-06-11 14:16:04;original set-up
2020-08-16 20:45:06;SN19009;measure;7,37;5,75;5,32;21734,0;1090,4;320,5;84,7;106,8;55,3;33,2;18,4;22,1;7,4;3,7;3,7;0,0;0,0;0,0;3,7;3,7;0,0;0,0;0,0;0,0;0,0;0,0;0,0;177340609;26,8;35,4;31,6;2020-08-16 18:45:06;E10,931283;N48,370027;482,000;300;SW V1-11 (2020-06-17);2019-06-11 14:16:04;original set-up
2020-08-16 20:50:06;SN19009;measure;6,94;6,12;5,75;23568,7;1326,0;228,5;104,9;71,2;63,7;30,0;11,2;11,2;3,7;3,7;0,0;0,0;0,0;0,0;0,0;0,0;0,0;0,0;0,0;0,0;0,0;0,0;0,0;177340609;26,6;35,4;31,8;2020-08-16 18:50:06;E10,931253;N48,369972;478,600;300;SW V1-11 (2020-06-17);2019-06-11 14:16:04;original set-up
2020-08-16 20:55:06;SN19009;measure;8,24;6,38;5,89;24358,9;1198,0;297,6;101,7;97,9;60,3;56,5;11,3;11,3;7,5;11,3;3,8;0,0;0,0;0,0;0,0;0,0;0,0;0,0;0,0;0,0;0,0;0,0;0,0;177340609;26,3;35,3;32,0;2020-08-16 18:55:06;E10,931222;N48,369998;479,000;300;SW V1-11 (2020-06-17);2019-06-11 14:16:04;original set-up
2020-08-16 21:00:06;SN19009;measure;7,27;5,89;5,47;22691,6;1129,5;266,0;61,9;65,6;91,1;32,8;14,6;7,3;3,6;0,0;3,6;3,6;3,6;0,0;0,0;0,0;0,0;0,0;0,0;0,0;0,0;0,0;0,0;177340609;26,2;35,1;32,3;2020-08-16 19:00:06;E10,931162;N48,370032;475,800;300;SW V1-11 (2020-06-17);2019-06-11 14:16:04;original set-up
2020-08-16 21:05:06;SN19009;measure;7,10;6,18;5,73;23888,2;1176,9;247,8;54,7;98,4;54,7;47,4;18,2;18,2;7,3;0,0;0,0;0,0;0,0;0,0;0,0;0,0;0,0;0,0;0,0;0,0;0,0;0,0;0,0;177340609;26,1;35,0;32,6;2020-08-16 19:05:06;E10,931220;N48,370080;483,000;300;SW V1-11 (2020-06-17);2019-06-11 14:16:04;original set-up
2020-08-16 21:10:06;SN19009;measure;8,13;6,20;5,77;24025,1;1318,9;317,0;83,8;112,9;69,2;40,1;10,9;10,9;10,9;10,9;3,6;0,0;0,0;0,0;0,0;0,0;0,0;0,0;0,0;0,0;0,0;0,0;0,0;177340609;25,9;34,9;32,8;2020-08-16 19:10:06;E10,931213;N48,370080;482,500;300;SW V1-11 (2020-06-17);2019-06-11 14:16:04;original set-up
2020-08-16 21:15:06;SN19009;measure;8,59;6,27;5,78;24062,2;1283,4;337,0;100,4;118,3;75,3;43,0;17,9;14,3;7,2;3,6;14,3;0,0;0,0;0,0;0,0;0,0;0,0;0,0;0,0;0,0;0,0;0,0;0,0;177340609;26,0;34,8;33,1;2020-08-16 19:15:06;E10,931203;N48,370102;495,200;300;SW V1-11 (2020-06-17);2019-06-11 14:16:04;original set-up
2020-08-16 21:20:06;SN19009;measure;7,44;6,29;5,89;24557,6;1395,1;340,6;94,2;105,1;61,6;32,6;10,9;18,1;7,2;0,0;3,6;0,0;0,0;0,0;0,0;0,0;0,0;0,0;0,0;0,0;0,0;0,0;0,0;177340609;26,0;34,7;33,4;2020-08-16 19:20:06;E10,931190;N48,370062;479,700;300;SW V1-11 (2020-06-17);2019-06-11 14:16:04;original set-up
2020-08-16 21:25:06;SN19009;measure;7,56;6,10;5,63;23629,5;1162,3;280,6;72,9;69,2;87,4;29,1;36,4;10,9;7,3;7,3;0,0;0,0;0,0;0,0;0,0;0,0;0,0;0,0;0,0;0,0;0,0;0,0;0,0;177340609;25,9;34,5;33,6;2020-08-16 19:25:06;E10,931287;N48,369998;476,900;300;SW V1-11 (2020-06-17);2019-06-11 14:16:04;original set-up
2020-08-16 21:30:06;SN19009;measure;7,24;6,28;5,83;24509,6;1362,7;280,5;98,4;156,7;83,8;25,5;25,5;3,6;7,3;0,0;3,6;0,0;0,0;3,6;0,0;0,0;0,0;0,0;0,0;0,0;0,0;0,0;0,0;177340609;25,7;34,5;33,8;2020-08-16 19:30:06;E10,931068;N48,370013;495,700;300;SW V1-11 (2020-06-17);2019-06-11 14:16:04;original set-up
2020-08-16 21:35:06;SN19009;measure;8,06;6,41;6,04;25591,1;1326,6;280,8;77,2;73,7;56,2;35,1;14,0;10,5;21,1;0,0;3,5;0,0;3,5;0,0;0,0;3,5;0,0;0,0;0,0;0,0;0,0;0,0;0,0;177340609;25,6;34,4;34,1;2020-08-16 19:35:06;E10,931202;N48,370023;480,400;300;SW V1-11 (2020-06-17);2019-06-11 14:16:04;original set-up
2020-08-16 21:40:06;SN19009;measure;8,30;6,45;6,03;25549,0;1512,6;312,3;52,6;77,2;91,2;38,6;7,0;14,0;7,0;3,5;0,0;7,0;0,0;0,0;0,0;0,0;0,0;0,0;0,0;0,0;0,0;0,0;0,0;177340609;25,5;34,3;34,3;2020-08-16 19:40:06;E10,931177;N48,369978;478,900;300;SW V1-11 (2020-06-17);2019-06-11 14:16:04;original set-up
2020-08-16 21:45:06;SN19009;measure;8,27;6,80;6,55;27835,3;1505,5;315,8;84,2;91,2;56,1;14,0;3,5;7,0;17,5;3,5;3,5;0,0;0,0;0,0;0,0;0,0;0,0;0,0;0,0;0,0;0,0;0,0;0,0;177340609;25,4;34,2;34,5;2020-08-16 19:45:06;E10,931217;N48,370033;475,200;300;SW V1-11 (2020-06-17);2019-06-11 14:16:04;original set-up
2020-08-16 21:50:06;SN19009;measure;7,87;7,07;6,73;28581,1;1605,0;329,9;72,2;99,7;37,8;27,5;27,5;3,4;3,4;0,0;3,4;0,0;0,0;0,0;0,0;0,0;0,0;0,0;0,0;0,0;0,0;0,0;0,0;177340609;25,4;34,1;34,6;2020-08-16 19:50:06;E10,931302;N48,370005;489,300;300;SW V1-11 (2020-06-17);2019-06-11 14:16:04;original set-up
2020-08-16 21:55:06;SN19009;measure;8,87;7,40;7,09;30103,2;1705,2;399,4;76,4;79,9;45,1;31,3;10,4;3,5;6,9;3,5;3,5;3,5;0,0;0,0;0,0;0,0;0,0;0,0;0,0;0,0;0,0;0,0;0,0;177340609;25,5;34,0;34,9;2020-08-16 19:55:06;E10,931368;N48,369967;476,400;300;SW V1-11 (2020-06-17);2019-06-11 14:16:04;original set-up
2020-08-16 22:00:06;SN19009;measure;7,81;7,18;6,75;28934,2;1605,9;373,5;66,3;104,7;90,8;38,4;10,5;10,5;7,0;0,0;0,0;0,0;0,0;0,0;0,0;0,0;0,0;0,0;0,0;0,0;0,0;0,0;0,0;177340609;25,1;34,0;35,0;2020-08-16 20:00:06;E10,931515;N48,369712;513,000;300;SW V1-11 (2020-06-17);2019-06-11 14:16:04;original set-up
2020-08-16 22:05:06;SN19009;measure;7,60;6,75;6,47;27640,0;1515,4;370,8;103,4;60,6;60,6;21,4;3,6;3,6;10,7;0,0;3,6;0,0;0,0;0,0;0,0;0,0;0,0;0,0;0,0;0,0;0,0;0,0;0,0;177340609;25,2;33,9;35,2;2020-08-16 20:05:06;E10,931130;N48,370067;458,100;300;SW V1-11 (2020-06-17);2019-06-11 14:16:04;original set-up
2020-08-16 22:10:06;SN19009;measure;7,97;6,85;6,43;27517,9;1521,5;333,4;106,4;102,9;67,4;35,5;21,3;7,1;3,5;7,1;0,0;0,0;3,5;0,0;0,0;0,0;0,0;0,0;0,0;0,0;0,0;0,0;0,0;177340609;25,1;33,8;35,3;2020-08-16 20:10:06;E10,931107;N48,369982;466,300;300;SW V1-11 (2020-06-17);2019-06-11 14:16:04;original set-up
2020-08-16 22:15:06;SN19009;measure;10,67;7,87;7,18;30755,7;1982,4;400,1;108,1;133,4;82,9;72,1;36,0;25,2;7,2;18,0;3,6;0,0;0,0;0,0;0,0;0,0;0,0;0,0;0,0;0,0;0,0;0,0;0,0;177340609;25,0;33,7;35,5;2020-08-16 20:15:06;E10,931282;N48,369978;487,100;300;SW V1-11 (2020-06-17);2019-06-11 14:16:04;original set-up
2020-08-16 22:20:06;SN19009;measure;8,69;8,04;7,59;32596,5;1780,4;365,3;131,2;124,1;53,2;35,5;24,8;17,7;0,0;0,0;0,0;0,0;0,0;0,0;0,0;0,0;0,0;0,0;0,0;0,0;0,0;0,0;0,0;177340609;25,1;33,7;35,6;2020-08-16 20:20:06;E10,931283;N48,370015;486,400;300;SW V1-11 (2020-06-17);2019-06-11 14:16:04;original set-up
2020-08-16 22:25:06;SN19009;measure;8,98;8,07;7,60;32754,3;2046,3;398,7;81,1;112,9;77,6;38,8;24,7;14,1;0,0;3,5;0,0;0,0;3,5;0,0;0,0;0,0;0,0;0,0;0,0;0,0;0,0;0,0;0,0;177340609;24,9;33,6;35,8;2020-08-16 20:25:06;E10,931478;N48,369953;485,100;300;SW V1-11 (2020-06-17);2019-06-11 14:16:04;original set-up
2020-08-16 22:30:06;SN19009;measure;9,04;7,55;7,19;30831,6;1936,9;405,7;91,7;112,9;52,9;28,2;10,6;17,6;3,5;10,6;0,0;0,0;3,5;0,0;0,0;0,0;0,0;0,0;0,0;0,0;0,0;0,0;0,0;177340609;25,1;33,5;35,9;2020-08-16 20:30:06;E10,931382;N48,369900;484,700;300;SW V1-11 (2020-06-17);2019-06-11 14:16:04;original set-up
2020-08-16 22:35:06;SN19009;measure;7,87;7,21;6,85;29705,7;1789,7;424,6;126,3;119,3;45,6;21,1;21,1;14,0;3,5;0,0;0,0;0,0;0,0;0,0;0,0;0,0;0,0;0,0;0,0;0,0;0,0;0,0;0,0;177340609;24,6;33,5;35,9;2020-08-16 20:35:06;E10,931345;N48,369980;480,900;300;SW V1-11 (2020-06-17);2019-06-11 14:16:04;original set-up
2020-08-16 22:40:06;SN19009;measure;8,40;7,30;6,89;30147,4;1968,0;387,1;129,0;132,6;60,9;28,7;17,9;17,9;0,0;3,6;3,6;0,0;0,0;0,0;0,0;0,0;0,0;0,0;0,0;0,0;0,0;0,0;0,0;177340609;24,4;33,4;36,2;2020-08-16 20:40:06;E10,931260;N48,369973;480,200;300;SW V1-11 (2020-06-17);2019-06-11 14:16:04;original set-up
2020-08-16 22:45:06;SN19009;measure;8,26;7,31;6,80;29853,5;1784,0;461,1;134,8;117,0;67,4;53,2;17,7;17,7;3,5;3,5;0,0;0,0;0,0;3,5;0,0;0,0;0,0;0,0;0,0;0,0;0,0;0,0;0,0;177340609;24,4;33,4;36,5;2020-08-16 20:45:06;E10,931253;N48,370002;480,500;300;SW V1-11 (2020-06-17);2019-06-11 14:16:04;original set-up
2020-08-16 22:50:06;SN19009;measure;7,87;7,22;6,79;29630,1;1936,8;462,1;127,0;109,4;63,5;38,8;21,2;7,1;0,0;0,0;3,5;0,0;0,0;0,0;0,0;3,5;0,0;0,0;0,0;0,0;0,0;0,0;0,0;177340609;24,6;33,3;36,8;2020-08-16 20:50:06;E10,931202;N48,369947;480,300;300;SW V1-11 (2020-06-17);2019-06-11 14:16:04;original set-up
2020-08-16 22:55:06;SN19009;measure;10,18;8,27;7,85;34361,7;2337,4;448,1;114,7;89,6;57,4;46,6;10,8;10,8;7,2;0,0;3,6;7,2;3,6;0,0;0,0;0,0;0,0;0,0;0,0;0,0;0,0;0,0;0,0;177340609;24,6;33,2;36,9;2020-08-16 20:55:06;E10,931222;N48,369945;485,000;300;SW V1-11 (2020-06-17);2019-06-11 14:16:04;original set-up
2020-08-16 23:00:06;SN19009;measure;11,35;10,23;9,81;42978,0;3035,1;586,9;125,0;118,1;66,0;38,2;10,4;13,9;6,9;0,0;0,0;3,5;0,0;0,0;0,0;0,0;0,0;0,0;0,0;0,0;0,0;0,0;0,0;177340609;24,4;33,2;36,9;2020-08-16 21:00:06;E10,931165;N48,369992;481,400;300;SW V1-11 (2020-06-17);2019-06-11 14:16:04;original set-up
2020-08-16 23:05:06;SN19009;measure;10,52;9,45;9,03;39187,3;2841,6;536,9;133,4;123,1;61,6;27,4;20,5;20,5;10,3;0,0;0,0;0,0;0,0;0,0;0,0;0,0;0,0;0,0;0,0;0,0;0,0;0,0;0,0;177340609;24,6;33,1;37,0;2020-08-16 21:05:06;E10,931225;N48,369880;474,900;300;SW V1-11 (2020-06-17);2019-06-11 14:16:04;original set-up
2020-08-16 23:10:06;SN19009;measure;9,98;8,62;8,09;35209,6;2264,2;479,2;145,9;107,7;72,9;52,1;27,8;10,4;6,9;0,0;6,9;0,0;0,0;0,0;0,0;0,0;0,0;0,0;0,0;0,0;0,0;0,0;0,0;177340609;24,6;33,0;37,1;2020-08-16 21:10:06;E10,931192;N48,369967;477,400;300;SW V1-11 (2020-06-17);2019-06-11 14:16:04;original set-up
2020-08-16 23:15:06;SN19009;measure;10,08;8,26;7,74;33710,1;2332,1;446,9;143,1;122,2;80,3;45,4;14,0;24,4;3,5;10,5;3,5;0,0;0,0;0,0;0,0;0,0;0,0;0,0;0,0;0,0;0,0;0,0;0,0;177340609;24,6;33,0;37,2;2020-08-16 21:15:06;E10,931317;N48,369917;486,900;300;SW V1-11 (2020-06-17);2019-06-11 14:16:04;original set-up
2020-08-16 23:20:06;SN19009;measure;9,00;7,87;7,43;32833,8;1944,5;485,3;150,1;108,2;52,4;52,4;17,5;0,0;7,0;3,5;0,0;3,5;0,0;0,0;0,0;0,0;0,0;0,0;0,0;0,0;0,0;0,0;0,0;177340609;24,2;32,9;37,3;2020-08-16 21:20:06;E10,931150;N48,370072;492,300;300;SW V1-11 (2020-06-17);2019-06-11 14:16:04;original set-up
2020-08-16 23:25:06;SN19009;measure;8,94;7,79;7,35;32818,4;2088,0;442,2;133,4;94,7;84,2;45,6;7,0;7,0;7,0;0,0;7,0;0,0;3,5;0,0;0,0;0,0;0,0;0,0;0,0;0,0;0,0;0,0;0,0;177340609;23,9;32,9;37,5;2020-08-16 21:25:06;E10,931223;N48,370003;486,500;300;SW V1-11 (2020-06-17);2019-06-11 14:16:04;original set-up
2020-08-16 23:30:06;SN19009;measure;9,57;8,14;7,63;34101,6;2211,0;515,9;112,3;140,4;56,2;59,7;17,5;21,1;3,5;3,5;0,0;3,5;0,0;0,0;0,0;0,0;0,0;0,0;0,0;0,0;0,0;0,0;0,0;177340609;24,0;32,8;37,8;2020-08-16 21:30:06;E10,931210;N48,369932;485,400;300;SW V1-11 (2020-06-17);2019-06-11 14:16:04;original set-up
2020-08-16 23:35:06;SN19009;measure;9,01;7,97;7,54;33815,0;2340,7;473,7;87,7;119,3;73,7;42,1;10,5;14,0;10,5;3,5;0,0;0,0;0,0;0,0;0,0;0,0;0,0;0,0;0,0;0,0;0,0;0,0;0,0;177340609;23,9;32,8;38,0;2020-08-16 21:35:06;E10,931437;N48,370090;504,000;300;SW V1-11 (2020-06-17);2019-06-11 14:16:04;original set-up
2020-08-16 23:40:06;SN19009;measure;8,65;7,90;7,51;33791,4;2371,5;505,2;116,9;99,7;48,1;51,6;0,0;13,7;0,0;6,9;0,0;0,0;0,0;0,0;0,0;0,0;0,0;0,0;0,0;0,0;0,0;0,0;0,0;177340609;23,8;32,7;38,1;2020-08-16 21:40:06;E10,931233;N48,370022;493,400;300;SW V1-11 (2020-06-17);2019-06-11 14:16:04;original set-up
2020-08-16 23:45:06;SN19009;measure;9,02;8,36;8,00;35779,1;2639,2;486,2;114,6;93,8;55,6;41,7;6,9;3,5;0,0;3,5;3,5;0,0;0,0;0,0;0,0;0,0;0,0;0,0;0,0;0,0;0,0;0,0;0,0;177340609;24,0;32,7;38,3;2020-08-16 21:45:06;E10,931195;N48,370042;488,800;300;SW V1-11 (2020-06-17);2019-06-11 14:16:04;original set-up
2020-08-16 23:50:06;SN19009;measure;9,68;8,53;8,13;36328,4;2569,4;516,7;122,2;129,2;52,4;31,4;17,5;17,5;3,5;7,0;0,0;0,0;0,0;0,0;0,0;0,0;0,0;0,0;0,0;0,0;0,0;0,0;0,0;177340609;24,0;32,6;38,3;2020-08-16 21:50:06;E10,931193;N48,369890;479,300;300;SW V1-11 (2020-06-17);2019-06-11 14:16:04;original set-up
2020-08-16 23:55:06;SN19009;measure;9,55;8,28;7,81;35477,3;2453,1;494,8;122,8;112,3;70,2;52,6;10,5;14,0;0,0;3,5;7,0;0,0;3,5;0,0;0,0;0,0;0,0;0,0;0,0;0,0;0,0;0,0;0,0;177340609;23,6;32,6;38,3;2020-08-16 21:55:06;E10,931385;N48,369990;492,400;300;SW V1-11 (2020-06-17);2019-06-11 14:16:04;original set-up
