***begin of header***
date&time [local time];serial-no;type;PM10 [ug/m3];PM2.5 [ug/m3];PM1 [ug/m3];0,35 [um];0,46 [um];0,66 [um];1,0 [um];1,3 [um];1,7 [um];2,3 [um];3,0 [um];4,0 [um];5,2 [um];6,5 [um];8,0 [um];10 [um];12 [um];14 [um];16 [um];18 [um];20 [um];22 [um];25 [um];28 [um];31 [um];34 [um];37 [um];serial-OPC;T-out [°C];T-aerosol [°C];rH [%];date&time [UTC];longitude [°];latitude [°];height [m];time-resolution [s];software-version;last calibration [local time];configuration version
***end of header***
2020-08-17 00:00:06;SN19010;measure;9,39;7,83;7,34;33597,4;2027,7;378,2;117,0;132,6;74,1;58,5;3,9;19,5;15,6;7,8;0,0;0,0;0,0;0,0;0,0;0,0;0,0;0,0;0,0;0,0;0,0;0,0;0,0;177340610;22,9;31,9;38,4;2020-08-16 22:00:06;E10,897658;N48,335940;507,200;300;SW V1-11 (2020-06-17);2019-06-11 14:16:04;original set-up
2020-08-17 00:05:06;SN19010;measure;8,80;7,50;7,11;31495,5;1923,2;381,6;88,6;84,8;65,5;38,5;15,4;11,6;3,9;3,9;0,0;3,9;0,0;3,9;0,0;0,0;0,0;0,0;0,0;0,0;0,0;0,0;0,0;177340610;23,3;31,8;37,9;2020-08-16 22:05:06;E10,897662;N48,335938;507,600;300;SW V1-11 (2020-06-17);2019-06-11 14:16:04;original set-up
2020-08-17 00:10:06;SN19010;measure;7,92;6,31;5,90;25938,9;1532,5;362,6;66,3;109,2;70,2;35,1;19,5;15,6;0,0;3,9;3,9;3,9;0,0;0,0;0,0;0,0;0,0;0,0;0,0;0,0;0,0;0,0;0,0;177340610;23,2;31,7;37,4;2020-08-16 22:10:06;E10,897663;N48,335935;507,900;300;SW V1-11 (2020-06-17);2019-06-11 14:16:04;original set-up
2020-08-17 00:15:06;SN19010;measure;6,91;5,34;4,88;20847,9;1194,2;286,3;82,9;79,1;52,7;56,5;7,5;26,4;3,8;3,8;0,0;3,8;0,0;7,5;0,0;0,0;0,0;0,0;0,0;0,0;0,0;0,0;0,0;177340610;23,6;31,6;36,2;2020-08-16 22:15:06;E10,897662;N48,335948;507,800;300;SW V1-11 (2020-06-17);2019-06-11 14:16:04;original set-up
2020-08-17 00:20:06;SN19010;measure;7,69;5,15;4,77;20204,8;1098,7;238,7;68,2;94,7;30,3;45,5;11,4;18,9;7,6;18,9;3,8;0,0;0,0;0,0;0,0;0,0;0,0;0,0;0,0;0,0;0,0;0,0;0,0;177340610;23,5;31,7;35,2;2020-08-16 22:20:06;E10,897662;N48,335975;508,900;300;SW V1-11 (2020-06-17);2019-06-11 14:16:04;original set-up
2020-08-17 00:25:06;SN19010;measure;7,15;5,17;4,76;20054,0;1144,1;252,5;78,9;94,7;55,2;43,4;15,8;7,9;7,9;3,9;0,0;7,9;0,0;0,0;0,0;0,0;0,0;0,0;0,0;0,0;0,0;0,0;0,0;177340610;23,4;31,7;34,8;2020-08-16 22:25:06;E10,897658;N48,335997;509,500;300;SW V1-11 (2020-06-17);2019-06-11 14:16:04;original set-up
2020-08-17 00:30:06;SN19010;measure;5,14;4,74;4,37;18303,5;935,1;284,1;67,1;63,1;39,5;47,3;11,8;11,8;0,0;0,0;0,0;0,0;0,0;0,0;0,0;0,0;0,0;0,0;0,0;0,0;0,0;0,0;0,0;177340610;23,6;31,7;34,4;2020-08-16 22:30:06;E10,897617;N48,336022;512,000;300;SW V1-11 (2020-06-17);2019-06-11 14:16:04;original set-up
2020-08-17 00:35:06;SN19010;measure;4,86;4,19;3,84;16100,1;957,6;224,9;69,8;34,9;54,3;34,9;15,5;7,8;0,0;0,0;3,9;0,0;0,0;0,0;3,9;0,0;0,0;0,0;0,0;0,0;0,0;0,0;0,0;177340610;23,2;31,7;33,8;2020-08-16 22:35:06;E10,897592;N48,336047;524,000;300;SW V1-11 (2020-06-17);2019-06-11 14:16:04;original set-up
2020-08-17 00:40:06;SN19010;measure;5,10;3,82;3,46;14388,8;838,4;152,1;89,7;89,7;35,1;31,2;15,6;19,5;3,9;3,9;0,0;0,0;7,8;0,0;0,0;0,0;0,0;0,0;0,0;0,0;0,0;0,0;0,0;177340610;23,2;31,8;33,3;2020-08-16 22:40:06;E10,897587;N48,336048;523,400;300;SW V1-11 (2020-06-17);2019-06-11 14:16:04;original set-up
2020-08-17 00:45:06;SN19010;measure;5,67;3,72;3,35;13919,5;800,1;243,2;54,9;74,5;27,5;54,9;3,9;11,8;3,9;3,9;7,8;3,9;0,0;0,0;0,0;0,0;0,0;0,0;0,0;0,0;0,0;0,0;0,0;177340610;23,1;31,8;32,9;2020-08-16 22:45:06;E10,897587;N48,336050;522,700;300;SW V1-11 (2020-06-17);2019-06-11 14:16:04;original set-up
2020-08-17 00:55:06;SN19010;measure;4,91;3,82;3,46;14300,0;871,7;297,2;76,3;96,4;40,2;28,1;20,1;16,1;4,0;0,0;4,0;0,0;0,0;0,0;0,0;0,0;0,0;0,0;0,0;0,0;0,0;0,0;0,0;177340610;23,1;31,7;32,9;2020-08-16 22:55:06;E10,897617;N48,336075;522,900;300;SW V1-11 (2020-06-17);2019-06-11 14:16:04;original set-up
2020-08-17 01:00:06;SN19010;measure;5,37;3,67;3,39;14117,9;829,5;234,2;55,6;55,6;31,8;15,9;27,8;7,9;19,8;4,0;0,0;0,0;4,0;0,0;0,0;0,0;0,0;0,0;0,0;0,0;0,0;0,0;0,0;177340610;23,0;31,7;33,0;2020-08-16 23:00:06;E10,897585;N48,336062;511,800;300;SW V1-11 (2020-06-17);2019-06-11 14:16:04;original set-up
2020-08-17 01:05:06;SN19010;measure;6,03;3,69;3,37;13894,7;766,0;265,9;75,4;83,3;35,7;31,8;7,9;15,9;15,9;0,0;7,9;4,0;0,0;0,0;0,0;0,0;0,0;0,0;0,0;0,0;0,0;0,0;0,0;177340610;23,1;31,7;32,7;2020-08-16 23:05:06;E10,897695;N48,336187;536,700;300;SW V1-11 (2020-06-17);2019-06-11 14:16:04;original set-up
2020-08-17 01:10:06;SN19010;measure;4,67;3,81;3,54;14803,0;824,4;234,4;80,8;72,7;40,4;16,2;16,2;8,1;12,1;0,0;0,0;0,0;0,0;0,0;0,0;0,0;0,0;0,0;0,0;0,0;0,0;0,0;0,0;177340610;22,7;31,7;32,8;2020-08-16 23:10:06;E10,897762;N48,336152;530,700;300;SW V1-11 (2020-06-17);2019-06-11 14:16:04;original set-up
2020-08-17 01:15:06;SN19010;measure;5,84;3,66;3,39;14138,6;882,4;255,5;63,9;75,9;27,9;27,9;12,0;4,0;8,0;8,0;0,0;8,0;0,0;0,0;0,0;0,0;0,0;0,0;0,0;0,0;0,0;0,0;0,0;177340610;22,8;31,7;32,8;2020-08-16 23:15:06;E10,897665;N48,336160;525,100;300;SW V1-11 (2020-06-17);2019-06-11 14:16:04;original set-up
2020-08-17 01:20:06;SN19010;measure;5,08;3,71;3,51;14656,7;746,1;222,3;47,6;63,5;27,8;15,9;7,9;4,0;4,0;0,0;11,9;0,0;0,0;0,0;0,0;4,0;0,0;0,0;0,0;0,0;0,0;0,0;0,0;177340610;22,9;31,7;32,9;2020-08-16 23:20:06;E10,897673;N48,336108;528,600;300;SW V1-11 (2020-06-17);2019-06-11 14:16:04;original set-up
2020-08-17 01:25:06;SN19010;measure;5,89;3,85;3,51;14563,1;927,2;221,0;75,0;90,7;31,6;31,6;23,7;3,9;15,8;0,0;0,0;7,9;0,0;0,0;0,0;0,0;0,0;0,0;0,0;0,0;0,0;0,0;0,0;177340610;22,9;31,7;33,0;2020-08-16 23:25:06;E10,897650;N48,336088;526,300;300;SW V1-11 (2020-06-17);2019-06-11 14:16:04;original set-up
2020-08-17 01:30:06;SN19010;measure;5,90;4,24;3,93;16456,9;903,5;248,6;63,1;98,6;39,5;31,6;7,9;7,9;11,8;7,9;3,9;0,0;0,0;0,0;0,0;0,0;3,9;0,0;0,0;0,0;0,0;0,0;0,0;177340610;22,9;31,6;33,3;2020-08-16 23:30:06;E10,897635;N48,336065;523,800;300;SW V1-11 (2020-06-17);2019-06-11 14:16:04;original set-up
2020-08-17 01:35:06;SN19010;measure;4,88;4,23;3,97;16766,9;1070,0;217,1;62,0;73,7;54,3;19,4;3,9;7,8;3,9;3,9;0,0;0,0;0,0;0,0;0,0;0,0;0,0;0,0;0,0;0,0;0,0;0,0;0,0;177340610;22,7;31,6;33,7;2020-08-16 23:35:06;E10,897640;N48,336053;522,200;300;SW V1-11 (2020-06-17);2019-06-11 14:16:04;original set-up
2020-08-17 01:40:06;SN19010;measure;6,72;4,52;4,15;17564,4;1058,1;223,6;67,9;95,8;39,9;31,9;27,9;12,0;12,0;4,0;4,0;4,0;0,0;0,0;0,0;0,0;0,0;0,0;0,0;0,0;0,0;0,0;0,0;177340610;22,6;31,6;33,7;2020-08-16 23:40:06;E10,897645;N48,336042;519,400;300;SW V1-11 (2020-06-17);2019-06-11 14:16:04;original set-up
2020-08-17 01:45:06;SN19010;measure;5,36;4,38;4,07;17218,7;904,6;304,1;78,0;97,5;39,0;27,3;11,7;11,7;11,7;0,0;0,0;0,0;3,9;0,0;0,0;0,0;0,0;0,0;0,0;0,0;0,0;0,0;0,0;177340610;22,6;31,6;33,7;2020-08-16 23:45:06;E10,897617;N48,336025;517,700;300;SW V1-11 (2020-06-17);2019-06-11 14:16:04;original set-up
2020-08-17 01:50:06;SN19010;measure;4,88;4,31;3,96;16708,5;1106,2;242,8;57,8;73,2;54,0;38,5;7,7;7,7;7,7;0,0;0,0;0,0;0,0;0,0;0,0;0,0;0,0;0,0;0,0;0,0;0,0;0,0;0,0;177340610;22,6;31,5;33,7;2020-08-16 23:50:06;E10,897603;N48,336012;517,100;300;SW V1-11 (2020-06-17);2019-06-11 14:16:04;original set-up
2020-08-17 01:55:06;SN19010;measure;5,56;4,73;4,31;18198,6;990,5;319,8;81,9;93,6;62,4;35,1;19,5;15,6;0,0;3,9;0,0;0,0;0,0;0,0;0,0;0,0;0,0;0,0;0,0;0,0;0,0;0,0;0,0;177340610;22,6;31,4;33,9;2020-08-16 23:55:06;E10,897595;N48,336003;516,500;300;SW V1-11 (2020-06-17);2019-06-11 14:16:04;original set-up
2020-08-17 02:00:06;SN19010;measure;6,92;4,86;4,51;19125,6;1189,9;295,5;67,9;95,8;35,9;35,9;12,0;16,0;4,0;0,0;8,0;4,0;8,0;0,0;0,0;0,0;0,0;0,0;0,0;0,0;0,0;0,0;0,0;177340610;22,6;31,4;34,2;2020-08-17 00:00:06;E10,897602;N48,336002;515,800;300;SW V1-11 (2020-06-17);2019-06-11 14:16:04;original set-up
2020-08-17 02:05:06;SN19010;measure;6,13;4,97;4,67;19961,6;1111,2;273,8;75,4;91,3;35,7;23,8;19,8;7,9;4,0;4,0;4,0;0,0;0,0;0,0;0,0;0,0;0,0;0,0;0,0;0,0;0,0;0,0;0,0;177340610;22,4;31,3;34,5;2020-08-17 00:05:06;E10,897600;N48,335995;515,400;300;SW V1-11 (2020-06-17);2019-06-11 14:16:04;original set-up
2020-08-17 02:10:06;SN19010;measure;6,47;5,53;5,18;22312,2;1271,7;352,8;81,4;58,2;42,6;31,0;19,4;19,4;7,8;0,0;0,0;0,0;0,0;0,0;0,0;0,0;0,0;0,0;0,0;0,0;0,0;0,0;0,0;177340610;22,3;31,3;34,8;2020-08-17 00:10:06;E10,897598;N48,335977;515,400;300;SW V1-11 (2020-06-17);2019-06-11 14:16:04;original set-up
2020-08-17 02:15:06;SN19010;measure;6,82;6,04;5,62;24505,2;1470,8;411,8;109,8;105,9;86,3;31,4;15,7;3,9;0,0;7,8;0,0;0,0;0,0;0,0;0,0;0,0;0,0;0,0;0,0;0,0;0,0;0,0;0,0;177340610;22,1;31,2;35,4;2020-08-17 00:15:06;E10,897607;N48,335968;515,100;300;SW V1-11 (2020-06-17);2019-06-11 14:16:04;original set-up
2020-08-17 02:20:06;SN19010;measure;8,21;6,58;6,17;27215,5;1680,5;308,3;142,6;88,6;54,0;30,8;15,4;27,0;3,9;3,9;0,0;3,9;0,0;0,0;0,0;0,0;0,0;0,0;0,0;0,0;0,0;0,0;0,0;177340610;22,0;31,2;36,0;2020-08-17 00:20:06;E10,897608;N48,335967;514,900;300;SW V1-11 (2020-06-17);2019-06-11 14:16:04;original set-up
2020-08-17 02:25:06;SN19010;measure;7,61;6,79;6,50;28795,3;1817,0;382,1;117,0;85,8;70,2;11,7;15,6;3,9;7,8;3,9;0,0;0,0;0,0;0,0;0,0;0,0;0,0;0,0;0,0;0,0;0,0;0,0;0,0;177340610;22,0;31,1;36,5;2020-08-17 00:25:06;E10,897607;N48,335965;514,700;300;SW V1-11 (2020-06-17);2019-06-11 14:16:04;original set-up
2020-08-17 02:30:06;SN19010;measure;8,41;7,11;6,68;29805,6;1992,7;393,1;100,2;127,2;92,5;30,8;7,7;23,1;3,9;3,9;3,9;0,0;0,0;3,9;0,0;0,0;0,0;0,0;0,0;0,0;0,0;0,0;0,0;177340610;21,9;31,0;37,0;2020-08-17 00:30:06;E10,897607;N48,335962;514,500;300;SW V1-11 (2020-06-17);2019-06-11 14:16:04;original set-up
2020-08-17 02:35:06;SN19010;measure;8,37;7,16;6,77;30442,9;1908,4;410,0;76,6;103,5;57,5;42,2;11,5;15,3;0,0;11,5;0,0;0,0;0,0;0,0;0,0;0,0;0,0;0,0;0,0;0,0;0,0;0,0;0,0;177340610;21,9;30,9;37,3;2020-08-17 00:35:06;E10,897607;N48,335962;514,300;300;SW V1-11 (2020-06-17);2019-06-11 14:16:04;original set-up
2020-08-17 02:40:06;SN19010;measure;8,73;7,48;7,08;32192,1;2174,6;430,3;186,1;108,5;62,0;31,0;11,6;15,5;7,8;7,8;0,0;0,0;0,0;0,0;0,0;0,0;0,0;0,0;0,0;0,0;0,0;0,0;0,0;177340610;21,6;30,8;37,6;2020-08-17 00:40:06;E10,897608;N48,335960;513,900;300;SW V1-11 (2020-06-17);2019-06-11 14:16:04;original set-up
2020-08-17 02:45:06;SN19010;measure;7,00;6,57;6,20;29103,5;1716,9;333,4;92,0;88,1;49,8;46,0;11,5;11,5;0,0;0,0;0,0;0,0;3,8;0,0;0,0;0,0;0,0;0,0;0,0;0,0;0,0;0,0;0,0;177340610;21,2;30,8;38,2;2020-08-17 00:45:06;E10,897613;N48,335960;513,700;300;SW V1-11 (2020-06-17);2019-06-11 14:16:04;original set-up
2020-08-17 02:50:06;SN19010;measure;7,40;5,96;5,49;25860,9;1665,1;339,2;117,0;101,4;42,9;50,7;19,5;42,9;3,9;3,9;0,0;0,0;0,0;0,0;0,0;0,0;0,0;0,0;0,0;0,0;0,0;0,0;0,0;177340610;20,8;30,6;37,9;2020-08-17 00:50:06;E10,897610;N48,335953;513,600;300;SW V1-11 (2020-06-17);2019-06-11 14:16:04;original set-up
2020-08-17 02:55:06;SN19010;measure;7,17;5,64;5,23;24212,7;1506,2;368,7;125,5;86,3;54,9;35,3;27,5;19,6;3,9;3,9;0,0;3,9;0,0;0,0;0,0;0,0;0,0;0,0;0,0;0,0;0,0;0,0;0,0;177340610;21,1;30,5;38,2;2020-08-17 00:55:06;E10,897607;N48,335958;513,300;300;SW V1-11 (2020-06-17);2019-06-11 14:16:04;original set-up
2020-08-17 03:00:06;SN19010;measure;7,28;5,41;4,98;23432,1;1514,0;360,9;90,2;82,4;66,7;54,9;11,8;15,7;0,0;3,9;15,7;0,0;0,0;0,0;0,0;0,0;0,0;0,0;0,0;0,0;0,0;0,0;0,0;177340610;20,7;30,3;38,3;2020-08-17 01:00:06;E10,897608;N48,335967;513,600;300;SW V1-11 (2020-06-17);2019-06-11 14:16:04;original set-up
2020-08-17 03:05:06;SN19010;measure;8,31;5,32;4,85;23066,7;1576,3;443,2;104,1;131,0;73,2;46,2;19,3;27,0;3,9;23,1;7,7;0,0;3,9;0,0;0,0;0,0;0,0;0,0;0,0;0,0;0,0;0,0;0,0;177340610;20,4;30,2;38,7;2020-08-17 01:05:06;E10,897622;N48,335972;513,600;300;SW V1-11 (2020-06-17);2019-06-11 14:16:04;original set-up
2020-08-17 03:10:06;SN19010;measure;7,60;5,42;4,94;23691,3;1711,7;487,4;105,3;117,0;74,1;62,4;15,6;7,8;7,8;11,7;11,7;0,0;0,0;0,0;0,0;0,0;0,0;0,0;0,0;0,0;0,0;0,0;0,0;177340610;20,3;30,0;39,2;2020-08-17 01:10:06;E10,897613;N48,335985;514,200;300;SW V1-11 (2020-06-17);2019-06-11 14:16:04;original set-up
2020-08-17 03:15:06;SN19010;measure;7,95;5,56;5,08;24239,9;1495,5;389,3;158,0;115,6;92,5;46,3;15,4;15,4;0,0;0,0;11,6;7,7;7,7;0,0;0,0;0,0;0,0;0,0;0,0;0,0;0,0;0,0;0,0;177340610;20,4;29,8;39,5;2020-08-17 01:15:06;E10,897610;N48,335995;515,100;300;SW V1-11 (2020-06-17);2019-06-11 14:16:04;original set-up
2020-08-17 03:20:06;SN19010;measure;6,97;5,55;5,14;24527,3;1575,4;401,6;128,7;120,9;42,9;42,9;23,4;19,5;7,8;3,9;3,9;0,0;0,0;0,0;0,0;0,0;0,0;0,0;0,0;0,0;0,0;0,0;0,0;177340610;20,3;29,6;39,8;2020-08-17 01:20:06;E10,897620;N48,336007;515,500;300;SW V1-11 (2020-06-17);2019-06-11 14:16:04;original set-up
2020-08-17 03:25:06;SN19010;measure;6,44;5,44;5,21;25165,8;1714,1;419,7;90,2;109,8;35,3;19,6;3,9;11,8;3,9;7,8;0,0;0,0;3,9;0,0;0,0;0,0;0,0;0,0;0,0;0,0;0,0;0,0;0,0;177340610;20,1;29,4;39,9;2020-08-17 01:25:06;E10,897622;N48,336015;515,500;300;SW V1-11 (2020-06-17);2019-06-11 14:16:04;original set-up
2020-08-17 03:30:06;SN19010;measure;6,66;5,49;5,17;25114,8;1615,0;373,9;80,9;84,8;65,5;27,0;19,3;7,7;7,7;0,0;7,7;0,0;0,0;0,0;0,0;0,0;0,0;0,0;0,0;0,0;0,0;3,9;0,0;177340610;20,0;29,3;40,2;2020-08-17 01:30:06;E10,897618;N48,336020;515,500;300;SW V1-11 (2020-06-17);2019-06-11 14:16:04;original set-up
2020-08-17 03:35:06;SN19010;measure;6,06;5,28;4,85;23784,8;1516,8;386,0;136,5;89,7;46,8;70,2;7,8;11,7;0,0;7,8;0,0;0,0;0,0;0,0;0,0;0,0;0,0;0,0;0,0;0,0;0,0;0,0;0,0;177340610;19,8;29,2;40,5;2020-08-17 01:35:06;E10,897622;N48,336023;516,000;300;SW V1-11 (2020-06-17);2019-06-11 14:16:04;original set-up
2020-08-17 03:40:06;SN19010;measure;5,65;4,93;4,58;22447,6;1549,0;426,6;145,0;140,8;58,0;29,0;8,3;20,7;0,0;4,1;0,0;0,0;0,0;0,0;4,1;0,0;0,0;0,0;0,0;0,0;0,0;0,0;0,0;177340610;19,6;29,0;40,5;2020-08-17 01:40:06;E10,897627;N48,336027;516,200;300;SW V1-11 (2020-06-17);2019-06-11 14:16:04;original set-up
2020-08-17 03:45:06;SN19010;measure;6,30;4,88;4,58;21982,4;1683,4;378,7;98,8;164,6;49,4;16,5;4,1;28,8;8,2;8,2;0,0;0,0;0,0;0,0;0,0;0,0;0,0;0,0;0,0;0,0;0,0;0,0;0,0;177340610;19,8;28,8;40,5;2020-08-17 01:45:06;E10,897635;N48,336035;516,500;300;SW V1-11 (2020-06-17);2019-06-11 14:16:04;original set-up
2020-08-17 03:50:06;SN19010;measure;6,15;5,02;4,64;21949,4;1485,8;465,1;172,9;111,1;61,7;32,9;8,2;24,7;8,2;4,1;0,0;0,0;0,0;0,0;0,0;0,0;0,0;0,0;0,0;0,0;0,0;0,0;0,0;177340610;19,9;28,7;40,9;2020-08-17 01:50:06;E10,897660;N48,336045;516,700;300;SW V1-11 (2020-06-17);2019-06-11 14:16:04;original set-up
2020-08-17 03:55:06;SN19010;measure;6,98;4,93;4,49;21051,2;1566,8;306,8;118,6;130,9;40,9;57,3;16,4;16,4;0,0;0,0;8,2;8,2;0,0;0,0;0,0;0,0;0,0;0,0;0,0;0,0;0,0;0,0;0,0;177340610;20,1;28,5;40,9;2020-08-17 01:55:06;E10,897660;N48,336043;517,200;300;SW V1-11 (2020-06-17);2019-06-11 14:16:04;original set-up
2020-08-17 04:00:06;SN19010;measure;6,32;4,63;4,19;19441,6;1401,9;445,9;108,5;124,5;76,3;36,2;20,1;24,1;12,1;4,0;4,0;0,0;0,0;4,0;0,0;0,0;0,0;0,0;0,0;0,0;0,0;0,0;0,0;177340610;20,2;28,5;41,0;2020-08-17 02:00:06;E10,897662;N48,336048;517,900;300;SW V1-11 (2020-06-17);2019-06-11 14:16:04;original set-up
2020-08-17 04:05:06;SN19010;measure;6,06;4,35;4,01;18908,7;1333,5;367,3;79,9;71,9;63,9;24,0;20,0;24,0;20,0;0,0;4,0;0,0;0,0;0,0;0,0;0,0;0,0;0,0;0,0;0,0;0,0;0,0;0,0;177340610;20,0;28,5;41,0;2020-08-17 02:05:06;E10,897680;N48,336053;518,200;300;SW V1-11 (2020-06-17);2019-06-11 14:16:04;original set-up
2020-08-17 04:10:06;SN19010;measure;5,28;4,46;4,04;19110,8;1403,6;296,4;86,4;111,1;65,9;45,3;12,3;20,6;8,2;0,0;0,0;0,0;0,0;0,0;0,0;0,0;0,0;0,0;0,0;0,0;0,0;0,0;0,0;177340610;19,9;28,5;40,9;2020-08-17 02:10:06;E10,897750;N48,336217;542,000;300;SW V1-11 (2020-06-17);2019-06-11 14:16:04;original set-up
2020-08-17 04:15:06;SN19010;measure;5,59;4,47;4,13;19473,3;1398,2;343,5;113,1;141,4;52,5;36,4;12,1;4,0;4,0;12,1;0,0;0,0;0,0;0,0;0,0;0,0;0,0;0,0;0,0;0,0;0,0;0,0;0,0;177340610;19,9;28,5;40,9;2020-08-17 02:15:06;E10,897610;N48,336078;547,200;300;SW V1-11 (2020-06-17);2019-06-11 14:16:04;original set-up
2020-08-17 04:20:06;SN19010;measure;4,82;4,28;3,95;18645,6;1230,1;327,2;128,4;103,5;58,0;29,0;16,6;4,1;8,3;0,0;0,0;0,0;0,0;4,1;0,0;0,0;0,0;0,0;0,0;0,0;0,0;0,0;0,0;177340610;19,9;28,5;40,9;2020-08-17 02:20:06;E10,897625;N48,336085;545,300;300;SW V1-11 (2020-06-17);2019-06-11 14:16:04;original set-up
2020-08-17 04:25:06;SN19010;measure;5,83;4,07;3,76;17705,8;1442,6;318,7;67,1;163,6;71,3;12,6;8,4;25,2;4,2;8,4;0,0;4,2;0,0;0,0;0,0;0,0;0,0;0,0;0,0;0,0;0,0;0,0;0,0;177340610;19,8;28,4;40,9;2020-08-17 02:25:06;E10,897642;N48,336085;542,600;300;SW V1-11 (2020-06-17);2019-06-11 14:16:04;original set-up
2020-08-17 04:30:06;SN19010;measure;5,50;4,24;3,88;18293,6;1282,9;362,9;97,1;113,9;59,1;42,2;12,7;4,2;4,2;4,2;8,4;0,0;0,0;0,0;0,0;0,0;0,0;0,0;0,0;0,0;0,0;0,0;0,0;177340610;19,8;28,3;40,9;2020-08-17 02:30:06;E10,897673;N48,336008;510,000;300;SW V1-11 (2020-06-17);2019-06-11 14:16:04;original set-up
2020-08-17 04:35:06;SN19010;measure;5,31;4,29;3,82;18121,3;1210,4;322,8;123,2;76,4;84,9;51,0;25,5;8,5;17,0;0,0;0,0;0,0;0,0;0,0;0,0;0,0;0,0;0,0;0,0;4,2;0,0;0,0;0,0;177340610;19,7;28,3;41,0;2020-08-17 02:35:06;E10,897670;N48,335958;501,900;300;SW V1-11 (2020-06-17);2019-06-11 14:16:04;original set-up
2020-08-17 04:40:06;SN19010;measure;6,30;4,27;3,88;18518,7;1197,8;390,8;110,4;72,2;46,7;51,0;8,5;21,2;12,7;4,2;4,2;4,2;0,0;0,0;0,0;0,0;0,0;0,0;0,0;0,0;0,0;0,0;0,0;177340610;19,6;28,3;41,2;2020-08-17 02:40:06;E10,897608;N48,335930;505,100;300;SW V1-11 (2020-06-17);2019-06-11 14:16:04;original set-up
2020-08-17 04:45:06;SN19010;measure;5,90;4,15;3,68;17532,2;1329,4;369,5;84,9;106,2;72,2;55,2;17,0;25,5;12,7;0,0;8,5;0,0;0,0;0,0;0,0;0,0;0,0;0,0;0,0;0,0;0,0;0,0;0,0;177340610;19,6;28,2;41,3;2020-08-17 02:45:06;E10,897613;N48,335927;504,000;300;SW V1-11 (2020-06-17);2019-06-11 14:16:04;original set-up
2020-08-17 04:50:06;SN19010;measure;5,73;4,03;3,65;17552,3;1154,3;320,9;129,2;112,5;58,3;33,3;16,7;20,8;0,0;8,3;8,3;0,0;0,0;0,0;0,0;0,0;0,0;0,0;0,0;0,0;0,0;0,0;0,0;177340610;19,5;28,2;41,5;2020-08-17 02:50:06;E10,897627;N48,335928;503,200;300;SW V1-11 (2020-06-17);2019-06-11 14:16:04;original set-up
2020-08-17 04:55:06;SN19010;measure;4,43;4,16;3,69;17656,4;1295,5;384,0;151,9;109,7;76,0;50,6;29,5;0,0;0,0;0,0;0,0;0,0;0,0;0,0;4,2;0,0;0,0;0,0;0,0;0,0;0,0;0,0;0,0;177340610;19,5;28,1;41,7;2020-08-17 02:55:06;E10,897638;N48,335937;502,300;300;SW V1-11 (2020-06-17);2019-06-11 14:16:04;original set-up
2020-08-17 05:00:06;SN19010;measure;5,06;3,79;3,45;16633,4;1305,1;386,3;81,3;113,8;73,2;16,3;20,3;20,3;4,1;4,1;4,1;0,0;0,0;0,0;0,0;0,0;0,0;0,0;0,0;0,0;0,0;0,0;0,0;177340610;19,4;28,0;41,8;2020-08-17 03:00:06;E10,897637;N48,335942;501,500;300;SW V1-11 (2020-06-17);2019-06-11 14:16:04;original set-up
2020-08-17 05:05:06;SN19010;measure;5,11;3,85;3,47;16975,7;1026,7;282,2;98,2;94,1;69,5;32,7;24,5;12,3;0,0;8,2;4,1;0,0;0,0;0,0;0,0;0,0;0,0;0,0;0,0;0,0;0,0;0,0;0,0;177340610;19,4;28,0;42,0;2020-08-17 03:05:06;E10,897648;N48,335952;501,300;300;SW V1-11 (2020-06-17);2019-06-11 14:16:04;original set-up
2020-08-17 05:10:06;SN19010;measure;4,71;3,99;3,44;16778,4;1212,7;329,2;87,5;137,5;112,5;66,7;20,8;12,5;8,3;0,0;0,0;0,0;0,0;0,0;0,0;0,0;0,0;0,0;0,0;0,0;0,0;0,0;0,0;177340610;19,2;27,9;42,1;2020-08-17 03:10:06;E10,897647;N48,335958;500,600;300;SW V1-11 (2020-06-17);2019-06-11 14:16:04;original set-up
2020-08-17 05:15:06;SN19010;measure;5,20;3,85;3,37;16396,7;1105,8;314,8;145,0;136,7;82,8;53,8;4,1;29,0;4,1;0,0;8,3;0,0;0,0;0,0;0,0;0,0;0,0;0,0;0,0;0,0;0,0;0,0;0,0;177340610;19,3;27,9;42,3;2020-08-17 03:15:06;E10,897657;N48,335965;500,000;300;SW V1-11 (2020-06-17);2019-06-11 14:16:04;original set-up
2020-08-17 05:20:06;SN19010;measure;5,18;3,80;3,39;16661,6;1157,5;360,7;130,0;125,8;88,1;46,1;4,2;12,6;12,6;0,0;0,0;4,2;8,4;0,0;0,0;0,0;0,0;0,0;0,0;0,0;0,0;0,0;0,0;177340610;19,1;27,8;42,5;2020-08-17 03:20:06;E10,897658;N48,335970;500,200;300;SW V1-11 (2020-06-17);2019-06-11 14:16:04;original set-up
2020-08-17 05:25:06;SN19010;measure;4,33;3,55;3,17;15678,2;1131,0;299,6;84,4;151,9;67,5;29,5;29,5;4,2;12,7;0,0;0,0;0,0;0,0;0,0;0,0;0,0;0,0;0,0;0,0;0,0;0,0;0,0;0,0;177340610;19,1;27,7;42,7;2020-08-17 03:25:06;E10,897668;N48,335975;500,400;300;SW V1-11 (2020-06-17);2019-06-11 14:16:04;original set-up
2020-08-17 05:30:06;SN19010;measure;5,18;3,94;3,40;16960,6;1171,0;341,7;129,2;112,5;95,8;54,2;29,2;29,2;4,2;0,0;4,2;0,0;0,0;0,0;0,0;0,0;0,0;4,2;0,0;0,0;0,0;0,0;0,0;177340610;19,0;27,7;43,0;2020-08-17 03:30:06;E10,897670;N48,335982;500,800;300;SW V1-11 (2020-06-17);2019-06-11 14:16:04;original set-up
2020-08-17 05:35:06;SN19010;measure;4,74;3,62;3,19;15886,9;1243,0;333,4;119,4;131,7;74,1;49,4;16,5;8,2;8,2;4,1;4,1;0,0;0,0;4,1;0,0;0,0;0,0;0,0;0,0;0,0;0,0;0,0;0,0;177340610;19,0;27,6;43,2;2020-08-17 03:35:06;E10,897677;N48,335990;501,700;300;SW V1-11 (2020-06-17);2019-06-11 14:16:04;original set-up
2020-08-17 05:40:06;SN19010;measure;4,36;3,64;3,12;15653,3;1206,0;391,0;139,9;90,6;65,9;74,1;28,8;12,3;0,0;4,1;0,0;0,0;0,0;0,0;0,0;0,0;0,0;0,0;0,0;0,0;0,0;0,0;0,0;177340610;18,9;27,5;43,4;2020-08-17 03:40:06;E10,897688;N48,336002;502,400;300;SW V1-11 (2020-06-17);2019-06-11 14:16:04;original set-up
2020-08-17 05:45:06;SN19010;measure;5,14;3,61;3,16;15935,0;1094,5;339,7;117,4;167,7;62,9;54,5;25,2;4,2;8,4;8,4;0,0;4,2;0,0;0,0;0,0;0,0;0,0;0,0;0,0;0,0;0,0;0,0;0,0;177340610;18,9;27,4;43,6;2020-08-17 03:45:06;E10,897552;N48,336088;505,000;300;SW V1-11 (2020-06-17);2019-06-11 14:16:04;original set-up
2020-08-17 05:50:06;SN19010;measure;4,70;3,51;3,11;15924,5;1167,9;356,2;120,1;140,8;66,3;37,3;29,0;12,4;4,1;0,0;8,3;0,0;0,0;0,0;0,0;0,0;0,0;0,0;0,0;0,0;0,0;0,0;0,0;177340610;18,7;27,4;43,8;2020-08-17 03:50:06;E10,897632;N48,336078;505,500;300;SW V1-11 (2020-06-17);2019-06-11 14:16:04;original set-up
2020-08-17 05:55:06;SN19010;measure;4,31;3,53;3,20;16225,5;1174,2;369,0;100,6;130,0;58,7;33,5;12,6;12,6;4,2;0,0;4,2;0,0;0,0;0,0;0,0;0,0;0,0;0,0;0,0;0,0;0,0;0,0;0,0;177340610;18,9;27,4;44,0;2020-08-17 03:55:06;E10,897617;N48,336068;506,100;300;SW V1-11 (2020-06-17);2019-06-11 14:16:04;original set-up
2020-08-17 06:00:06;SN19010;measure;4,02;3,42;3,07;15640,3;1202,8;362,9;151,9;97,1;59,1;38,0;8,4;21,1;4,2;0,0;0,0;0,0;0,0;0,0;0,0;0,0;0,0;0,0;0,0;0,0;0,0;0,0;0,0;177340610;18,8;27,3;44,1;2020-08-17 04:00:06;E10,897622;N48,336063;506,700;300;SW V1-11 (2020-06-17);2019-06-11 14:16:04;original set-up
2020-08-17 06:05:06;SN19010;measure;3,80;3,41;3,11;16068,8;1071,0;295,9;129,2;158,4;41,7;29,2;12,5;8,3;4,2;0,0;0,0;0,0;0,0;0,0;0,0;0,0;0,0;0,0;0,0;0,0;0,0;0,0;0,0;177340610;18,7;27,3;44,4;2020-08-17 04:05:06;E10,897623;N48,336083;533,600;300;SW V1-11 (2020-06-17);2019-06-11 14:16:04;original set-up
2020-08-17 06:10:06;SN19010;measure;4,61;3,45;3,02;15498,9;1149,0;314,5;109,0;113,2;71,3;54,5;21,0;16,8;4,2;4,2;4,2;0,0;0,0;0,0;0,0;0,0;0,0;0,0;0,0;0,0;0,0;0,0;0,0;177340610;18,8;27,3;44,5;2020-08-17 04:10:06;E10,897563;N48,335983;516,900;300;SW V1-11 (2020-06-17);2019-06-11 14:16:04;original set-up
2020-08-17 06:15:06;SN19010;measure;4,43;3,11;2,76;14302,4;1152,1;375,6;118,2;147,7;92,8;12,7;25,3;16,9;8,4;4,2;4,2;0,0;0,0;0,0;0,0;0,0;0,0;0,0;0,0;0,0;0,0;0,0;0,0;177340610;18,6;27,2;44,6;2020-08-17 04:15:06;E10,897482;N48,336023;533,400;300;SW V1-11 (2020-06-17);2019-06-11 14:16:04;original set-up
2020-08-17 06:20:06;SN19010;measure;4,19;3,18;2,83;14554,1;1161,7;343,6;167,7;114,5;45,0;36,8;20,5;8,2;12,3;0,0;4,1;0,0;0,0;0,0;0,0;0,0;0,0;0,0;0,0;0,0;0,0;0,0;0,0;177340610;18,7;27,2;44,6;2020-08-17 04:20:06;E10,897492;N48,336007;532,200;300;SW V1-11 (2020-06-17);2019-06-11 14:16:04;original set-up
2020-08-17 06:25:06;SN19010;measure;3,91;3,03;2,69;14261,2;1071,0;383,4;79,2;133,4;66,7;37,5;20,8;4,2;12,5;4,2;0,0;0,0;0,0;0,0;0,0;0,0;0,0;0,0;0,0;0,0;0,0;0,0;0,0;177340610;18,4;27,2;44,8;2020-08-17 04:25:06;E10,897495;N48,335985;530,800;300;SW V1-11 (2020-06-17);2019-06-11 14:16:04;original set-up
2020-08-17 06:30:06;SN19010;measure;4,12;3,08;2,70;14259,6;1114,1;335,5;107,7;116,0;82,8;33,1;20,7;20,7;8,3;4,1;0,0;0,0;0,0;0,0;0,0;0,0;0,0;0,0;0,0;0,0;0,0;0,0;0,0;177340610;18,4;27,1;44,8;2020-08-17 04:30:06;E10,897715;N48,335980;506,100;300;SW V1-11 (2020-06-17);2019-06-11 14:16:04;original set-up
2020-08-17 06:35:06;SN19010;measure;3,69;3,02;2,65;13997,7;1128,0;293,5;121,6;79,7;54,5;41,9;37,7;4,2;0,0;0,0;4,2;0,0;0,0;0,0;0,0;0,0;0,0;0,0;0,0;0,0;0,0;0,0;0,0;177340610;18,4;27,1;45,0;2020-08-17 04:35:06;E10,897640;N48,335922;508,800;300;SW V1-11 (2020-06-17);2019-06-11 14:16:04;original set-up
2020-08-17 06:40:06;SN19010;measure;3,25;2,89;2,52;13361,3;1034,0;312,3;88,6;118,2;76,0;42,2;16,9;12,7;0,0;0,0;0,0;0,0;0,0;0,0;0,0;0,0;0,0;0,0;0,0;0,0;0,0;0,0;0,0;177340610;18,4;27,0;45,1;2020-08-17 04:40:06;E10,897622;N48,336107;515,400;300;SW V1-11 (2020-06-17);2019-06-11 14:16:04;original set-up
2020-08-17 06:45:06;SN19010;measure;3,31;2,87;2,57;13522,9;1010,8;322,8;84,9;110,4;34,0;34,0;17,0;17,0;0,0;0,0;0,0;0,0;0,0;0,0;0,0;0,0;0,0;0,0;0,0;0,0;0,0;0,0;0,0;177340610;18,6;27,0;45,2;2020-08-17 04:45:06;E10,897627;N48,335960;513,300;300;SW V1-11 (2020-06-17);2019-06-11 14:16:04;original set-up
2020-08-17 06:50:06;SN19010;measure;3,66;2,84;2,45;12779,6;1070,3;361,0;127,4;101,9;72,2;51,0;12,7;12,7;0,0;8,5;0,0;0,0;0,0;0,0;0,0;0,0;0,0;0,0;0,0;0,0;0,0;0,0;0,0;177340610;18,6;27,0;45,3;2020-08-17 04:50:06;E10,897573;N48,335950;524,100;300;SW V1-11 (2020-06-17);2019-06-11 14:16:04;original set-up
2020-08-17 06:55:06;SN19010;measure;4,37;2,83;2,45;12736,3;1044,7;352,5;127,4;110,4;59,5;42,5;21,2;21,2;21,2;0,0;4,2;0,0;0,0;0,0;0,0;0,0;0,0;0,0;0,0;0,0;0,0;0,0;0,0;177340610;18,6;27,0;45,4;2020-08-17 04:55:06;E10,897642;N48,335963;527,300;300;SW V1-11 (2020-06-17);2019-06-11 14:16:04;original set-up
2020-08-17 07:00:06;SN19010;measure;3,43;2,55;2,26;11589,8;916,9;262,6;133,4;112,5;50,0;33,3;8,3;8,3;12,5;4,2;0,0;0,0;0,0;0,0;4,2;0,0;0,0;0,0;0,0;0,0;0,0;0,0;0,0;177340610;18,8;27,0;45,4;2020-08-17 05:00:06;E10,897657;N48,336085;526,100;300;SW V1-11 (2020-06-17);2019-06-11 14:16:04;original set-up
2020-08-17 07:05:06;SN19010;measure;3,28;2,65;2,30;11676,7;852,4;299,6;126,6;122,4;67,5;29,5;21,1;8,4;0,0;0,0;4,2;0,0;0,0;0,0;0,0;0,0;4,2;0,0;0,0;0,0;0,0;0,0;0,0;177340610;19,0;27,1;45,4;2020-08-17 05:05:06;E10,897755;N48,336117;523,800;300;SW V1-11 (2020-06-17);2019-06-11 14:16:04;original set-up
2020-08-17 07:10:06;SN19010;measure;3,12;2,40;2,08;10441,0;737,2;240,2;107,7;107,7;91,1;24,8;8,3;8,3;0,0;8,3;0,0;0,0;0,0;0,0;0,0;0,0;0,0;0,0;0,0;0,0;0,0;0,0;0,0;177340610;19,1;27,1;45,2;2020-08-17 05:10:06;E10,897700;N48,336077;522,700;300;SW V1-11 (2020-06-17);2019-06-11 14:16:04;original set-up
2020-08-17 07:15:06;SN19010;measure;3,38;2,51;2,14;10798,8;696,2;247,4;88,1;138,4;62,9;46,1;12,6;4,2;4,2;4,2;4,2;0,0;0,0;0,0;4,2;0,0;0,0;0,0;0,0;0,0;0,0;0,0;0,0;177340610;19,2;27,3;45,0;2020-08-17 05:15:06;E10,897713;N48,336133;522,000;300;SW V1-11 (2020-06-17);2019-06-11 14:16:04;original set-up
2020-08-17 07:20:06;SN19010;measure;3,35;2,40;2,04;10312,6;716,5;173,9;87,0;140,8;45,6;37,3;24,8;16,6;4,1;0,0;4,1;0,0;0,0;0,0;0,0;0,0;0,0;0,0;0,0;0,0;0,0;0,0;0,0;177340610;19,2;27,4;44,9;2020-08-17 05:20:06;E10,897678;N48,336040;520,600;300;SW V1-11 (2020-06-17);2019-06-11 14:16:04;original set-up
2020-08-17 07:25:06;SN19010;measure;2,88;2,34;1,96;9779,1;757,3;230,5;115,2;102,9;86,4;37,0;12,3;8,2;8,2;0,0;0,0;0,0;0,0;0,0;0,0;0,0;0,0;0,0;0,0;0,0;0,0;0,0;0,0;177340610;19,3;27,5;44,6;2020-08-17 05:25:06;E10,897713;N48,336052;519,700;300;SW V1-11 (2020-06-17);2019-06-11 14:16:04;original set-up
2020-08-17 07:30:06;SN19010;measure;2,97;2,21;1,90;9557,5;769,4;243,6;68,4;98,3;51,3;38,5;8,5;12,8;4,3;0,0;4,3;0,0;0,0;0,0;0,0;0,0;0,0;0,0;0,0;0,0;0,0;0,0;0,0;177340610;19,3;27,6;44,4;2020-08-17 05:30:06;E10,897717;N48,335992;517,800;300;SW V1-11 (2020-06-17);2019-06-11 14:16:04;original set-up
2020-08-17 07:35:06;SN19010;measure;2,82;2,14;1,86;9241,8;773,0;280,3;118,9;51,0;34,0;42,5;8,5;8,5;4,2;0,0;4,2;0,0;0,0;0,0;0,0;0,0;0,0;0,0;0,0;0,0;0,0;0,0;0,0;177340610;19,3;27,7;44,1;2020-08-17 05:35:06;E10,897483;N48,335952;516,200;300;SW V1-11 (2020-06-17);2019-06-11 14:16:04;original set-up
2020-08-17 07:40:06;SN19010;measure;2,68;2,10;1,86;9179,1;695,4;241,3;106,4;102,3;49,1;24,5;4,1;0,0;0,0;4,1;4,1;0,0;0,0;0,0;0,0;0,0;0,0;0,0;0,0;0,0;0,0;0,0;0,0;177340610;19,5;27,8;43,9;2020-08-17 05:40:06;E10,897623;N48,335972;512,600;300;SW V1-11 (2020-06-17);2019-06-11 14:16:04;original set-up
2020-08-17 07:45:06;SN19010;measure;4,05;2,27;1,92;9531,1;700,1;258,4;58,3;108,4;66,7;37,5;20,8;8,3;4,2;0,0;4,2;8,3;4,2;0,0;0,0;4,2;0,0;0,0;0,0;0,0;0,0;0,0;0,0;177340610;19,5;27,9;43,9;2020-08-17 05:45:06;E10,897592;N48,335955;508,900;300;SW V1-11 (2020-06-17);2019-06-11 14:16:04;original set-up
2020-08-17 07:50:06;SN19010;measure;3,89;2,26;1,92;9541,7;727,0;279,6;103,2;116,2;55,9;34,4;4,3;34,4;17,2;4,3;0,0;0,0;4,3;0,0;0,0;0,0;0,0;0,0;0,0;0,0;0,0;0,0;0,0;177340610;19,4;27,9;43,7;2020-08-17 05:50:06;E10,897410;N48,335892;506,300;300;SW V1-11 (2020-06-17);2019-06-11 14:16:04;original set-up
2020-08-17 07:55:06;SN19010;measure;3,90;2,34;1,97;9771,3;826,2;192,9;71,3;96,5;62,9;41,9;16,8;16,8;0,0;8,4;8,4;0,0;0,0;0,0;0,0;4,2;0,0;0,0;0,0;0,0;0,0;0,0;0,0;177340610;19,5;28,0;43,4;2020-08-17 05:55:06;E10,897673;N48,335923;503,000;300;SW V1-11 (2020-06-17);2019-06-11 14:16:04;original set-up
2020-08-17 08:00:06;SN19010;measure;4,67;2,36;1,91;9533,4;807,6;260,9;78,7;165,7;29,0;66,3;29,0;20,7;20,7;8,3;4,1;0,0;8,3;0,0;4,1;4,1;0,0;0,0;0,0;0,0;0,0;0,0;0,0;177340610;19,3;28,1;43,3;2020-08-17 06:00:06;E10,897640;N48,335963;498,800;300;SW V1-11 (2020-06-17);2019-06-11 14:16:04;original set-up
2020-08-17 08:05:06;SN19010;measure;5,32;2,48;2,01;10069,1;788,4;239,0;92,3;125,8;71,3;58,7;21,0;25,2;4,2;12,6;4,2;8,4;4,2;0,0;0,0;0,0;0,0;0,0;4,2;0,0;0,0;0,0;0,0;177340610;19,3;28,1;43,1;2020-08-17 06:05:06;E10,897558;N48,335963;499,500;300;SW V1-11 (2020-06-17);2019-06-11 14:16:04;original set-up
2020-08-17 08:10:06;SN19010;measure;3,51;2,50;2,08;10305,2;818,7;299,6;88,6;88,6;76,0;50,6;16,9;16,9;0,0;4,2;4,2;0,0;0,0;0,0;0,0;0,0;4,2;0,0;0,0;0,0;0,0;0,0;0,0;177340610;19,4;28,1;42,9;2020-08-17 06:10:06;E10,897623;N48,335967;500,500;300;SW V1-11 (2020-06-17);2019-06-11 14:16:04;original set-up
2020-08-17 08:15:06;SN19010;measure;3,54;2,46;2,17;10818,8;729,3;287,6;83,4;79,2;41,7;29,2;20,8;16,7;8,3;0,0;4,2;0,0;0,0;0,0;0,0;0,0;0,0;0,0;0,0;0,0;0,0;0,0;0,0;177340610;19,4;28,1;43,0;2020-08-17 06:15:06;E10,897675;N48,335957;499,200;300;SW V1-11 (2020-06-17);2019-06-11 14:16:04;original set-up
2020-08-17 08:20:06;SN19010;measure;3,23;2,28;2,00;9919,7;638,0;238,7;90,6;123,5;65,9;20,6;8,2;8,2;4,1;0,0;8,2;0,0;0,0;0,0;0,0;0,0;0,0;0,0;0,0;0,0;0,0;0,0;0,0;177340610;19,4;28,1;43,1;2020-08-17 06:20:06;E10,897693;N48,335928;498,000;300;SW V1-11 (2020-06-17);2019-06-11 14:16:04;original set-up
2020-08-17 08:25:06;SN19010;measure;2,84;2,41;2,07;10324,9;897,5;276,8;104,8;71,3;67,1;33,5;21,0;8,4;0,0;0,0;0,0;0,0;4,2;0,0;0,0;0,0;0,0;0,0;0,0;0,0;0,0;0,0;0,0;177340610;19,3;28,1;43,1;2020-08-17 06:25:06;E10,897555;N48,335960;499,200;300;SW V1-11 (2020-06-17);2019-06-11 14:16:04;original set-up
2020-08-17 08:30:06;SN19010;measure;2,97;2,47;2,15;10792,8;808,7;283,9;81,7;103,2;55,9;34,4;12,9;12,9;4,3;0,0;0,0;0,0;0,0;0,0;0,0;0,0;0,0;0,0;0,0;0,0;0,0;0,0;0,0;177340610;19,3;28,1;43,1;2020-08-17 06:30:06;E10,897577;N48,335998;502,800;300;SW V1-11 (2020-06-17);2019-06-11 14:16:04;original set-up
2020-08-17 08:35:06;SN19010;measure;2,78;2,40;2,18;10660,3;919,0;286,4;102,6;149,6;42,7;17,1;0,0;4,3;8,5;0,0;0,0;0,0;0,0;0,0;0,0;0,0;0,0;0,0;0,0;0,0;0,0;0,0;0,0;177340610;19,6;28,1;43,2;2020-08-17 06:35:06;E10,897560;N48,335998;503,800;300;SW V1-11 (2020-06-17);2019-06-11 14:16:04;original set-up
2020-08-17 08:40:06;SN19010;measure;2,99;2,25;2,00;9976,8;780,0;285,2;117,4;79,7;29,4;33,5;8,4;4,2;8,4;0,0;4,2;0,0;0,0;0,0;0,0;0,0;0,0;0,0;0,0;0,0;0,0;0,0;0,0;177340610;19,4;28,1;43,3;2020-08-17 06:40:06;E10,897580;N48,335998;504,200;300;SW V1-11 (2020-06-17);2019-06-11 14:16:04;original set-up
2020-08-17 08:45:06;SN19010;measure;2,69;2,10;1,88;9276,6;691,6;240,2;91,1;99,4;37,3;16,6;8,3;12,4;8,3;0,0;0,0;0,0;0,0;0,0;0,0;0,0;0,0;0,0;0,0;0,0;0,0;0,0;0,0;177340610;19,5;28,1;43,2;2020-08-17 06:45:06;E10,897590;N48,335993;505,000;300;SW V1-11 (2020-06-17);2019-06-11 14:16:04;original set-up
2020-08-17 08:50:06;SN19010;measure;2,67;2,25;1,93;9578,8;880,5;269,3;98,3;72,7;85,5;25,6;12,8;8,5;4,3;0,0;0,0;0,0;0,0;4,3;0,0;0,0;0,0;0,0;0,0;0,0;0,0;0,0;0,0;177340610;19,4;28,1;43,3;2020-08-17 06:50:06;E10,897597;N48,335993;505,600;300;SW V1-11 (2020-06-17);2019-06-11 14:16:04;original set-up
2020-08-17 08:55:06;SN19010;measure;2,76;2,05;1,74;8971,5;588,9;246,8;103,9;125,6;69,3;21,6;8,7;21,6;0,0;4,3;0,0;0,0;0,0;0,0;0,0;0,0;0,0;0,0;0,0;0,0;0,0;0,0;0,0;177340610;19,1;28,1;43,5;2020-08-17 06:55:06;E10,897588;N48,335985;506,000;300;SW V1-11 (2020-06-17);2019-06-11 14:16:04;original set-up
2020-08-17 09:00:06;SN19010;measure;2,85;1,77;1,58;7952,2;666,8;262,3;93,3;71,1;44,5;13,3;8,9;4,4;13,3;0,0;0,0;4,4;0,0;0,0;0,0;0,0;0,0;0,0;0,0;0,0;0,0;0,0;0,0;177340610;19,1;28,1;43,1;2020-08-17 07:00:06;E10,897588;N48,335978;505,700;300;SW V1-11 (2020-06-17);2019-06-11 14:16:04;original set-up
2020-08-17 09:05:06;SN19010;measure;2,91;1,97;1,67;8668,4;688,2;183,8;81,2;111,1;29,9;47,0;12,8;8,5;4,3;4,3;4,3;0,0;0,0;0,0;0,0;0,0;4,3;0,0;0,0;4,3;0,0;4,3;17,1;177340610;18,8;28,0;43,3;2020-08-17 07:05:06;E10,897587;N48,335982;505,100;300;SW V1-11 (2020-06-17);2019-06-11 14:16:04;original set-up
2020-08-17 09:10:06;SN19010;measure;6,36;2,14;1,72;9546,5;759,5;260,5;101,6;150,1;75,1;57,4;13,2;26,5;26,5;4,4;26,5;8,8;4,4;0,0;8,8;4,4;0,0;4,4;17,7;4,4;8,8;0,0;8,8;177340610;18,3;27,9;44,1;2020-08-17 07:10:06;E10,897590;N48,335987;505,300;300;SW V1-11 (2020-06-17);2019-06-11 14:16:04;original set-up
2020-08-17 09:15:06;SN19010;measure;13,42;2,79;1,93;11308,2;1351,9;538,9;223,8;351,7;205,5;91,3;54,8;59,4;59,4;63,9;50,2;13,7;22,8;27,4;41,1;27,4;45,7;22,8;18,3;18,3;36,5;18,3;109,6;177340610;17,8;27,6;45,3;2020-08-17 07:15:06;E10,897612;N48,335992;505,400;300;SW V1-11 (2020-06-17);2019-06-11 14:16:04;original set-up
2020-08-17 09:20:06;SN19010;measure;9,65;2,73;1,96;11393,0;1369,3;537,0;214,8;264,0;192,4;80,5;53,7;44,7;44,7;13,4;22,4;22,4;31,3;13,4;8,9;8,9;13,4;17,9;35,8;8,9;4,5;13,4;107,4;177340610;18,1;27,2;46,9;2020-08-17 07:20:06;E10,897620;N48,336000;506,000;300;SW V1-11 (2020-06-17);2019-06-11 14:16:04;original set-up
2020-08-17 09:25:06;SN19010;measure;11,70;2,78;2,05;12424,7;1258,0;475,7;208,9;186,7;93,4;133,4;53,3;31,1;40,0;17,8;44,5;35,6;26,7;17,8;13,3;8,9;26,7;22,2;13,3;8,9;31,1;8,9;80,0;177340610;18,2;26,8;48,8;2020-08-17 07:25:06;E10,897628;N48,336007;507,000;300;SW V1-11 (2020-06-17);2019-06-11 14:16:04;original set-up
2020-08-17 09:30:06;SN19010;measure;6,94;2,49;1,97;12245,3;1210,0;560,8;229,6;198,7;75,1;79,5;35,3;35,3;26,5;13,2;26,5;8,8;8,8;4,4;8,8;0,0;4,4;4,4;4,4;0,0;0,0;8,8;26,5;177340610;18,2;26,5;50,2;2020-08-17 07:30:06;E10,897635;N48,336013;508,900;300;SW V1-11 (2020-06-17);2019-06-11 14:16:04;original set-up
2020-08-17 09:35:06;SN19010;measure;4,97;2,40;1,97;12148,8;1333,5;480,6;168,9;194,8;73,6;64,9;21,6;21,6;4,3;8,7;17,3;4,3;13,0;4,3;0,0;0,0;4,3;0,0;0,0;4,3;0,0;0,0;4,3;177340610;18,4;26,4;51,2;2020-08-17 07:35:06;E10,897640;N48,336020;510,400;300;SW V1-11 (2020-06-17);2019-06-11 14:16:04;original set-up
2020-08-17 09:40:06;SN19010;measure;3,07;2,15;1,81;11654,7;1208,9;331,3;150,6;142,0;68,8;51,6;21,5;12,9;0,0;0,0;4,3;4,3;0,0;4,3;4,3;0,0;0,0;0,0;0,0;0,0;0,0;0,0;4,3;177340610;18,4;26,3;51,9;2020-08-17 07:40:06;E10,897647;N48,336023;511,500;300;SW V1-11 (2020-06-17);2019-06-11 14:16:04;original set-up
2020-08-17 09:45:06;SN19010;measure;3,49;2,10;1,72;11330,5;1015,4;313,8;139,5;135,1;69,7;61,0;30,5;13,1;4,4;4,4;0,0;8,7;0,0;0,0;0,0;0,0;4,4;0,0;0,0;0,0;0,0;0,0;8,7;177340610;18,6;26,3;52,9;2020-08-17 07:45:06;E10,897640;N48,336015;513,000;300;SW V1-11 (2020-06-17);2019-06-11 14:16:04;original set-up
2020-08-17 09:50:06;SN19010;measure;4,88;2,28;1,88;11941,0;1259,0;416,8;144,8;131,6;79,0;48,3;30,7;30,7;26,3;0,0;13,2;4,4;8,8;0,0;0,0;0,0;0,0;0,0;0,0;0,0;0,0;0,0;13,2;177340610;18,8;26,3;53,0;2020-08-17 07:50:06;E10,897642;N48,336008;513,600;300;SW V1-11 (2020-06-17);2019-06-11 14:16:04;original set-up
2020-08-17 09:55:06;SN19010;measure;4,27;2,21;1,81;12036,8;1226,1;370,0;129,1;142,0;111,9;55,9;30,1;12,9;12,9;8,6;4,3;8,6;4,3;4,3;0,0;0,0;0,0;0,0;8,6;0,0;0,0;4,3;4,3;177340610;18,8;26,3;53,6;2020-08-17 07:55:06;E10,897645;N48,335995;514,100;300;SW V1-11 (2020-06-17);2019-06-11 14:16:04;original set-up
2020-08-17 10:00:06;SN19010;measure;4,41;2,20;1,79;12150,6;1294,4;357,4;139,5;152,5;95,9;65,4;26,1;21,8;4,4;17,4;13,1;0,0;13,1;4,4;13,1;17,4;4,4;4,4;0,0;0,0;4,4;4,4;21,8;177340610;18,9;26,4;54,0;2020-08-17 08:00:06;E10,897645;N48,335988;515,100;300;SW V1-11 (2020-06-17);2019-06-11 14:16:04;original set-up
