***begin of header***
date&time [local time];serial-no;type;PM10 [ug/m3];PM2.5 [ug/m3];PM1 [ug/m3];0,35 [um];0,46 [um];0,66 [um];1,0 [um];1,3 [um];1,7 [um];2,3 [um];3,0 [um];4,0 [um];5,2 [um];6,5 [um];8,0 [um];10 [um];12 [um];14 [um];16 [um];18 [um];20 [um];22 [um];25 [um];28 [um];31 [um];34 [um];37 [um];serial-OPC;T-out [°C];T-aerosol [°C];rH [%];date&time [UTC];longitude [°];latitude [°];height [m];time-resolution [s];software-version;last calibration [local time];configuration version
***end of header***
2020-08-17 00:00:06;SN19013;measure;12,55;7,77;7,24;33186,1;1856,8;364,2;97,5;92,3;56,4;51,3;30,8;41,0;25,6;25,6;10,3;0,0;5,1;5,1;0,0;0,0;0,0;0,0;0,0;0,0;0,0;0,0;0,0;177340903;22,8;33,5;34,9;2020-08-16 22:00:06;E10,894842;N48,347965;512,500;300;SW V1-11 (2020-06-17);2019-06-11 14:16:04;original set-up
2020-08-17 00:05:06;SN19013;measure;10,63;7,57;7,01;31490,7;1713,9;416,8;140,7;99,0;93,8;52,1;10,4;41,7;15,6;15,6;5,2;0,0;0,0;0,0;0,0;0,0;0,0;0,0;0,0;0,0;0,0;0,0;0,0;177340903;22,8;33,3;34,5;2020-08-16 22:05:06;E10,894828;N48,347962;510,100;300;SW V1-11 (2020-06-17);2019-06-11 14:16:04;original set-up
2020-08-17 00:10:06;SN19013;measure;9,27;7,13;6,70;29742,4;1651,5;251,3;97,4;107,7;56,4;51,3;15,4;5,1;10,3;0,0;10,3;5,1;0,0;0,0;0,0;0,0;0,0;0,0;0,0;0,0;0,0;0,0;0,0;177340903;23,0;33,2;34,3;2020-08-16 22:10:06;E10,894927;N48,347908;509,400;300;SW V1-11 (2020-06-17);2019-06-11 14:16:04;original set-up
2020-08-17 00:15:06;SN19013;measure;8,97;6,51;6,08;26544,7;1567,7;280,0;86,5;132,3;45,8;35,6;25,5;20,4;5,1;5,1;5,1;5,1;5,1;0,0;0,0;0,0;0,0;0,0;0,0;0,0;0,0;0,0;0,0;177340903;23,2;33,1;34,0;2020-08-16 22:15:06;E10,894808;N48,347958;513,000;300;SW V1-11 (2020-06-17);2019-06-11 14:16:04;original set-up
2020-08-17 00:20:06;SN19013;measure;6,95;6,36;5,91;25499,6;1409,9;315,6;81,4;76,3;76,3;50,9;5,1;15,3;5,1;0,0;0,0;0,0;0,0;0,0;0,0;0,0;0,0;0,0;0,0;0,0;0,0;0,0;0,0;177340903;23,2;33,1;33,2;2020-08-16 22:20:06;E10,894850;N48,347917;507,400;300;SW V1-11 (2020-06-17);2019-06-11 14:16:04;original set-up
2020-08-17 00:25:06;SN19013;measure;7,16;6,09;5,70;24498,5;1537,2;341,0;50,9;132,3;30,5;50,9;5,1;20,4;5,1;5,1;0,0;0,0;0,0;0,0;0,0;0,0;0,0;0,0;0,0;0,0;0,0;0,0;0,0;177340903;23,1;33,1;32,9;2020-08-16 22:25:06;E10,894895;N48,347912;514,000;300;SW V1-11 (2020-06-17);2019-06-11 14:16:04;original set-up
2020-08-17 00:30:06;SN19013;measure;6,21;5,25;4,99;21210,3;1252,2;315,6;66,2;71,3;50,9;15,3;10,2;10,2;15,3;0,0;0,0;0,0;0,0;10,2;0,0;0,0;0,0;0,0;0,0;0,0;0,0;0,0;0,0;177340903;23,2;33,1;32,4;2020-08-16 22:30:06;E10,894867;N48,347880;517,100;300;SW V1-11 (2020-06-17);2019-06-11 14:16:04;original set-up
2020-08-17 00:35:06;SN19013;measure;6,01;4,62;4,28;17977,5;1119,6;268,7;79,6;94,5;49,8;29,9;14,9;5,0;14,9;5,0;0,0;0,0;5,0;0,0;0,0;0,0;0,0;0,0;0,0;0,0;0,0;0,0;0,0;177340903;23,3;33,1;31,8;2020-08-16 22:35:06;E10,894998;N48,347897;510,500;300;SW V1-11 (2020-06-17);2019-06-11 14:16:04;original set-up
2020-08-17 00:40:06;SN19013;measure;5,58;3,95;3,63;15156,9;764,3;251,3;46,2;82,1;30,8;30,8;15,4;15,4;0,0;0,0;5,1;5,1;0,0;0,0;0,0;0,0;0,0;0,0;0,0;0,0;0,0;0,0;0,0;177340903;23,4;33,1;31,2;2020-08-16 22:40:06;E10,894938;N48,347898;513,700;300;SW V1-11 (2020-06-17);2019-06-11 14:16:04;original set-up
2020-08-17 00:45:06;SN19013;measure;5,75;3,90;3,60;14933,2;804,3;243,4;26,5;79,4;21,2;47,6;0,0;10,6;10,6;0,0;5,3;5,3;0,0;0,0;0,0;0,0;0,0;0,0;0,0;0,0;0,0;0,0;0,0;177340903;23,2;33,1;30,4;2020-08-16 22:45:06;E10,894955;N48,347918;509,500;300;SW V1-11 (2020-06-17);2019-06-11 14:16:04;original set-up
2020-08-17 00:50:06;SN19013;measure;5,13;3,92;3,61;14754,7;978,6;236,6;48,4;43,0;43,0;26,9;21,5;5,4;10,8;5,4;0,0;0,0;0,0;0,0;0,0;0,0;0,0;0,0;0,0;0,0;0,0;0,0;0,0;177340903;23,6;33,1;30,2;2020-08-16 22:50:06;E10,894900;N48,348000;506,100;300;SW V1-11 (2020-06-17);2019-06-11 14:16:04;original set-up
2020-08-17 00:55:06;SN19013;measure;5,63;4,04;3,77;15559,4;906,8;256,0;48,0;58,7;37,3;21,3;16,0;5,3;21,3;5,3;0,0;0,0;0,0;0,0;0,0;0,0;0,0;0,0;0,0;0,0;0,0;0,0;0,0;177340903;23,2;33,1;30,0;2020-08-16 22:55:06;E10,894950;N48,347940;503,200;300;SW V1-11 (2020-06-17);2019-06-11 14:16:04;original set-up
2020-08-17 01:00:06;SN19013;measure;6,10;4,04;3,54;14615,8;844,3;209,7;75,3;102,2;48,4;59,2;16,1;21,5;16,1;0,0;0,0;5,4;0,0;0,0;0,0;0,0;0,0;0,0;0,0;0,0;0,0;0,0;0,0;177340903;23,1;33,1;30,1;2020-08-16 23:00:06;E10,894847;N48,347943;518,000;300;SW V1-11 (2020-06-17);2019-06-11 14:16:04;original set-up
2020-08-17 01:05:06;SN19013;measure;4,91;3,89;3,58;14658,0;944,1;261,4;74,7;53,3;53,3;32,0;0,0;10,7;5,3;5,3;0,0;0,0;5,3;0,0;0,0;0,0;0,0;0,0;0,0;0,0;0,0;0,0;0,0;177340903;23,3;33,1;30,0;2020-08-16 23:05:06;E10,894883;N48,347965;520,200;300;SW V1-11 (2020-06-17);2019-06-11 14:16:04;original set-up
2020-08-17 01:10:06;SN19013;measure;5,11;4,06;3,67;14997,7;947,3;264,6;58,2;90,0;63,5;37,0;10,6;10,6;5,3;0,0;5,3;0,0;0,0;0,0;0,0;0,0;5,3;0,0;0,0;0,0;0,0;0,0;0,0;177340903;23,3;33,0;29,9;2020-08-16 23:10:06;E10,894822;N48,348008;515,200;300;SW V1-11 (2020-06-17);2019-06-11 14:16:04;original set-up
2020-08-17 01:15:06;SN19013;measure;6,56;4,12;3,77;15423,2;1064,7;232,6;56,9;56,9;72,4;20,7;20,7;5,2;20,7;5,2;0,0;5,2;5,2;5,2;0,0;0,0;0,0;0,0;0,0;0,0;0,0;0,0;0,0;177340903;23,4;33,1;30,0;2020-08-16 23:15:06;E10,894857;N48,348060;516,100;300;SW V1-11 (2020-06-17);2019-06-11 14:16:04;original set-up
2020-08-17 01:20:06;SN19013;measure;6,66;4,36;4,05;16745,9;981,2;211,4;65,1;92,2;27,1;27,1;21,7;10,8;5,4;5,4;5,4;5,4;0,0;0,0;0,0;0,0;0,0;0,0;0,0;0,0;0,0;0,0;0,0;177340903;23,1;33,1;30,2;2020-08-16 23:20:06;E10,894903;N48,347975;512,300;300;SW V1-11 (2020-06-17);2019-06-11 14:16:04;original set-up
2020-08-17 01:25:06;SN19013;measure;6,28;4,65;4,22;17604,6;1128,8;262,5;42,0;63,0;63,0;57,8;0,0;15,8;10,5;5,3;5,3;0,0;0,0;5,3;0,0;0,0;0,0;0,0;0,0;0,0;0,0;0,0;0,0;177340903;22,8;33,0;30,4;2020-08-16 23:25:06;E10,894877;N48,348008;511,100;300;SW V1-11 (2020-06-17);2019-06-11 14:16:04;original set-up
2020-08-17 01:30:06;SN19013;measure;6,35;5,18;4,77;19874,8;1163,0;320,5;67,2;93,0;72,4;31,0;15,5;15,5;5,2;0,0;5,2;0,0;0,0;0,0;0,0;0,0;0,0;0,0;0,0;0,0;0,0;0,0;0,0;177340903;23,0;33,0;30,8;2020-08-16 23:30:06;E10,894848;N48,347980;507,800;300;SW V1-11 (2020-06-17);2019-06-11 14:16:04;original set-up
2020-08-17 01:35:06;SN19013;measure;6,59;5,21;4,87;20190,2;1484,6;291,7;57,3;99,0;62,5;20,8;15,6;10,4;5,2;10,4;0,0;0,0;0,0;0,0;0,0;0,0;0,0;0,0;0,0;0,0;0,0;0,0;0,0;177340903;23,2;32,9;31,1;2020-08-16 23:35:06;E10,894882;N48,347962;507,500;300;SW V1-11 (2020-06-17);2019-06-11 14:16:04;original set-up
2020-08-17 01:40:06;SN19013;measure;6,93;5,44;5,10;21390,1;1228,6;283,5;110,3;84,0;63,0;26,3;10,5;5,3;21,0;5,3;0,0;0,0;0,0;0,0;0,0;0,0;0,0;0,0;0,0;0,0;0,0;0,0;0,0;177340903;22,9;32,8;31,4;2020-08-16 23:40:06;E10,894878;N48,347997;507,900;300;SW V1-11 (2020-06-17);2019-06-11 14:16:04;original set-up
2020-08-17 01:45:06;SN19013;measure;7,75;5,50;5,18;21950,4;1207,5;336,0;89,3;68,3;52,5;21,0;21,0;5,3;15,8;5,3;10,5;0,0;0,0;0,0;0,0;0,0;0,0;0,0;0,0;0,0;0,0;0,0;0,0;177340903;22,7;32,8;31,6;2020-08-16 23:45:06;E10,894783;N48,347980;503,500;300;SW V1-11 (2020-06-17);2019-06-11 14:16:04;original set-up
2020-08-17 01:50:06;SN19013;measure;6,23;5,70;5,37;22779,7;1530,0;248,1;98,2;77,5;82,7;20,7;5,2;5,2;0,0;5,2;0,0;0,0;0,0;0,0;0,0;0,0;0,0;0,0;0,0;0,0;0,0;0,0;0,0;177340903;22,7;32,8;31,8;2020-08-16 23:50:06;E10,894862;N48,347960;509,200;300;SW V1-11 (2020-06-17);2019-06-11 14:16:04;original set-up
2020-08-17 01:55:06;SN19013;measure;7,66;6,13;5,51;23343,2;1297,1;323,0;72,9;99,0;83,4;72,9;31,3;5,2;15,6;0,0;5,2;0,0;0,0;0,0;0,0;0,0;0,0;0,0;0,0;0,0;0,0;0,0;0,0;177340903;22,9;32,8;32,1;2020-08-16 23:55:06;E10,894867;N48,347960;508,300;300;SW V1-11 (2020-06-17);2019-06-11 14:16:04;original set-up
2020-08-17 02:00:06;SN19013;measure;8,32;5,63;5,21;22115,8;1307,9;328,2;82,1;82,1;61,5;41,0;15,4;15,4;5,1;10,3;5,1;5,1;5,1;0,0;0,0;0,0;0,0;0,0;0,0;0,0;0,0;0,0;0,0;177340903;22,8;32,7;32,2;2020-08-17 00:00:06;E10,894892;N48,347963;507,300;300;SW V1-11 (2020-06-17);2019-06-11 14:16:04;original set-up
2020-08-17 02:05:06;SN19013;measure;5,72;5,40;5,08;21446,5;1278,4;376,0;70,2;60,2;65,2;20,1;20,1;5,0;0,0;0,0;0,0;0,0;0,0;0,0;0,0;0,0;0,0;0,0;0,0;0,0;0,0;0,0;0,0;177340903;23,0;32,6;32,4;2020-08-17 00:05:06;E10,894975;N48,347993;509,500;300;SW V1-11 (2020-06-17);2019-06-11 14:16:04;original set-up
2020-08-17 02:10:06;SN19013;measure;7,62;5,76;5,31;22503,0;1353,7;252,6;106,1;65,7;96,0;20,2;30,3;15,2;10,1;5,1;5,1;0,0;0,0;0,0;0,0;0,0;0,0;0,0;0,0;0,0;0,0;0,0;0,0;177340903;22,9;32,6;32,4;2020-08-17 00:10:06;E10,894987;N48,347968;503,500;300;SW V1-11 (2020-06-17);2019-06-11 14:16:04;original set-up
2020-08-17 02:15:06;SN19013;measure;7,02;6,27;5,92;25215,5;1384,0;353,6;96,0;121,2;50,5;25,3;20,2;5,1;0,0;0,0;5,1;0,0;0,0;0,0;0,0;0,0;0,0;0,0;0,0;0,0;0,0;0,0;0,0;177340903;22,8;32,5;32,7;2020-08-17 00:15:06;E10,894892;N48,347947;505,300;300;SW V1-11 (2020-06-17);2019-06-11 14:16:04;original set-up
2020-08-17 02:20:06;SN19013;measure;15,85;8,01;6,37;27268,1;1581,1;429,4;126,3;176,8;197,0;176,8;85,9;106,1;45,5;15,2;20,2;0,0;0,0;5,1;5,1;0,0;0,0;0,0;0,0;0,0;0,0;0,0;0,0;177340903;22,6;32,4;33,2;2020-08-17 00:20:06;E10,894932;N48,347945;503,800;300;SW V1-11 (2020-06-17);2019-06-11 14:16:04;original set-up
2020-08-17 02:25:06;SN19013;measure;14,19;8,71;7,67;33202,6;2102,2;514,1;137,4;132,3;132,3;106,9;50,9;61,1;45,8;25,5;0,0;0,0;0,0;0,0;0,0;0,0;0,0;0,0;0,0;0,0;0,0;0,0;0,0;177340903;22,5;32,3;33,7;2020-08-17 00:25:06;E10,894867;N48,347963;499,000;300;SW V1-11 (2020-06-17);2019-06-11 14:16:04;original set-up
2020-08-17 02:30:06;SN19013;measure;10,09;8,38;7,84;34091,1;2295,5;554,8;122,2;137,4;117,1;35,6;15,3;20,4;5,1;5,1;5,1;0,0;5,1;0,0;0,0;0,0;0,0;0,0;0,0;0,0;0,0;0,0;0,0;177340903;22,6;32,2;34,4;2020-08-17 00:30:06;E10,894890;N48,347933;510,700;300;SW V1-11 (2020-06-17);2019-06-11 14:16:04;original set-up
2020-08-17 02:35:06;SN19013;measure;8,76;8,56;8,27;36174,0;2477,9;427,9;79,6;84,6;84,6;19,9;0,0;0,0;5,0;0,0;0,0;0,0;0,0;5,0;0,0;0,0;0,0;0,0;0,0;0,0;0,0;0,0;0,0;177340903;22,6;32,2;34,8;2020-08-17 00:35:06;E10,894913;N48,347950;511,800;300;SW V1-11 (2020-06-17);2019-06-11 14:16:04;original set-up
2020-08-17 02:40:06;SN19013;measure;9,26;8,28;8,01;35633,8;2250,9;516,4;95,3;150,4;35,1;15,0;20,1;0,0;20,1;0,0;0,0;0,0;0,0;0,0;0,0;0,0;0,0;0,0;0,0;0,0;0,0;0,0;0,0;177340903;22,2;32,1;35,2;2020-08-17 00:40:06;E10,894973;N48,347947;508,100;300;SW V1-11 (2020-06-17);2019-06-11 14:16:04;original set-up
2020-08-17 02:45:06;SN19013;measure;9,63;8,22;7,75;35091,9;2159,3;461,6;133,4;97,4;71,8;46,2;20,5;15,4;5,1;10,3;0,0;0,0;0,0;0,0;0,0;0,0;0,0;0,0;0,0;0,0;0,0;0,0;0,0;177340903;21,9;32,0;35,4;2020-08-17 00:45:06;E10,894945;N48,347973;510,500;300;SW V1-11 (2020-06-17);2019-06-11 14:16:04;original set-up
2020-08-17 02:50:06;SN19013;measure;8,15;7,17;6,76;30773,1;1799,9;320,9;115,3;95,3;65,2;50,1;5,0;10,0;10,0;5,0;0,0;0,0;0,0;0,0;0,0;0,0;0,0;0,0;0,0;0,0;0,0;0,0;0,0;177340903;21,8;31,9;35,5;2020-08-17 00:50:06;E10,894948;N48,347945;511,600;300;SW V1-11 (2020-06-17);2019-06-11 14:16:04;original set-up
2020-08-17 02:55:06;SN19013;measure;7,03;5,96;5,42;24796,2;1646,7;368,7;141,4;85,9;30,3;75,8;40,4;5,1;15,2;0,0;0,0;0,0;0,0;0,0;0,0;0,0;0,0;0,0;0,0;0,0;0,0;0,0;0,0;177340903;21,4;31,9;35,5;2020-08-17 00:55:06;E10,894902;N48,347967;517,400;300;SW V1-11 (2020-06-17);2019-06-11 14:16:04;original set-up
2020-08-17 03:00:06;SN19013;measure;8,52;5,92;5,46;24844,9;1538,4;414,8;131,3;120,8;57,8;52,5;15,8;10,5;36,8;0,0;10,5;0,0;0,0;0,0;0,0;0,0;0,0;0,0;0,0;0,0;0,0;0,0;0,0;177340903;21,5;31,8;35,6;2020-08-17 01:00:06;E10,894885;N48,347947;515,600;300;SW V1-11 (2020-06-17);2019-06-11 14:16:04;original set-up
2020-08-17 03:05:06;SN19013;measure;6,94;6,08;5,62;25667,5;1757,3;449,7;118,9;134,4;72,4;51,7;15,5;5,2;5,2;0,0;5,2;0,0;0,0;0,0;0,0;0,0;0,0;0,0;0,0;0,0;0,0;0,0;0,0;177340903;21,4;31,7;35,8;2020-08-17 01:05:06;E10,894960;N48,347953;507,700;300;SW V1-11 (2020-06-17);2019-06-11 14:16:04;original set-up
2020-08-17 03:10:06;SN19013;measure;10,78;6,12;5,41;24974,2;1810,6;415,5;123,1;138,5;92,3;51,3;56,4;56,4;25,6;10,3;0,0;10,3;5,1;0,0;0,0;0,0;0,0;0,0;0,0;0,0;0,0;0,0;0,0;177340903;21,1;31,5;35,9;2020-08-17 01:10:06;E10,894950;N48,347930;511,700;300;SW V1-11 (2020-06-17);2019-06-11 14:16:04;original set-up
2020-08-17 03:15:06;SN19013;measure;9,30;6,26;5,85;26934,9;1827,2;498,8;56,0;132,3;81,4;35,6;15,3;15,3;20,4;5,1;0,0;10,2;10,2;0,0;0,0;0,0;0,0;0,0;0,0;0,0;0,0;0,0;0,0;177340903;21,2;31,4;36,2;2020-08-17 01:15:06;E10,894940;N48,347925;515,700;300;SW V1-11 (2020-06-17);2019-06-11 14:16:04;original set-up
2020-08-17 03:20:06;SN19013;measure;7,10;6,10;5,77;26846,2;1960,6;363,3;129,4;89,6;64,7;24,9;14,9;5,0;10,0;0,0;5,0;0,0;0,0;0,0;0,0;0,0;0,0;0,0;0,0;0,0;0,0;0,0;0,0;177340903;20,9;31,3;36,4;2020-08-17 01:20:06;E10,894992;N48,347948;506,400;300;SW V1-11 (2020-06-17);2019-06-11 14:16:04;original set-up
2020-08-17 03:25:06;SN19013;measure;8,22;6,55;6,07;27844,7;1979,8;374,4;138,5;82,1;87,2;46,2;25,6;5,1;15,4;5,1;5,1;0,0;0,0;0,0;0,0;0,0;0,0;0,0;0,0;0,0;0,0;0,0;0,0;177340903;21,2;31,2;36,4;2020-08-17 01:25:06;E10,894858;N48,347987;499,700;300;SW V1-11 (2020-06-17);2019-06-11 14:16:04;original set-up
2020-08-17 03:30:06;SN19013;measure;10,45;6,84;6,24;29391,3;1948,3;364,7;119,8;125,0;114,6;36,5;36,5;52,1;26,0;5,2;10,4;0,0;5,2;0,0;0,0;0,0;0,0;0,0;0,0;0,0;0,0;0,0;0,0;177340903;20,7;31,1;36,6;2020-08-17 01:30:06;E10,894935;N48,347970;500,000;300;SW V1-11 (2020-06-17);2019-06-11 14:16:04;original set-up
2020-08-17 03:35:06;SN19013;measure;10,12;5,72;5,03;23911,1;1609,1;435,3;88,2;220,4;77,2;60,6;60,6;44,1;16,5;5,5;16,5;5,5;5,5;0,0;0,0;0,0;0,0;0,0;0,0;0,0;0,0;0,0;0,0;177340903;20,4;31,1;36,5;2020-08-17 01:35:06;E10,894932;N48,347967;498,900;300;SW V1-11 (2020-06-17);2019-06-11 14:16:04;original set-up
2020-08-17 03:40:06;SN19013;measure;9,27;5,60;4,85;23493,3;1764,9;353,0;100,9;128,9;134,5;89,6;22,4;50,4;11,2;0,0;11,2;11,2;0,0;5,6;0,0;0,0;0,0;0,0;0,0;0,0;0,0;0,0;0,0;177340903;19,8;30,9;36,4;2020-08-17 01:40:06;E10,894908;N48,348010;492,700;300;SW V1-11 (2020-06-17);2019-06-11 14:16:04;original set-up
2020-08-17 03:45:06;SN19013;measure;10,64;5,76;5,02;23909,5;1460,2;380,2;170,8;132,2;88,2;71,6;55,1;44,1;33,1;11,0;11,0;5,5;5,5;0,0;0,0;0,0;0,0;0,0;0,0;0,0;0,0;0,0;0,0;177340903;20,0;30,7;36,5;2020-08-17 01:45:06;E10,894875;N48,347982;490,900;300;SW V1-11 (2020-06-17);2019-06-11 14:16:04;original set-up
2020-08-17 03:50:06;SN19013;measure;6,41;5,06;4,77;22219,3;1614,6;429,8;99,2;93,7;44,1;33,1;5,5;5,5;11,0;5,5;5,5;0,0;0,0;0,0;0,0;0,0;0,0;0,0;0,0;0,0;0,0;0,0;0,0;177340903;20,3;30,5;36,8;2020-08-17 01:50:06;E10,894983;N48,348005;490,200;300;SW V1-11 (2020-06-17);2019-06-11 14:16:04;original set-up
2020-08-17 03:55:06;SN19013;measure;6,32;4,99;4,58;21287,0;1590,4;453,6;114,8;114,8;38,3;49,2;21,9;10,9;5,5;10,9;0,0;0,0;0,0;0,0;0,0;0,0;0,0;0,0;0,0;0,0;0,0;0,0;0,0;177340903;20,2;30,3;36,9;2020-08-17 01:55:06;E10,894968;N48,347967;491,100;300;SW V1-11 (2020-06-17);2019-06-11 14:16:04;original set-up
2020-08-17 04:00:06;SN19013;measure;8,11;5,10;4,56;21075,3;1475,7;366,2;65,6;120,2;98,4;60,1;16,4;21,9;16,4;10,9;5,5;5,5;0,0;0,0;0,0;0,0;5,5;0,0;0,0;0,0;0,0;0,0;0,0;177340903;20,3;30,2;36,9;2020-08-17 02:00:06;E10,894870;N48,347988;492,100;300;SW V1-11 (2020-06-17);2019-06-11 14:16:04;original set-up
2020-08-17 04:05:06;SN19013;measure;6,89;5,33;4,66;21580,7;1622,4;444,5;72,2;105,6;77,8;111,1;16,7;16,7;5,6;0,0;11,1;0,0;0,0;0,0;0,0;0,0;0,0;0,0;0,0;0,0;0,0;0,0;0,0;177340903;20,2;30,1;37,1;2020-08-17 02:05:06;E10,894875;N48,347940;492,300;300;SW V1-11 (2020-06-17);2019-06-11 14:16:04;original set-up
2020-08-17 04:10:06;SN19013;measure;6,52;4,80;4,40;20676,2;1442,0;363,2;113,8;86,7;70,5;37,9;16,3;16,3;5,4;0,0;5,4;5,4;0,0;0,0;0,0;0,0;0,0;0,0;0,0;0,0;0,0;0,0;0,0;177340903;19,9;30,1;37,2;2020-08-17 02:10:06;E10,894883;N48,347972;496,100;300;SW V1-11 (2020-06-17);2019-06-11 14:16:04;original set-up
2020-08-17 04:15:06;SN19013;measure;6,69;4,80;4,28;20085,3;1528,8;303,6;108,4;135,5;48,8;59,6;37,9;21,7;0,0;10,8;5,4;0,0;0,0;0,0;0,0;0,0;0,0;0,0;0,0;0,0;0,0;0,0;0,0;177340903;19,9;30,1;37,3;2020-08-17 02:15:06;E10,894825;N48,347983;491,300;300;SW V1-11 (2020-06-17);2019-06-11 14:16:04;original set-up
2020-08-17 04:20:06;SN19013;measure;6,06;4,72;4,27;20042,9;1366,9;355,6;155,6;94,5;77,8;50,0;22,2;0,0;0,0;11,1;5,6;0,0;0,0;0,0;0,0;0,0;0,0;0,0;0,0;0,0;0,0;0,0;0,0;177340903;19,9;30,0;37,3;2020-08-17 02:20:06;E10,894857;N48,348002;491,700;300;SW V1-11 (2020-06-17);2019-06-11 14:16:04;original set-up
2020-08-17 04:25:06;SN19013;measure;5,70;4,48;4,14;19583,9;1333,5;319,6;110,2;143,3;49,6;44,1;0,0;5,5;11,0;11,0;0,0;0,0;0,0;0,0;0,0;0,0;0,0;0,0;0,0;0,0;0,0;0,0;0,0;177340903;19,8;29,9;37,5;2020-08-17 02:25:06;E10,894805;N48,348040;493,000;300;SW V1-11 (2020-06-17);2019-06-11 14:16:04;original set-up
2020-08-17 04:30:06;SN19013;measure;5,34;4,41;4,08;19419,2;1371,9;338,9;103,8;71,1;60,1;27,3;10,9;21,9;10,9;0,0;0,0;0,0;0,0;0,0;0,0;0,0;0,0;0,0;0,0;0,0;0,0;0,0;0,0;177340903;19,7;29,9;37,6;2020-08-17 02:30:06;E10,894807;N48,348015;491,200;300;SW V1-11 (2020-06-17);2019-06-11 14:16:04;original set-up
2020-08-17 04:35:06;SN19013;measure;6,73;4,77;4,35;20502,7;1505,8;438,9;133,4;83,3;55,6;44,5;11,1;33,3;0,0;5,6;11,1;0,0;0,0;0,0;0,0;0,0;0,0;0,0;0,0;0,0;0,0;0,0;0,0;177340903;19,8;29,8;37,7;2020-08-17 02:35:06;E10,894792;N48,348028;489,900;300;SW V1-11 (2020-06-17);2019-06-11 14:16:04;original set-up
2020-08-17 04:40:06;SN19013;measure;5,38;4,62;4,15;19936,8;1468,1;420,3;156,9;162,5;84,1;39,2;28,0;5,6;11,2;0,0;0,0;0,0;0,0;0,0;0,0;0,0;0,0;0,0;0,0;0,0;0,0;0,0;0,0;177340903;19,4;29,7;38,0;2020-08-17 02:40:06;E10,894838;N48,348012;494,000;300;SW V1-11 (2020-06-17);2019-06-11 14:16:04;original set-up
2020-08-17 04:45:06;SN19013;measure;5,46;4,63;4,20;20124,7;1465,8;367,9;183,9;120,7;80,5;40,2;17,2;5,7;5,7;5,7;0,0;0,0;0,0;0,0;0,0;0,0;0,0;0,0;0,0;0,0;0,0;0,0;0,0;177340903;19,4;29,6;38,2;2020-08-17 02:45:06;E10,894842;N48,347997;493,900;300;SW V1-11 (2020-06-17);2019-06-11 14:16:04;original set-up
2020-08-17 04:50:06;SN19013;measure;5,67;4,66;4,22;20720,7;1453,2;324,8;131,1;131,1;62,7;39,9;39,9;5,7;5,7;5,7;0,0;0,0;0,0;0,0;0,0;0,0;0,0;0,0;0,0;0,0;0,0;0,0;0,0;177340903;19,2;29,5;38,5;2020-08-17 02:50:06;E10,894882;N48,347965;497,200;300;SW V1-11 (2020-06-17);2019-06-11 14:16:04;original set-up
2020-08-17 04:55:06;SN19013;measure;11,23;4,99;4,21;20387,4;1411,4;427,9;111,1;122,2;111,1;100,0;44,5;33,3;16,7;27,8;22,2;11,1;0,0;0,0;0,0;0,0;0,0;0,0;0,0;0,0;0,0;0,0;0,0;177340903;19,4;29,4;38,7;2020-08-17 02:55:06;E10,894825;N48,348000;504,200;300;SW V1-11 (2020-06-17);2019-06-11 14:16:04;original set-up
2020-08-17 05:00:06;SN19013;measure;5,80;4,65;4,08;19791,1;1512,9;420,3;162,5;84,1;123,3;61,6;22,4;11,2;5,6;0,0;5,6;0,0;5,6;0,0;0,0;0,0;0,0;0,0;0,0;0,0;0,0;0,0;0,0;177340903;19,3;29,3;38,9;2020-08-17 03:00:06;E10,894902;N48,347972;504,600;300;SW V1-11 (2020-06-17);2019-06-11 14:16:04;original set-up
2020-08-17 05:05:06;SN19013;measure;5,41;4,61;4,05;19379,3;1469,0;439,1;108,4;146,4;119,3;59,6;16,3;16,3;0,0;5,4;0,0;0,0;0,0;0,0;0,0;0,0;0,0;0,0;0,0;0,0;0,0;0,0;5,4;177340903;19,6;29,3;39,1;2020-08-17 03:05:06;E10,894882;N48,347980;503,300;300;SW V1-11 (2020-06-17);2019-06-11 14:16:04;original set-up
2020-08-17 05:10:06;SN19013;measure;5,60;4,73;4,13;20275,2;1582,2;395,6;96,1;209,1;118,7;67,8;11,3;22,6;0,0;5,7;0,0;0,0;0,0;0,0;0,0;0,0;0,0;0,0;0,0;0,0;0,0;0,0;0,0;177340903;19,2;29,2;39,3;2020-08-17 03:10:06;E10,894877;N48,347963;518,000;300;SW V1-11 (2020-06-17);2019-06-11 14:16:04;original set-up
2020-08-17 05:15:06;SN19013;measure;6,49;4,60;4,16;20273,9;1599,1;389,9;231,7;113,0;62,2;39,6;22,6;17,0;11,3;5,7;0,0;5,7;0,0;0,0;0,0;0,0;0,0;0,0;0,0;0,0;0,0;0,0;0,0;177340903;19,2;29,1;39,4;2020-08-17 03:15:06;E10,894888;N48,347977;519,600;300;SW V1-11 (2020-06-17);2019-06-11 14:16:04;original set-up
2020-08-17 05:20:06;SN19013;measure;5,41;4,48;4,01;19587,3;1639,2;316,7;94,5;88,9;77,8;50,0;22,2;27,8;5,6;0,0;0,0;0,0;0,0;0,0;0,0;0,0;0,0;0,0;0,0;0,0;0,0;0,0;0,0;177340903;19,3;29,1;39,5;2020-08-17 03:20:06;E10,894825;N48,347987;516,300;300;SW V1-11 (2020-06-17);2019-06-11 14:16:04;original set-up
2020-08-17 05:25:06;SN19013;measure;4,85;4,30;3,73;18207,5;1405,2;347,2;110,2;137,8;99,2;60,6;38,6;11,0;0,0;0,0;0,0;0,0;0,0;0,0;0,0;0,0;0,0;0,0;0,0;0,0;0,0;0,0;0,0;177340903;19,3;29,0;39,8;2020-08-17 03:25:06;E10,894950;N48,348000;511,800;300;SW V1-11 (2020-06-17);2019-06-11 14:16:04;original set-up
2020-08-17 05:30:06;SN19013;measure;6,82;4,46;3,96;19091,2;1470,2;453,6;131,2;136,6;103,8;38,3;27,3;21,9;10,9;10,9;0,0;5,5;0,0;0,0;0,0;0,0;0,0;0,0;0,0;0,0;0,0;0,0;0,0;177340903;19,4;28,9;39,9;2020-08-17 03:30:06;E10,894878;N48,348007;508,300;300;SW V1-11 (2020-06-17);2019-06-11 14:16:04;original set-up
2020-08-17 05:35:06;SN19013;measure;5,82;4,19;3,68;17874,5;1387,4;387,2;155,9;134,4;37,6;75,3;10,8;32,3;5,4;5,4;5,4;0,0;0,0;0,0;0,0;0,0;0,0;0,0;0,0;0,0;0,0;0,0;0,0;177340903;19,4;28,9;40,2;2020-08-17 03:35:06;E10,894870;N48,348003;515,100;300;SW V1-11 (2020-06-17);2019-06-11 14:16:04;original set-up
2020-08-17 05:40:06;SN19013;measure;5,94;4,34;3,82;18690,8;1436,5;395,7;130,1;92,2;75,9;65,0;10,8;37,9;10,8;0,0;5,4;0,0;0,0;0,0;0,0;0,0;0,0;0,0;0,0;0,0;0,0;0,0;0,0;177340903;19,3;28,9;40,2;2020-08-17 03:40:06;E10,894970;N48,347972;510,100;300;SW V1-11 (2020-06-17);2019-06-11 14:16:04;original set-up
2020-08-17 05:45:06;SN19013;measure;4,38;4,12;3,62;18208,0;1261,3;377,8;161,1;144,5;94,5;66,7;5,6;11,1;0,0;0,0;0,0;0,0;0,0;0,0;0,0;0,0;0,0;0,0;0,0;0,0;0,0;0,0;0,0;177340903;18,9;28,8;40,2;2020-08-17 03:45:06;E10,894968;N48,348020;514,700;300;SW V1-11 (2020-06-17);2019-06-11 14:16:04;original set-up
2020-08-17 05:50:06;SN19013;measure;4,99;3,75;3,30;16701,8;1164,3;386,3;116,4;90,0;95,3;31,8;42,3;10,6;0,0;5,3;5,3;0,0;0,0;0,0;0,0;0,0;0,0;0,0;0,0;0,0;0,0;0,0;0,0;177340903;18,8;28,7;40,4;2020-08-17 03:50:06;E10,894837;N48,348038;510,300;300;SW V1-11 (2020-06-17);2019-06-11 14:16:04;original set-up
2020-08-17 05:55:06;SN19013;measure;6,16;3,77;3,32;16776,4;1355,0;360,3;123,7;155,9;59,1;59,1;10,8;21,5;10,8;0,0;5,4;10,8;0,0;0,0;0,0;0,0;0,0;0,0;0,0;0,0;0,0;0,0;0,0;177340903;18,8;28,6;40,7;2020-08-17 03:55:06;E10,894845;N48,348133;514,900;300;SW V1-11 (2020-06-17);2019-06-11 14:16:04;original set-up
2020-08-17 06:00:06;SN19013;measure;6,93;5,38;4,94;25015,3;1918,3;410,3;128,2;128,2;87,2;41,0;15,4;30,8;5,1;5,1;5,1;0,0;0,0;0,0;0,0;0,0;0,0;0,0;0,0;0,0;0,0;0,0;0,0;177340903;18,9;28,6;40,8;2020-08-17 04:00:06;E10,894888;N48,348035;505,700;300;SW V1-11 (2020-06-17);2019-06-11 14:16:04;original set-up
2020-08-17 06:05:06;SN19013;measure;9,13;8,26;7,81;39776,3;3771,5;788,9;183,2;183,2;86,5;45,8;15,3;5,1;10,2;5,1;0,0;0,0;0,0;0,0;0,0;0,0;0,0;0,0;0,0;0,0;0,0;0,0;0,0;177340903;18,8;28,6;41,0;2020-08-17 04:05:06;E10,894815;N48,348055;504,700;300;SW V1-11 (2020-06-17);2019-06-11 14:16:04;original set-up
2020-08-17 06:10:06;SN19013;measure;4,55;3,74;3,41;17074,5;1366,4;371,7;120,2;92,9;65,6;27,3;21,9;5,5;5,5;5,5;0,0;0,0;0,0;0,0;0,0;0,0;0,0;0,0;0,0;0,0;0,0;0,0;0,0;177340903;19,1;28,6;41,1;2020-08-17 04:10:06;E10,894905;N48,348078;505,400;300;SW V1-11 (2020-06-17);2019-06-11 14:16:04;original set-up
2020-08-17 06:15:06;SN19013;measure;4,02;3,56;3,10;16008,6;1134,6;435,6;129,1;102,2;91,4;48,4;32,3;10,8;0,0;0,0;0,0;0,0;0,0;0,0;0,0;0,0;0,0;0,0;0,0;0,0;0,0;0,0;0,0;177340903;18,6;28,5;41,2;2020-08-17 04:15:06;E10,894918;N48,348072;508,900;300;SW V1-11 (2020-06-17);2019-06-11 14:16:04;original set-up
2020-08-17 06:20:06;SN19013;measure;4,02;3,73;3,34;17068,9;1402,9;442,7;149,4;144,0;85,3;37,3;10,7;10,7;0,0;0,0;0,0;0,0;0,0;0,0;0,0;0,0;0,0;0,0;0,0;0,0;0,0;0,0;0,0;177340903;18,8;28,5;41,3;2020-08-17 04:20:06;E10,894858;N48,347992;502,000;300;SW V1-11 (2020-06-17);2019-06-11 14:16:04;original set-up
2020-08-17 06:25:06;SN19013;measure;4,76;3,55;3,23;16576,3;1157,3;413,3;88,2;110,2;60,6;38,6;16,5;0,0;22,0;5,5;0,0;0,0;0,0;0,0;0,0;0,0;0,0;0,0;0,0;0,0;0,0;0,0;0,0;177340903;18,8;28,5;41,3;2020-08-17 04:25:06;E10,894795;N48,348003;500,400;300;SW V1-11 (2020-06-17);2019-06-11 14:16:04;original set-up
2020-08-17 06:30:06;SN19013;measure;8,59;3,90;2,94;14680,5;1246,2;382,6;164,0;136,6;174,9;92,9;98,4;27,3;21,9;21,9;0,0;10,9;5,5;0,0;0,0;0,0;0,0;0,0;0,0;0,0;0,0;0,0;0,0;177340903;18,9;28,4;41,4;2020-08-17 04:30:06;E10,894850;N48,347977;497,300;300;SW V1-11 (2020-06-17);2019-06-11 14:16:04;original set-up
2020-08-17 06:35:06;SN19013;measure;4,55;3,25;2,82;14357,1;1196,9;399,0;169,4;164,0;87,4;43,7;10,9;10,9;0,0;10,9;5,5;0,0;0,0;0,0;0,0;0,0;0,0;0,0;0,0;0,0;0,0;0,0;0,0;177340903;18,7;28,3;41,6;2020-08-17 04:35:06;E10,894757;N48,348002;499,200;300;SW V1-11 (2020-06-17);2019-06-11 14:16:04;original set-up
2020-08-17 06:40:06;SN19013;measure;4,32;3,38;3,00;15188,8;1071,3;382,6;109,3;98,4;76,5;32,8;27,3;10,9;5,5;5,5;0,0;0,0;0,0;0,0;0,0;0,0;0,0;0,0;0,0;0,0;0,0;0,0;0,0;177340903;18,9;28,3;41,7;2020-08-17 04:40:06;E10,894898;N48,347997;498,300;300;SW V1-11 (2020-06-17);2019-06-11 14:16:04;original set-up
2020-08-17 06:45:06;SN19013;measure;4,64;3,27;2,85;14269,7;1142,2;306,1;153,0;120,2;109,3;38,3;10,9;5,5;0,0;0,0;0,0;10,9;0,0;0,0;0,0;0,0;0,0;0,0;0,0;0,0;0,0;0,0;0,0;177340903;18,9;28,2;41,9;2020-08-17 04:45:06;E10,894860;N48,347927;503,500;300;SW V1-11 (2020-06-17);2019-06-11 14:16:04;original set-up
2020-08-17 06:50:06;SN19013;measure;4,32;3,13;2,75;13840,6;1064,7;338,8;112,9;166,7;43,0;43,0;16,1;16,1;5,4;0,0;0,0;5,4;0,0;0,0;0,0;0,0;0,0;0,0;0,0;0,0;0,0;0,0;0,0;177340903;18,9;28,2;42,0;2020-08-17 04:50:06;E10,894853;N48,347933;504,300;300;SW V1-11 (2020-06-17);2019-06-11 14:16:04;original set-up
2020-08-17 06:55:06;SN19013;measure;4,37;3,11;2,73;13699,7;1107,7;352,7;121,2;143,3;66,1;33,1;16,5;22,0;0,0;5,5;5,5;0,0;0,0;0,0;0,0;0,0;0,0;0,0;0,0;0,0;0,0;0,0;0,0;177340903;18,9;28,2;42,0;2020-08-17 04:55:06;E10,894898;N48,347958;507,300;300;SW V1-11 (2020-06-17);2019-06-11 14:16:04;original set-up
2020-08-17 07:00:06;SN19013;measure;4,41;3,12;2,65;13204,8;1202,4;311,5;153,0;125,7;49,2;65,6;21,9;10,9;5,5;5,5;5,5;0,0;0,0;0,0;0,0;0,0;0,0;0,0;0,0;0,0;0,0;0,0;0,0;177340903;19,1;28,2;42,1;2020-08-17 05:00:06;E10,894898;N48,347918;499,100;300;SW V1-11 (2020-06-17);2019-06-11 14:16:04;original set-up
2020-08-17 07:05:06;SN19013;measure;4,38;2,96;2,56;12830,3;978,0;311,2;116,7;94,5;77,8;50,0;11,1;11,1;0,0;5,6;11,1;0,0;0,0;0,0;0,0;0,0;0,0;0,0;0,0;0,0;0,0;0,0;0,0;177340903;19,1;28,3;42,1;2020-08-17 05:05:06;E10,894860;N48,348010;494,700;300;SW V1-11 (2020-06-17);2019-06-11 14:16:04;original set-up
2020-08-17 07:10:06;SN19013;measure;3,79;2,98;2,46;12242,5;1154,2;291,4;145,7;134,5;84,0;67,2;11,2;28,0;5,6;0,0;0,0;0,0;0,0;0,0;0,0;0,0;0,0;0,0;0,0;0,0;0,0;0,0;0,0;177340903;19,1;28,4;41,9;2020-08-17 05:10:06;E10,894777;N48,348027;489,800;300;SW V1-11 (2020-06-17);2019-06-11 14:16:04;original set-up
2020-08-17 07:15:06;SN19013;measure;3,32;2,98;2,50;12490,6;983,5;250,0;105,6;116,7;83,3;61,1;27,8;5,6;0,0;0,0;0,0;0,0;0,0;0,0;0,0;0,0;0,0;0,0;0,0;0,0;0,0;0,0;0,0;177340903;19,2;28,5;41,8;2020-08-17 05:15:06;E10,894847;N48,348015;495,100;300;SW V1-11 (2020-06-17);2019-06-11 14:16:04;original set-up
2020-08-17 07:20:06;SN19013;measure;4,38;2,93;2,43;12075,2;924,6;297,0;128,9;123,3;95,3;50,4;22,4;28,0;0,0;5,6;5,6;0,0;0,0;0,0;0,0;0,0;0,0;0,0;0,0;0,0;0,0;0,0;0,0;177340903;19,2;28,5;41,7;2020-08-17 05:20:06;E10,894822;N48,347995;502,300;300;SW V1-11 (2020-06-17);2019-06-11 14:16:04;original set-up
2020-08-17 07:25:06;SN19013;measure;3,97;2,76;2,28;11286,0;958,9;352,7;121,2;99,2;82,7;44,1;44,1;16,5;5,5;5,5;0,0;0,0;0,0;0,0;0,0;0,0;0,0;0,0;0,0;0,0;0,0;0,0;0,0;177340903;19,2;28,6;41,5;2020-08-17 05:25:06;E10,894747;N48,348032;502,100;300;SW V1-11 (2020-06-17);2019-06-11 14:16:04;original set-up
2020-08-17 07:30:06;SN19013;measure;5,40;2,66;2,23;11066,6;930,2;313,8;140,1;84,1;106,5;33,6;16,8;22,4;11,2;16,8;11,2;0,0;0,0;0,0;0,0;0,0;0,0;0,0;0,0;0,0;0,0;0,0;0,0;177340903;19,2;28,7;41,4;2020-08-17 05:30:06;E10,894803;N48,348028;507,500;300;SW V1-11 (2020-06-17);2019-06-11 14:16:04;original set-up
2020-08-17 07:35:06;SN19013;measure;3,17;2,72;2,18;10938,8;947,8;352,7;88,2;77,2;137,8;71,6;16,5;0,0;5,5;0,0;0,0;0,0;5,5;0,0;0,0;0,0;0,0;0,0;0,0;0,0;0,0;0,0;0,0;177340903;19,1;28,7;41,3;2020-08-17 05:35:06;E10,894823;N48,347980;511,400;300;SW V1-11 (2020-06-17);2019-06-11 14:16:04;original set-up
2020-08-17 07:40:06;SN19013;measure;4,13;2,50;2,11;10404,6;838,8;279,6;123,7;145,2;59,1;37,6;10,8;26,9;0,0;10,8;5,4;0,0;0,0;0,0;0,0;5,4;0,0;0,0;0,0;0,0;0,0;0,0;0,0;177340903;19,3;28,7;41,2;2020-08-17 05:40:06;E10,894780;N48,348025;507,700;300;SW V1-11 (2020-06-17);2019-06-11 14:16:04;original set-up
2020-08-17 07:45:06;SN19013;measure;3,90;2,65;2,24;11122,2;879,4;247,2;103,5;109,2;57,5;46,0;23,0;23,0;0,0;0,0;0,0;5,7;0,0;0,0;0,0;0,0;0,0;0,0;0,0;0,0;0,0;0,0;0,0;177340903;19,3;28,8;41,2;2020-08-17 05:45:06;E10,894793;N48,348007;505,500;300;SW V1-11 (2020-06-17);2019-06-11 14:16:04;original set-up
2020-08-17 07:50:06;SN19013;measure;4,53;2,57;2,30;11262,8;963,8;257,8;84,1;100,9;84,1;11,2;5,6;11,2;11,2;11,2;0,0;5,6;0,0;0,0;0,0;0,0;0,0;0,0;0,0;0,0;0,0;0,0;0,0;177340903;19,6;28,8;41,1;2020-08-17 05:50:06;E10,894802;N48,348010;503,400;300;SW V1-11 (2020-06-17);2019-06-11 14:16:04;original set-up
2020-08-17 07:55:06;SN19013;measure;6,49;2,92;2,60;12789,6;991,9;286,5;66,1;115,7;66,1;27,6;11,0;16,5;11,0;5,5;0,0;22,0;0,0;0,0;0,0;0,0;0,0;0,0;0,0;0,0;0,0;0,0;0,0;177340903;19,6;28,9;41,0;2020-08-17 05:55:06;E10,894772;N48,348027;510,600;300;SW V1-11 (2020-06-17);2019-06-11 14:16:04;original set-up
2020-08-17 08:00:06;SN19013;measure;4,56;2,73;2,37;11506,4;799,1;303,1;77,2;115,7;49,6;33,1;11,0;44,1;5,5;11,0;0,0;0,0;0,0;0,0;0,0;0,0;0,0;0,0;0,0;0,0;0,0;0,0;0,0;177340903;19,7;28,9;40,9;2020-08-17 06:00:06;E10,894827;N48,348028;505,400;300;SW V1-11 (2020-06-17);2019-06-11 14:16:04;original set-up
2020-08-17 08:05:06;SN19013;measure;3,69;2,59;2,21;10996,6;1005,8;177,8;77,8;116,7;83,4;27,8;16,7;33,3;0,0;5,6;0,0;0,0;0,0;0,0;0,0;0,0;0,0;0,0;0,0;0,0;0,0;0,0;0,0;177340903;19,3;28,9;40,9;2020-08-17 06:05:06;E10,894868;N48,347998;508,900;300;SW V1-11 (2020-06-17);2019-06-11 14:16:04;original set-up
2020-08-17 08:10:06;SN19013;measure;3,66;2,58;2,17;10948,2;862,9;246,5;95,3;100,9;61,6;61,6;5,6;16,8;0,0;5,6;5,6;0,0;0,0;0,0;0,0;0,0;0,0;0,0;0,0;0,0;0,0;0,0;0,0;177340903;19,1;29,0;40,7;2020-08-17 06:10:06;E10,894920;N48,348000;524,500;300;SW V1-11 (2020-06-17);2019-06-11 14:16:04;original set-up
2020-08-17 08:15:06;SN19013;measure;4,76;2,87;2,47;12299,9;924,1;292,4;81,9;140,4;52,6;40,9;29,2;17,5;5,8;11,7;5,8;0,0;0,0;0,0;0,0;0,0;0,0;0,0;0,0;0,0;0,0;0,0;0,0;177340903;19,2;28,9;40,7;2020-08-17 06:15:06;E10,894843;N48,348018;516,800;300;SW V1-11 (2020-06-17);2019-06-11 14:16:04;original set-up
2020-08-17 08:20:06;SN19013;measure;4,61;2,80;2,36;11617,3;983,0;229,9;103,5;126,5;40,2;63,2;17,2;23,0;11,5;0,0;11,5;0,0;0,0;0,0;0,0;0,0;0,0;0,0;0,0;0,0;0,0;0,0;0,0;177340903;19,4;28,9;40,8;2020-08-17 06:20:06;E10,894857;N48,348015;514,200;300;SW V1-11 (2020-06-17);2019-06-11 14:16:04;original set-up
2020-08-17 08:25:06;SN19013;measure;3,96;2,78;2,43;12178,3;843,4;250,7;125,4;119,7;39,9;39,9;11,4;22,8;11,4;0,0;0,0;0,0;11,4;0,0;0,0;0,0;0,0;0,0;0,0;0,0;0,0;0,0;0,0;177340903;19,2;28,9;40,9;2020-08-17 06:25:06;E10,894835;N48,348023;504,500;300;SW V1-11 (2020-06-17);2019-06-11 14:16:04;original set-up
