***begin of header***
date&time [local time];serial-no;type;PM10 [ug/m3];PM2.5 [ug/m3];PM1 [ug/m3];0,35 [um];0,46 [um];0,66 [um];1,0 [um];1,3 [um];1,7 [um];2,3 [um];3,0 [um];4,0 [um];5,2 [um];6,5 [um];8,0 [um];10 [um];12 [um];14 [um];16 [um];18 [um];20 [um];22 [um];25 [um];28 [um];31 [um];34 [um];37 [um];serial-OPC;T-out [°C];T-aerosol [°C];rH [%];date&time [UTC];longitude [°];latitude [°];height [m];time-resolution [s];software-version;last calibration [local time];configuration version
***end of header***
2020-08-17 00:00:06;SN19007;measure;12,99;10,59;9,95;45096,7;2863,7;589,6;98,3;112,3;112,3;49,1;49,1;21,1;14,0;14,0;0,0;0,0;0,0;0,0;0,0;0,0;0,0;0,0;0,0;0,0;0,0;0,0;0,0;177340620;23,5;33,8;35,4;2020-08-16 22:00:06;E10,902393;N48,359102;477,600;300;SW V1-11 (2020-06-17);2019-06-11 14:16:04;original set-up
2020-08-17 00:05:06;SN19007;measure;10,47;9,09;8,53;38069,5;2165,4;453,7;123,7;82,5;116,9;48,1;20,6;20,6;6,9;6,9;0,0;0,0;0,0;0,0;0,0;0,0;0,0;0,0;0,0;0,0;0,0;0,0;0,0;177340620;23,6;33,6;35,1;2020-08-16 22:05:06;E10,902373;N48,359125;477,100;300;SW V1-11 (2020-06-17);2019-06-11 14:16:04;original set-up
2020-08-17 00:10:06;SN19007;measure;9,67;8,74;8,16;35594,7;1945,4;405,6;116,9;75,6;75,6;68,7;20,6;20,6;6,9;0,0;0,0;0,0;0,0;0,0;0,0;0,0;0,0;0,0;0,0;0,0;0,0;0,0;0,0;177340620;23,9;33,3;34,9;2020-08-16 22:10:06;E10,902425;N48,359132;477,000;300;SW V1-11 (2020-06-17);2019-06-11 14:16:04;original set-up
2020-08-17 00:15:06;SN19007;measure;9,81;8,72;8,02;34625,5;2165,4;426,2;165,0;123,7;82,5;96,2;6,9;20,6;0,0;0,0;6,9;0,0;0,0;0,0;0,0;0,0;0,0;0,0;0,0;0,0;0,0;0,0;0,0;177340620;23,9;33,1;34,8;2020-08-16 22:15:06;E10,902457;N48,359137;478,700;300;SW V1-11 (2020-06-17);2019-06-11 14:16:04;original set-up
2020-08-17 00:20:06;SN19007;measure;11,47;9,44;8,70;37015,5;2498,6;526,4;147,4;147,4;63,2;91,2;35,1;14,0;21,1;7,0;0,0;0,0;0,0;0,0;0,0;0,0;0,0;0,0;0,0;0,0;0,0;0,0;0,0;177340620;24,1;33,0;34,6;2020-08-16 22:20:06;E10,902457;N48,359105;477,500;300;SW V1-11 (2020-06-17);2019-06-11 14:16:04;original set-up
2020-08-17 00:25:06;SN19007;measure;11,39;8,55;8,02;34166,6;2090,7;423,7;132,0;76,4;104,2;41,7;20,8;13,9;27,8;0,0;13,9;0,0;0,0;0,0;0,0;0,0;0,0;0,0;0,0;0,0;0,0;0,0;0,0;177340620;24,1;32,9;34,6;2020-08-16 22:25:06;E10,902617;N48,359132;477,800;300;SW V1-11 (2020-06-17);2019-06-11 14:16:04;original set-up
2020-08-17 00:30:06;SN19007;measure;8,74;8,01;7,52;32092,4;1727,9;380,0;143,4;93,2;86,0;43,0;21,5;0,0;0,0;7,2;0,0;0,0;0,0;0,0;7,2;0,0;0,0;0,0;0,0;0,0;0,0;0,0;0,0;177340620;24,0;32,9;34,4;2020-08-16 22:30:06;E10,902508;N48,359265;483,300;300;SW V1-11 (2020-06-17);2019-06-11 14:16:04;original set-up
2020-08-17 00:35:06;SN19007;measure;8,65;7,13;6,71;28237,5;1572,8;347,9;79,7;123,2;72,5;29,0;0,0;43,5;0,0;7,2;0,0;0,0;0,0;0,0;0,0;0,0;0,0;0,0;0,0;0,0;0,0;0,0;0,0;177340620;24,2;33,0;33,7;2020-08-16 22:35:06;E10,902477;N48,359108;482,000;300;SW V1-11 (2020-06-17);2019-06-11 14:16:04;original set-up
2020-08-17 00:40:06;SN19007;measure;9,80;6,62;6,05;25307,1;1378,0;288,9;66,7;111,1;59,3;59,3;29,6;22,2;7,4;14,8;0,0;7,4;0,0;0,0;0,0;0,0;0,0;0,0;0,0;0,0;0,0;0,0;0,0;177340620;24,2;32,9;33,1;2020-08-16 22:40:06;E10,902385;N48,359245;481,300;300;SW V1-11 (2020-06-17);2019-06-11 14:16:04;original set-up
2020-08-17 00:45:06;SN19007;measure;7,20;5,34;5,04;21127,4;1145,2;275,4;87,0;137,7;14,5;14,5;29,0;14,5;14,5;0,0;7,2;0,0;0,0;0,0;0,0;0,0;0,0;0,0;0,0;0,0;0,0;0,0;0,0;177340620;23,7;32,9;32,5;2020-08-16 22:45:06;E10,902515;N48,359135;481,600;300;SW V1-11 (2020-06-17);2019-06-11 14:16:04;original set-up
2020-08-17 00:50:06;SN19007;measure;7,66;5,32;5,01;20947,5;1220,1;255,4;78,0;49,7;42,6;21,3;28,4;0,0;14,2;7,1;0,0;7,1;0,0;0,0;0,0;0,0;0,0;0,0;0,0;0,0;0,0;0,0;0,0;177340620;23,5;32,9;31,8;2020-08-16 22:50:06;E10,902595;N48,359215;482,700;300;SW V1-11 (2020-06-17);2019-06-11 14:16:04;original set-up
2020-08-17 00:55:06;SN19007;measure;7,24;5,40;5,02;21004,2;1127,9;361,8;21,3;70,9;42,6;28,4;21,3;35,5;0,0;0,0;7,1;0,0;7,1;0,0;0,0;0,0;0,0;0,0;0,0;0,0;0,0;0,0;0,0;177340620;23,7;32,9;32,2;2020-08-16 22:55:06;E10,902512;N48,359102;480,200;300;SW V1-11 (2020-06-17);2019-06-11 14:16:04;original set-up
2020-08-17 01:00:06;SN19007;measure;6,18;5,11;4,66;19415,6;1101,6;195,7;101,5;43,5;79,7;50,7;0,0;14,5;0,0;7,2;0,0;0,0;7,2;7,2;0,0;0,0;0,0;0,0;0,0;0,0;0,0;0,0;0,0;177340620;23,9;32,9;32,4;2020-08-16 23:00:06;E10,902487;N48,359073;489,500;300;SW V1-11 (2020-06-17);2019-06-11 14:16:04;original set-up
2020-08-17 01:05:06;SN19007;measure;6,11;4,74;4,46;18604,5;1077,1;300,4;117,2;58,6;51,3;7,3;7,3;29,3;0,0;0,0;7,3;0,0;0,0;0,0;0,0;0,0;0,0;0,0;0,0;0,0;0,0;0,0;0,0;177340620;23,4;32,9;32,0;2020-08-16 23:05:06;E10,902482;N48,359027;471,800;300;SW V1-11 (2020-06-17);2019-06-11 14:16:04;original set-up
2020-08-17 01:10:06;SN19007;measure;6,82;4,82;4,47;18692,1;1159,7;246,4;108,7;72,5;29,0;29,0;21,7;14,5;7,2;7,2;7,2;0,0;0,0;0,0;0,0;0,0;0,0;0,0;0,0;0,0;0,0;0,0;0,0;177340620;23,3;32,9;31,8;2020-08-16 23:10:06;E10,902523;N48,359092;476,000;300;SW V1-11 (2020-06-17);2019-06-11 14:16:04;original set-up
2020-08-17 01:15:06;SN19007;measure;7,40;4,86;4,62;19287,0;1118,5;294,0;78,9;136,2;57,4;0,0;7,2;14,3;21,5;0,0;14,3;0,0;0,0;0,0;0,0;0,0;0,0;0,0;0,0;0,0;0,0;0,0;0,0;177340620;23,4;32,9;31,8;2020-08-16 23:15:06;E10,902575;N48,359188;477,600;300;SW V1-11 (2020-06-17);2019-06-11 14:16:04;original set-up
2020-08-17 01:20:06;SN19007;measure;5,59;4,96;4,63;19203,8;1052,8;273,7;77,2;35,1;42,1;28,1;14,0;21,1;0,0;0,0;0,0;0,0;0,0;0,0;0,0;0,0;0,0;0,0;0,0;0,0;0,0;0,0;0,0;177340620;23,8;32,9;31,7;2020-08-16 23:20:06;E10,902483;N48,359037;481,700;300;SW V1-11 (2020-06-17);2019-06-11 14:16:04;original set-up
2020-08-17 01:25:06;SN19007;measure;7,32;5,16;4,73;19902,3;1226,0;286,8;78,9;114,7;43,0;35,8;14,3;35,8;14,3;0,0;7,2;0,0;0,0;0,0;0,0;0,0;0,0;7,2;0,0;0,0;0,0;0,0;0,0;177340620;23,1;32,9;31,7;2020-08-16 23:25:06;E10,902565;N48,359217;487,500;300;SW V1-11 (2020-06-17);2019-06-11 14:16:04;original set-up
2020-08-17 01:30:06;SN19007;measure;6,81;5,59;5,20;21593,0;1283,9;383,1;99,3;85,1;78,0;28,4;7,1;14,2;0,0;0,0;7,1;0,0;7,1;0,0;0,0;0,0;0,0;0,0;0,0;0,0;0,0;0,0;0,0;177340620;23,4;32,9;31,6;2020-08-16 23:30:06;E10,902578;N48,359212;487,000;300;SW V1-11 (2020-06-17);2019-06-11 14:16:04;original set-up
2020-08-17 01:35:06;SN19007;measure;7,42;5,99;5,51;23226,5;1402,2;316,2;75,6;48,1;89,4;48,1;20,6;6,9;13,7;6,9;0,0;0,0;0,0;0,0;0,0;0,0;0,0;0,0;0,0;0,0;0,0;0,0;0,0;177340620;23,3;32,8;32,4;2020-08-16 23:35:06;E10,902518;N48,359117;484,200;300;SW V1-11 (2020-06-17);2019-06-11 14:16:04;original set-up
2020-08-17 01:40:06;SN19007;measure;7,01;6,20;5,65;23965,2;1439,2;277,3;79,2;118,8;66,0;66,0;6,6;33,0;0,0;0,0;0,0;0,0;0,0;0,0;6,6;0,0;0,0;0,0;0,0;0,0;0,0;0,0;0,0;177340620;23,2;32,7;32,9;2020-08-16 23:40:06;E10,902522;N48,359082;487,200;300;SW V1-11 (2020-06-17);2019-06-11 14:16:04;original set-up
2020-08-17 01:45:06;SN19007;measure;8,18;6,51;6,11;26129,4;1693,1;398,8;65,4;65,4;78,4;32,7;13,1;19,6;0,0;0,0;13,1;0,0;0,0;0,0;0,0;0,0;0,0;0,0;0,0;0,0;0,0;0,0;0,0;177340620;23,0;32,7;33,0;2020-08-16 23:45:06;E10,902562;N48,359098;482,900;300;SW V1-11 (2020-06-17);2019-06-11 14:16:04;original set-up
2020-08-17 01:50:06;SN19007;measure;8,21;6,84;6,44;27633,7;1596,5;301,3;76,9;121,8;51,3;25,6;19,2;32,1;0,0;6,4;0,0;0,0;0,0;0,0;0,0;0,0;0,0;0,0;6,4;0,0;0,0;0,0;0,0;177340620;23,1;32,7;33,4;2020-08-16 23:50:06;E10,902557;N48,359083;482,600;300;SW V1-11 (2020-06-17);2019-06-11 14:16:04;original set-up
2020-08-17 01:55:06;SN19007;measure;8,85;7,38;6,74;29289,3;1489,4;436,2;81,0;137,1;81,0;49,9;56,1;18,7;12,5;0,0;0,0;0,0;0,0;0,0;0,0;0,0;0,0;0,0;0,0;0,0;0,0;0,0;0,0;177340620;22,9;32,6;33,9;2020-08-16 23:55:06;E10,902537;N48,359002;479,300;300;SW V1-11 (2020-06-17);2019-06-11 14:16:04;original set-up
2020-08-17 02:00:06;SN19007;measure;8,13;7,39;7,05;30620,9;1775,9;417,5;74,8;99,7;37,4;24,9;18,7;24,9;0,0;0,0;0,0;0,0;0,0;0,0;0,0;0,0;0,0;0,0;0,0;0,0;0,0;0,0;0,0;177340620;23,1;32,5;34,4;2020-08-17 00:00:06;E10,902520;N48,359067;478,700;300;SW V1-11 (2020-06-17);2019-06-11 14:16:04;original set-up
2020-08-17 02:05:06;SN19007;measure;8,13;7,03;6,56;28811,8;1539,7;333,4;121,2;109,1;54,6;36,4;18,2;42,4;0,0;0,0;0,0;0,0;0,0;0,0;0,0;0,0;0,0;0,0;0,0;0,0;0,0;0,0;0,0;177340620;22,9;32,4;34,9;2020-08-17 00:05:06;E10,902593;N48,359012;467,700;300;SW V1-11 (2020-06-17);2019-06-11 14:16:04;original set-up
2020-08-17 02:10:06;SN19007;measure;8,94;7,12;6,74;29860,5;1800,4;309,2;115,2;115,2;60,6;24,2;18,2;18,2;0,0;0,0;6,1;6,1;0,0;0,0;0,0;0,0;0,0;0,0;0,0;0,0;0,0;0,0;0,0;177340620;22,7;32,4;35,2;2020-08-17 00:10:06;E10,902562;N48,359060;476,800;300;SW V1-11 (2020-06-17);2019-06-11 14:16:04;original set-up
2020-08-17 02:15:06;SN19007;measure;9,19;7,02;6,58;29139,2;1624,6;369,8;84,9;90,9;60,6;48,5;18,2;12,1;12,1;18,2;0,0;0,0;0,0;0,0;0,0;0,0;0,0;6,1;0,0;0,0;0,0;0,0;0,0;177340620;22,8;32,3;35,3;2020-08-17 00:15:06;E10,902485;N48,359037;482,600;300;SW V1-11 (2020-06-17);2019-06-11 14:16:04;original set-up
2020-08-17 02:20:06;SN19007;measure;8,24;7,03;6,62;29037,3;1723,6;446,6;75,5;113,2;50,3;37,7;25,2;12,6;6,3;6,3;0,0;0,0;0,0;0,0;0,0;0,0;0,0;0,0;0,0;0,0;0,0;0,0;0,0;177340620;22,8;32,3;35,1;2020-08-17 00:20:06;E10,902517;N48,358995;480,400;300;SW V1-11 (2020-06-17);2019-06-11 14:16:04;original set-up
2020-08-17 02:25:06;SN19007;measure;8,55;6,95;6,61;29257,4;1805,4;383,7;113,2;106,9;56,6;18,9;12,6;25,2;12,6;6,3;0,0;0,0;0,0;0,0;0,0;0,0;0,0;0,0;0,0;0,0;0,0;0,0;0,0;177340620;22,4;32,2;35,1;2020-08-17 00:25:06;E10,902512;N48,359025;488,400;300;SW V1-11 (2020-06-17);2019-06-11 14:16:04;original set-up
2020-08-17 02:30:06;SN19007;measure;7,75;7,18;6,77;30282,8;1717,3;383,7;94,4;81,8;50,3;37,7;31,5;12,6;0,0;0,0;0,0;0,0;0,0;0,0;0,0;0,0;0,0;6,3;0,0;0,0;0,0;0,0;0,0;177340620;22,2;32,1;35,2;2020-08-17 00:30:06;E10,902412;N48,359062;505,800;300;SW V1-11 (2020-06-17);2019-06-11 14:16:04;original set-up
2020-08-17 02:35:06;SN19007;measure;9,08;7,76;7,19;31534,6;1956,4;402,6;119,5;81,8;81,8;75,5;6,3;18,9;6,3;6,3;0,0;0,0;6,3;0,0;0,0;0,0;0,0;0,0;0,0;0,0;0,0;0,0;0,0;177340620;22,7;32,0;35,5;2020-08-17 00:35:06;E10,902573;N48,359042;481,200;300;SW V1-11 (2020-06-17);2019-06-11 14:16:04;original set-up
2020-08-17 02:40:06;SN19007;measure;10,73;8,54;8,03;34925,2;2075,9;490,7;100,6;132,1;81,8;37,7;31,5;18,9;25,2;6,3;0,0;0,0;0,0;0,0;0,0;0,0;0,0;0,0;0,0;0,0;0,0;0,0;0,0;177340620;23,0;31,9;35,7;2020-08-17 00:40:06;E10,902473;N48,359093;486,800;300;SW V1-11 (2020-06-17);2019-06-11 14:16:04;original set-up
2020-08-17 02:45:06;SN19007;measure;9,69;8,94;8,39;36787,2;2359,0;497,0;100,6;88,1;113,2;69,2;6,3;0,0;6,3;6,3;0,0;0,0;0,0;0,0;0,0;0,0;0,0;0,0;0,0;0,0;0,0;0,0;0,0;177340620;22,8;31,8;35,9;2020-08-17 00:45:06;E10,902528;N48,359042;487,200;300;SW V1-11 (2020-06-17);2019-06-11 14:16:04;original set-up
2020-08-17 02:50:06;SN19007;measure;9,83;7,89;7,34;32636,2;2012,7;463,1;142,0;111,1;61,7;67,9;24,7;6,2;12,3;6,2;6,2;0,0;6,2;6,2;0,0;0,0;0,0;0,0;0,0;0,0;0,0;0,0;0,0;177340620;22,4;31,7;36,5;2020-08-17 00:50:06;E10,902507;N48,359080;493,300;300;SW V1-11 (2020-06-17);2019-06-11 14:16:04;original set-up
2020-08-17 02:55:06;SN19007;measure;8,27;6,80;6,46;28727,6;1581,2;425,5;76,2;133,4;50,8;25,4;12,7;19,1;6,4;0,0;6,4;0,0;6,4;0,0;0,0;0,0;0,0;0,0;0,0;0,0;0,0;0,0;0,0;177340620;22,4;31,6;36,3;2020-08-17 00:55:06;E10,902478;N48,359080;488,700;300;SW V1-11 (2020-06-17);2019-06-11 14:16:04;original set-up
2020-08-17 03:00:06;SN19007;measure;10,95;7,07;6,54;28867,4;1773,9;364,9;106,9;176,1;62,9;56,6;6,3;37,7;12,6;6,3;6,3;12,6;0,0;0,0;0,0;0,0;0,0;0,0;0,0;0,0;0,0;0,0;0,0;177340620;22,4;31,4;36,3;2020-08-17 01:00:06;E10,902447;N48,359068;496,600;300;SW V1-11 (2020-06-17);2019-06-11 14:16:04;original set-up
2020-08-17 03:05:06;SN19007;measure;8,95;6,71;6,38;28282,4;1799,1;421,5;125,8;106,9;25,2;31,5;18,9;12,6;12,6;0,0;6,3;6,3;0,0;0,0;6,3;0,0;0,0;0,0;0,0;0,0;0,0;0,0;0,0;177340620;22,4;31,4;37,0;2020-08-17 01:05:06;E10,902447;N48,359058;484,900;300;SW V1-11 (2020-06-17);2019-06-11 14:16:04;original set-up
2020-08-17 03:10:06;SN19007;measure;7,25;6,51;6,00;26429,5;1606,4;375,8;121,2;121,2;60,6;54,6;24,2;12,1;6,1;0,0;0,0;0,0;0,0;0,0;0,0;0,0;0,0;0,0;0,0;0,0;0,0;0,0;0,0;177340620;22,5;31,3;36,8;2020-08-17 01:10:06;E10,902470;N48,359055;483,200;300;SW V1-11 (2020-06-17);2019-06-11 14:16:04;original set-up
2020-08-17 03:15:06;SN19007;measure;7,89;6,40;5,94;26411,3;1727,6;278,8;84,9;145,5;97,0;24,2;24,2;24,2;6,1;0,0;6,1;0,0;0,0;0,0;0,0;0,0;0,0;0,0;0,0;0,0;0,0;0,0;0,0;177340620;22,2;31,3;36,7;2020-08-17 01:15:06;E10,902548;N48,359095;482,400;300;SW V1-11 (2020-06-17);2019-06-11 14:16:04;original set-up
2020-08-17 03:20:06;SN19007;measure;8,21;6,66;6,27;27535,3;1893,2;321,5;101,2;113,1;53,6;29,8;6,0;35,7;6,0;0,0;6,0;0,0;0,0;0,0;0,0;0,0;0,0;0,0;0,0;0,0;0,0;0,0;0,0;177340620;22,4;31,2;36,7;2020-08-17 01:20:06;E10,902523;N48,359100;480,000;300;SW V1-11 (2020-06-17);2019-06-11 14:16:04;original set-up
2020-08-17 03:25:06;SN19007;measure;8,38;6,64;6,21;27332,7;1927,0;360,9;79,5;91,8;55,1;48,9;12,2;18,4;18,4;0,0;6,1;0,0;0,0;0,0;0,0;0,0;0,0;0,0;0,0;0,0;0,0;0,0;0,0;177340620;22,4;31,1;36,8;2020-08-17 01:25:06;E10,902523;N48,359120;486,100;300;SW V1-11 (2020-06-17);2019-06-11 14:16:04;original set-up
2020-08-17 03:30:06;SN19007;measure;7,72;6,50;6,00;26549,7;1584,4;397,6;110,1;97,9;30,6;79,5;18,4;6,1;12,2;6,1;0,0;0,0;0,0;0,0;0,0;0,0;0,0;0,0;0,0;0,0;0,0;0,0;0,0;177340620;22,2;31,1;36,9;2020-08-17 01:30:06;E10,902532;N48,359103;493,000;300;SW V1-11 (2020-06-17);2019-06-11 14:16:04;original set-up
2020-08-17 03:35:06;SN19007;measure;7,73;5,79;5,36;24986,1;1660,7;358,6;119,5;138,4;69,2;37,7;18,9;18,9;6,3;6,3;0,0;6,3;0,0;0,0;0,0;0,0;0,0;0,0;0,0;0,0;0,0;0,0;0,0;177340620;21,1;31,1;37,2;2020-08-17 01:35:06;E10,902517;N48,359122;483,400;300;SW V1-11 (2020-06-17);2019-06-11 14:16:04;original set-up
2020-08-17 03:40:06;SN19007;measure;7,14;5,68;5,16;23902,2;1795,2;468,0;121,8;96,2;128,2;38,5;19,2;19,2;12,8;6,4;0,0;0,0;0,0;0,0;0,0;0,0;0,0;0,0;0,0;0,0;0,0;0,0;0,0;177340620;20,8;31,0;36,6;2020-08-17 01:40:06;E10,902527;N48,359160;486,200;300;SW V1-11 (2020-06-17);2019-06-11 14:16:04;original set-up
2020-08-17 03:45:06;SN19007;measure;6,69;5,58;5,07;23124,9;1538,7;410,3;141,0;115,4;83,3;51,3;25,6;6,4;19,2;0,0;0,0;0,0;0,0;0,0;0,0;0,0;0,0;0,0;0,0;0,0;0,0;0,0;0,0;177340620;20,9;30,7;36,6;2020-08-17 01:45:06;E10,902480;N48,359162;486,600;300;SW V1-11 (2020-06-17);2019-06-11 14:16:04;original set-up
2020-08-17 03:50:06;SN19007;measure;7,93;5,56;5,06;23033,7;1404,8;362,5;116,5;161,8;84,2;25,9;45,3;12,9;32,4;6,5;0,0;0,0;0,0;0,0;0,0;0,0;0,0;0,0;0,0;0,0;0,0;0,0;0,0;177340620;20,9;30,4;37,1;2020-08-17 01:50:06;E10,902470;N48,359123;487,000;300;SW V1-11 (2020-06-17);2019-06-11 14:16:04;original set-up
2020-08-17 03:55:06;SN19007;measure;7,93;5,80;5,15;23212,6;1531,7;415,9;105,6;158,4;85,8;72,6;13,2;46,2;13,2;0,0;6,6;0,0;0,0;0,0;0,0;0,0;0,0;0,0;0,0;0,0;0,0;0,0;0,0;177340620;21,0;30,2;37,3;2020-08-17 01:55:06;E10,902525;N48,359180;487,600;300;SW V1-11 (2020-06-17);2019-06-11 14:16:04;original set-up
2020-08-17 04:00:06;SN19007;measure;5,95;5,22;4,74;21361,8;1557,9;391,1;115,4;134,6;57,7;57,7;25,6;0,0;12,8;0,0;0,0;0,0;0,0;0,0;0,0;0,0;0,0;0,0;0,0;0,0;0,0;0,0;0,0;177340620;20,9;30,1;37,4;2020-08-17 02:00:06;E10,902460;N48,359233;471,600;300;SW V1-11 (2020-06-17);2019-06-11 14:16:04;original set-up
2020-08-17 04:05:06;SN19007;measure;6,52;5,23;4,81;21538,3;1281,8;446,7;142,4;123,0;84,2;19,4;25,9;12,9;6,5;0,0;6,5;0,0;0,0;0,0;0,0;0,0;0,0;0,0;0,0;0,0;0,0;0,0;0,0;177340620;21,0;30,0;37,4;2020-08-17 02:05:06;E10,902500;N48,359137;483,800;300;SW V1-11 (2020-06-17);2019-06-11 14:16:04;original set-up
2020-08-17 04:10:06;SN19007;measure;6,87;5,32;4,76;21529,1;1511,9;422,5;118,8;125,4;112,2;26,4;52,8;13,2;6,6;0,0;6,6;0,0;0,0;0,0;0,0;0,0;0,0;0,0;0,0;0,0;0,0;0,0;0,0;177340620;20,8;29,9;37,8;2020-08-17 02:10:06;E10,902498;N48,359123;482,200;300;SW V1-11 (2020-06-17);2019-06-11 14:16:04;original set-up
2020-08-17 04:15:06;SN19007;measure;5,87;5,10;4,57;20899,6;1464,3;353,0;111,1;163,4;137,3;39,2;13,1;6,5;0,0;0,0;6,5;0,0;0,0;0,0;0,0;0,0;0,0;0,0;0,0;0,0;0,0;0,0;0,0;177340620;20,6;29,9;37,8;2020-08-17 02:15:06;E10,902503;N48,359133;477,800;300;SW V1-11 (2020-06-17);2019-06-11 14:16:04;original set-up
2020-08-17 04:20:06;SN19007;measure;6,61;4,58;4,25;19440,5;1392,3;385,7;143,8;78,4;65,4;32,7;6,5;0,0;6,5;26,1;0,0;0,0;0,0;0,0;0,0;0,0;0,0;0,0;0,0;0,0;0,0;0,0;0,0;177340620;20,4;29,8;37,9;2020-08-17 02:20:06;E10,902502;N48,359102;469,900;300;SW V1-11 (2020-06-17);2019-06-11 14:16:04;original set-up
2020-08-17 04:25:06;SN19007;measure;6,80;4,92;4,36;19914,2;1442,6;282,1;76,9;83,4;70,5;76,9;32,1;6,4;6,4;6,4;0,0;6,4;0,0;0,0;0,0;0,0;0,0;0,0;0,0;0,0;0,0;0,0;0,0;177340620;20,6;29,6;38,1;2020-08-17 02:25:06;E10,902582;N48,359105;465,700;300;SW V1-11 (2020-06-17);2019-06-11 14:16:04;original set-up
2020-08-17 04:30:06;SN19007;measure;5,93;4,85;4,26;19782,6;1391,8;459,6;71,2;110,0;90,6;71,2;19,4;32,4;6,5;0,0;0,0;0,0;0,0;0,0;0,0;0,0;0,0;0,0;0,0;0,0;0,0;0,0;0,0;177340620;20,2;29,5;38,4;2020-08-17 02:30:06;E10,902477;N48,359117;477,200;300;SW V1-11 (2020-06-17);2019-06-11 14:16:04;original set-up
2020-08-17 04:35:06;SN19007;measure;6,85;4,96;4,50;20977,5;1573,6;406,7;106,7;120,0;86,7;46,7;13,3;20,0;13,3;13,3;0,0;0,0;0,0;0,0;0,0;0,0;0,0;0,0;0,0;0,0;0,0;0,0;0,0;177340620;20,1;29,5;38,6;2020-08-17 02:35:06;E10,902477;N48,359085;479,500;300;SW V1-11 (2020-06-17);2019-06-11 14:16:04;original set-up
2020-08-17 04:40:06;SN19007;measure;6,74;5,02;4,52;20957,5;1507,0;400,1;146,7;106,7;60,0;53,3;26,7;26,7;13,3;6,7;0,0;0,0;0,0;0,0;0,0;0,0;0,0;0,0;0,0;0,0;0,0;0,0;0,0;177340620;20,1;29,3;38,9;2020-08-17 02:40:06;E10,902537;N48,359078;479,800;300;SW V1-11 (2020-06-17);2019-06-11 14:16:04;original set-up
2020-08-17 04:45:06;SN19007;measure;6,38;5,13;4,58;21284,8;1683,5;422,5;92,4;125,4;72,6;66,0;33,0;13,2;6,6;6,6;0,0;0,0;0,0;0,0;0,0;0,0;0,0;0,0;0,0;0,0;0,0;0,0;0,0;177340620;20,2;29,2;39,4;2020-08-17 02:45:06;E10,902588;N48,359113;468,100;300;SW V1-11 (2020-06-17);2019-06-11 14:16:04;original set-up
2020-08-17 04:50:06;SN19007;measure;6,62;4,88;4,43;20645,2;1558,0;416,8;147,5;76,9;51,3;57,7;19,2;12,8;12,8;12,8;0,0;0,0;0,0;0,0;0,0;0,0;0,0;0,0;0,0;0,0;0,0;0,0;0,0;177340620;20,2;29,1;39,8;2020-08-17 02:50:06;E10,902570;N48,359068;466,600;300;SW V1-11 (2020-06-17);2019-06-11 14:16:04;original set-up
2020-08-17 04:55:06;SN19007;measure;6,28;4,71;4,45;21025,5;1696,0;414,3;129,5;84,2;38,8;25,9;6,5;6,5;12,9;6,5;6,5;0,0;0,0;0,0;0,0;0,0;0,0;0,0;0,0;0,0;0,0;0,0;0,0;177340620;19,9;29,0;39,9;2020-08-17 02:55:06;E10,902557;N48,359090;467,300;300;SW V1-11 (2020-06-17);2019-06-11 14:16:04;original set-up
2020-08-17 05:00:06;SN19007;measure;5,48;4,93;4,44;20936,1;1587,5;355,6;108,0;95,3;120,7;50,8;6,4;12,7;6,4;0,0;0,0;0,0;0,0;0,0;0,0;0,0;0,0;0,0;0,0;0,0;0,0;0,0;0,0;177340620;20,1;29,0;40,1;2020-08-17 03:00:06;E10,902578;N48,359130;464,500;300;SW V1-11 (2020-06-17);2019-06-11 14:16:04;original set-up
2020-08-17 05:05:06;SN19007;measure;6,23;4,74;4,19;19715,5;1436,2;493,7;134,6;121,8;121,8;57,7;12,8;12,8;6,4;6,4;6,4;0,0;0,0;0,0;0,0;0,0;0,0;0,0;0,0;0,0;0,0;0,0;0,0;177340620;19,9;28,9;40,2;2020-08-17 03:05:06;E10,902473;N48,359095;470,100;300;SW V1-11 (2020-06-17);2019-06-11 14:16:04;original set-up
2020-08-17 05:10:06;SN19007;measure;5,69;4,78;4,23;20353,6;1489,0;427,3;110,1;135,9;135,9;45,3;19,4;25,9;6,5;0,0;0,0;0,0;0,0;0,0;0,0;0,0;0,0;0,0;0,0;0,0;0,0;0,0;0,0;177340620;19,6;28,8;40,4;2020-08-17 03:10:06;E10,902545;N48,359098;468,100;300;SW V1-11 (2020-06-17);2019-06-11 14:16:04;original set-up
2020-08-17 05:15:06;SN19007;measure;5,65;4,82;4,22;20239,0;1651,1;463,6;146,1;158,8;95,3;69,9;25,4;19,1;6,4;0,0;0,0;0,0;0,0;0,0;0,0;0,0;0,0;0,0;0,0;0,0;0,0;0,0;0,0;177340620;19,6;28,8;40,6;2020-08-17 03:15:06;E10,902525;N48,359118;481,600;300;SW V1-11 (2020-06-17);2019-06-11 14:16:04;original set-up
2020-08-17 05:20:06;SN19007;measure;6,24;4,78;4,22;20493,0;1460,6;431,8;108,0;120,7;101,6;63,5;31,8;12,7;0,0;0,0;12,7;0,0;0,0;0,0;0,0;0,0;6,4;0,0;0,0;0,0;0,0;0,0;0,0;177340620;19,6;28,7;41,0;2020-08-17 03:20:06;E10,902538;N48,359032;471,200;300;SW V1-11 (2020-06-17);2019-06-11 14:16:04;original set-up
2020-08-17 05:25:06;SN19007;measure;6,77;4,81;4,35;20914,4;1679,8;429,6;109,0;185,9;102,6;38,5;12,8;12,8;0,0;6,4;6,4;6,4;0,0;0,0;0,0;0,0;0,0;0,0;0,0;0,0;0,0;0,0;0,0;177340620;19,7;28,6;41,0;2020-08-17 03:25:06;E10,902523;N48,359127;486,200;300;SW V1-11 (2020-06-17);2019-06-11 14:16:04;original set-up
2020-08-17 05:30:06;SN19007;measure;7,52;4,82;4,26;20109,9;1769,8;523,5;99,7;99,7;118,4;49,9;37,4;12,5;12,5;12,5;0,0;6,2;6,2;0,0;0,0;0,0;0,0;0,0;0,0;0,0;0,0;0,0;0,0;177340620;20,0;28,6;41,2;2020-08-17 03:30:06;E10,902472;N48,359145;489,100;300;SW V1-11 (2020-06-17);2019-06-11 14:16:04;original set-up
2020-08-17 05:35:06;SN19007;measure;5,62;4,76;4,14;19626,1;1469,3;413,6;185,2;172,9;86,4;67,9;30,9;18,5;6,2;0,0;0,0;0,0;0,0;0,0;0,0;0,0;0,0;0,0;0,0;0,0;0,0;0,0;0,0;177340620;19,9;28,5;41,4;2020-08-17 03:35:06;E10,902512;N48,359078;486,500;300;SW V1-11 (2020-06-17);2019-06-11 14:16:04;original set-up
2020-08-17 05:40:06;SN19007;measure;6,59;4,74;4,16;19798,4;1626,5;511,0;211,9;174,5;81,0;62,3;31,2;6,2;18,7;12,5;0,0;0,0;0,0;0,0;0,0;0,0;0,0;0,0;0,0;0,0;0,0;0,0;0,0;177340620;19,8;28,5;41,4;2020-08-17 03:40:06;E10,902573;N48,359108;489,000;300;SW V1-11 (2020-06-17);2019-06-11 14:16:04;original set-up
2020-08-17 05:45:06;SN19007;measure;5,40;4,70;4,04;19567,8;1364,8;423,8;99,7;205,6;87,2;87,2;24,9;24,9;0,0;0,0;0,0;0,0;0,0;0,0;0,0;0,0;0,0;0,0;0,0;0,0;0,0;0,0;0,0;177340620;19,7;28,5;41,7;2020-08-17 03:45:06;E10,902488;N48,359092;496,300;300;SW V1-11 (2020-06-17);2019-06-11 14:16:04;original set-up
2020-08-17 05:50:06;SN19007;measure;5,30;4,39;4,03;19751,1;1415,1;343,2;150,5;126,5;78,3;36,1;6,0;0,0;12,0;0,0;6,0;0,0;0,0;0,0;0,0;0,0;0,0;0,0;0,0;0,0;0,0;0,0;0,0;177340620;19,5;28,4;41,8;2020-08-17 03:50:06;E10,902445;N48,359092;495,500;300;SW V1-11 (2020-06-17);2019-06-11 14:16:04;original set-up
2020-08-17 05:55:06;SN19007;measure;4,75;4,36;3,85;18558,0;1413,8;388,9;105,0;172,9;105,0;55,6;18,5;0,0;6,2;0,0;0,0;0,0;0,0;0,0;0,0;0,0;0,0;0,0;0,0;0,0;0,0;0,0;0,0;177340620;19,8;28,4;41,9;2020-08-17 03:55:06;E10,902473;N48,359093;495,900;300;SW V1-11 (2020-06-17);2019-06-11 14:16:04;original set-up
2020-08-17 06:00:06;SN19007;measure;5,59;4,37;3,81;18869,8;1371,0;336,5;130,9;162,0;93,5;68,5;12,5;31,2;0,0;6,2;0,0;0,0;6,2;0,0;0,0;0,0;0,0;0,0;0,0;0,0;0,0;0,0;0,0;177340620;19,4;28,4;42,1;2020-08-17 04:00:06;E10,902558;N48,359165;503,600;300;SW V1-11 (2020-06-17);2019-06-11 14:16:04;original set-up
2020-08-17 06:05:06;SN19007;measure;4,84;4,26;3,81;18695,3;1377,2;330,3;124,6;174,5;62,3;49,9;12,5;24,9;0,0;0,0;0,0;0,0;0,0;0,0;0,0;0,0;0,0;0,0;0,0;0,0;0,0;0,0;0,0;177340620;19,6;28,5;41,9;2020-08-17 04:05:06;E10,902528;N48,359138;498,100;300;SW V1-11 (2020-06-17);2019-06-11 14:16:04;original set-up
2020-08-17 06:10:06;SN19007;measure;5,22;4,06;3,53;17298,6;1518,7;413,6;135,8;92,6;92,6;61,7;24,7;18,5;6,2;6,2;0,0;0,0;0,0;0,0;0,0;0,0;0,0;0,0;0,0;0,0;0,0;0,0;0,0;177340620;19,5;28,4;42,1;2020-08-17 04:10:06;E10,902482;N48,359085;490,000;300;SW V1-11 (2020-06-17);2019-06-11 14:16:04;original set-up
2020-08-17 06:15:06;SN19007;measure;4,70;3,86;3,45;16994,2;1180,7;477,2;110,1;146,8;73,4;48,9;6,1;18,4;0,0;0,0;6,1;0,0;0,0;0,0;0,0;0,0;0,0;0,0;0,0;0,0;0,0;0,0;0,0;177340620;19,4;28,4;42,0;2020-08-17 04:15:06;E10,902658;N48,359323;534,500;300;SW V1-11 (2020-06-17);2019-06-11 14:16:04;original set-up
2020-08-17 06:20:06;SN19007;measure;5,72;4,19;3,40;16361,3;1333,6;351,9;148,2;111,1;142,0;98,8;30,9;30,9;18,5;0,0;0,0;0,0;0,0;0,0;0,0;0,0;0,0;0,0;0,0;0,0;0,0;0,0;0,0;177340620;19,8;28,3;42,2;2020-08-17 04:20:06;E10,902583;N48,359135;467,000;300;SW V1-11 (2020-06-17);2019-06-11 14:16:04;original set-up
2020-08-17 06:25:06;SN19007;measure;5,40;4,29;3,64;17552,7;1314,5;381,0;165,1;152,4;114,3;69,9;31,8;19,1;0,0;0,0;6,4;0,0;0,0;0,0;0,0;0,0;0,0;0,0;0,0;0,0;0,0;0,0;0,0;177340620;19,8;28,3;42,3;2020-08-17 04:25:06;E10,902665;N48,359533;515,200;300;SW V1-11 (2020-06-17);2019-06-11 14:16:04;original set-up
2020-08-17 06:30:06;SN19007;measure;4,10;3,86;3,41;16676,3;1415,4;484,4;125,8;144,7;119,5;44,0;0,0;12,6;0,0;0,0;0,0;0,0;0,0;0,0;0,0;0,0;0,0;0,0;0,0;0,0;0,0;0,0;0,0;177340620;19,5;28,3;42,3;2020-08-17 04:30:06;E10,902617;N48,359177;500,700;300;SW V1-11 (2020-06-17);2019-06-11 14:16:04;original set-up
2020-08-17 06:35:06;SN19007;measure;4,45;3,90;3,45;16939,2;1449,8;373,2;128,5;122,3;79,5;36,7;36,7;12,2;0,0;0,0;0,0;0,0;0,0;0,0;0,0;0,0;0,0;0,0;0,0;0,0;0,0;0,0;0,0;177340620;19,4;28,3;42,3;2020-08-17 04:35:06;E10,902547;N48,359090;493,300;300;SW V1-11 (2020-06-17);2019-06-11 14:16:04;original set-up
2020-08-17 06:40:06;SN19007;measure;4,57;3,71;3,18;15979,3;1299,3;319,1;131,1;114,0;85,5;62,7;28,5;22,8;5,7;0,0;0,0;0,0;0,0;0,0;0,0;0,0;0,0;0,0;0,0;0,0;0,0;0,0;0,0;177340620;19,2;28,1;42,7;2020-08-17 04:40:06;E10,902600;N48,359067;490,400;300;SW V1-11 (2020-06-17);2019-06-11 14:16:04;original set-up
2020-08-17 06:45:06;SN19007;measure;4,25;3,43;2,94;14562,1;1199,2;387,2;96,8;102,2;112,9;53,8;16,1;16,1;10,8;0,0;0,0;0,0;0,0;0,0;0,0;0,0;0,0;0,0;0,0;0,0;0,0;0,0;0,0;177340620;19,4;28,0;43,0;2020-08-17 04:45:06;E10,902600;N48,359077;485,600;300;SW V1-11 (2020-06-17);2019-06-11 14:16:04;original set-up
2020-08-17 06:50:06;SN19007;measure;4,18;3,51;2,96;14832,4;1291,6;441,0;120,8;115,5;89,3;89,3;10,5;5,3;5,3;5,3;0,0;0,0;0,0;0,0;0,0;0,0;0,0;0,0;0,0;0,0;0,0;0,0;0,0;177340620;19,2;27,9;43,3;2020-08-17 04:50:06;E10,902600;N48,359110;480,600;300;SW V1-11 (2020-06-17);2019-06-11 14:16:04;original set-up
2020-08-17 06:55:06;SN19007;measure;4,13;3,21;2,77;13694,3;1159,4;348,3;114,5;104,5;104,5;39,8;19,9;14,9;5,0;5,0;0,0;0,0;0,0;0,0;0,0;0,0;0,0;0,0;0,0;0,0;0,0;0,0;0,0;177340620;19,3;27,9;43,3;2020-08-17 04:55:06;E10,902563;N48,359072;478,600;300;SW V1-11 (2020-06-17);2019-06-11 14:16:04;original set-up
2020-08-17 07:00:06;SN19007;measure;3,83;3,05;2,63;13222,4;1368,2;405,0;128,4;163,0;59,3;49,4;14,8;19,8;0,0;4,9;0,0;0,0;0,0;0,0;0,0;0,0;0,0;0,0;0,0;0,0;0,0;0,0;0,0;177340620;19,1;27,8;43,6;2020-08-17 05:00:06;E10,902517;N48,359098;476,700;300;SW V1-11 (2020-06-17);2019-06-11 14:16:04;original set-up
2020-08-17 07:05:06;SN19007;measure;3,51;2,76;2,44;12144,5;1224,0;342,9;81,0;185,7;57,2;19,1;19,1;14,3;9,5;0,0;0,0;0,0;0,0;4,8;0,0;0,0;0,0;0,0;0,0;0,0;0,0;0,0;0,0;177340620;19,2;27,8;43,5;2020-08-17 05:05:06;E10,902522;N48,358998;476,700;300;SW V1-11 (2020-06-17);2019-06-11 14:16:04;original set-up
2020-08-17 07:10:06;SN19007;measure;3,73;2,91;2,46;12158,5;978,9;269,6;104,0;132,4;85,1;56,7;4,7;23,6;9,5;0,0;0,0;0,0;0,0;0,0;0,0;0,0;0,0;0,0;0,0;0,0;0,0;0,0;0,0;177340620;19,4;27,8;43,6;2020-08-17 05:10:06;E10,902432;N48,359063;475,600;300;SW V1-11 (2020-06-17);2019-06-11 14:16:04;original set-up
2020-08-17 07:15:06;SN19007;measure;3,55;2,96;2,52;12111,2;1083,0;350,0;89,9;104,0;104,0;37,8;14,2;23,6;0,0;0,0;0,0;0,0;0,0;0,0;0,0;0,0;0,0;0,0;0,0;0,0;0,0;0,0;0,0;177340620;19,8;27,8;43,5;2020-08-17 05:15:06;E10,902400;N48,359045;475,900;300;SW V1-11 (2020-06-17);2019-06-11 14:16:04;original set-up
2020-08-17 07:20:06;SN19007;measure;3,85;2,95;2,47;11836,9;1087,7;378,3;80,4;170,2;104,0;42,6;23,6;9,5;14,2;0,0;0,0;0,0;0,0;0,0;0,0;0,0;0,0;0,0;0,0;0,0;0,0;0,0;0,0;177340620;19,9;27,9;43,7;2020-08-17 05:20:06;E10,902320;N48,359068;478,800;300;SW V1-11 (2020-06-17);2019-06-11 14:16:04;original set-up
2020-08-17 07:25:06;SN19007;measure;4,00;2,92;2,41;11586,6;1137,7;419,6;88,6;125,9;102,6;65,3;14,0;14,0;4,7;0,0;0,0;4,7;0,0;4,7;0,0;0,0;0,0;0,0;0,0;0,0;0,0;0,0;0,0;177340620;19,7;27,9;43,4;2020-08-17 05:25:06;E10,902435;N48,359030;477,200;300;SW V1-11 (2020-06-17);2019-06-11 14:16:04;original set-up
2020-08-17 07:30:06;SN19007;measure;5,02;2,94;2,37;11269,9;1112,9;356,9;122,1;140,9;61,0;70,4;37,6;23,5;28,2;4,7;0,0;0,0;0,0;0,0;0,0;0,0;0,0;0,0;0,0;0,0;0,0;0,0;0,0;177340620;19,8;28,0;43,1;2020-08-17 05:30:06;E10,902402;N48,359065;478,100;300;SW V1-11 (2020-06-17);2019-06-11 14:16:04;original set-up
2020-08-17 07:35:06;SN19007;measure;3,59;2,59;2,23;10845,7;893,6;317,5;99,8;81,6;63,5;40,8;4,5;27,2;4,5;4,5;0,0;0,0;0,0;0,0;0,0;0,0;0,0;0,0;0,0;0,0;0,0;0,0;0,0;177340620;19,6;28,0;43,1;2020-08-17 05:35:06;E10,902407;N48,359055;475,700;300;SW V1-11 (2020-06-17);2019-06-11 14:16:04;original set-up
2020-08-17 07:40:06;SN19007;measure;3,15;2,54;2,15;10432,2;857,3;322,0;90,7;122,5;77,1;40,8;13,6;9,1;9,1;0,0;0,0;0,0;0,0;0,0;0,0;0,0;0,0;0,0;0,0;0,0;0,0;0,0;0,0;177340620;19,7;28,0;43,2;2020-08-17 05:40:06;E10,902485;N48,358978;477,500;300;SW V1-11 (2020-06-17);2019-06-11 14:16:04;original set-up
2020-08-17 07:45:06;SN19007;measure;3,35;2,55;2,20;10594,7;722,4;282,5;143,5;106,5;18,5;37,0;32,4;9,3;0,0;0,0;4,6;0,0;0,0;0,0;0,0;0,0;0,0;0,0;0,0;0,0;0,0;0,0;0,0;177340620;19,8;28,1;43,1;2020-08-17 05:45:06;E10,902415;N48,359010;477,800;300;SW V1-11 (2020-06-17);2019-06-11 14:16:04;original set-up
2020-08-17 07:50:06;SN19007;measure;3,56;2,31;2,03;10029,0;865,0;261,3;63,1;108,1;49,6;22,5;13,5;18,0;13,5;0,0;4,5;0,0;0,0;0,0;0,0;0,0;0,0;0,0;0,0;0,0;0,0;0,0;0,0;177340620;19,4;28,1;43,0;2020-08-17 05:50:06;E10,902415;N48,359008;478,600;300;SW V1-11 (2020-06-17);2019-06-11 14:16:04;original set-up
2020-08-17 07:55:06;SN19007;measure;3,55;2,26;1,94;9628,0;729,0;355,6;80,0;66,7;62,2;40,0;8,9;8,9;4,4;4,4;8,9;0,0;0,0;0,0;0,0;0,0;0,0;0,0;0,0;0,0;0,0;0,0;0,0;177340620;19,3;28,0;43,0;2020-08-17 05:55:06;E10,902502;N48,358960;477,700;300;SW V1-11 (2020-06-17);2019-06-11 14:16:04;original set-up
2020-08-17 08:00:06;SN19007;measure;3,38;2,54;2,09;10200,2;869,5;270,3;85,6;108,1;67,6;58,6;27,0;9,0;4,5;4,5;0,0;0,0;0,0;0,0;0,0;0,0;4,5;0,0;0,0;0,0;0,0;0,0;0,0;177340620;19,5;28,0;43,0;2020-08-17 06:00:06;E10,902412;N48,359032;476,800;300;SW V1-11 (2020-06-17);2019-06-11 14:16:04;original set-up
2020-08-17 08:05:06;SN19007;measure;4,21;2,51;2,15;10568,3;866,3;303,9;90,7;122,5;49,9;45,4;13,6;9,1;9,1;4,5;4,5;4,5;0,0;0,0;0,0;0,0;0,0;0,0;0,0;0,0;0,0;0,0;0,0;177340620;19,5;28,0;43,3;2020-08-17 06:05:06;E10,902430;N48,359098;477,800;300;SW V1-11 (2020-06-17);2019-06-11 14:16:04;original set-up
2020-08-17 08:10:06;SN19007;measure;3,33;2,34;2,05;10011,1;880,0;226,8;72,6;77,1;27,2;27,2;27,2;22,7;9,1;0,0;0,0;0,0;0,0;0,0;0,0;0,0;0,0;0,0;0,0;0,0;0,0;0,0;0,0;177340620;19,6;28,0;43,3;2020-08-17 06:10:06;E10,902533;N48,359010;477,800;300;SW V1-11 (2020-06-17);2019-06-11 14:16:04;original set-up
2020-08-17 08:15:06;SN19007;measure;3,53;2,40;2,03;10129,0;807,4;258,6;104,3;72,6;95,3;22,7;18,1;27,2;13,6;0,0;0,0;0,0;0,0;0,0;4,5;0,0;0,0;0,0;0,0;0,0;0,0;0,0;0,0;177340620;19,3;28,0;43,3;2020-08-17 06:15:06;E10,902422;N48,359090;478,000;300;SW V1-11 (2020-06-17);2019-06-11 14:16:04;original set-up
2020-08-17 08:20:06;SN19007;measure;3,67;2,38;2,10;10248,6;922,6;242,1;86,8;82,2;59,4;18,3;13,7;18,3;4,6;9,1;0,0;0,0;4,6;0,0;0,0;0,0;0,0;0,0;0,0;0,0;0,0;0,0;0,0;177340620;19,6;28,0;43,1;2020-08-17 06:20:06;E10,902573;N48,359038;477,100;300;SW V1-11 (2020-06-17);2019-06-11 14:16:04;original set-up
2020-08-17 08:25:06;SN19007;measure;3,30;2,53;2,27;10927,4;949,2;310,2;50,9;83,3;64,8;13,9;18,5;4,6;0,0;0,0;0,0;4,6;0,0;0,0;0,0;0,0;0,0;0,0;0,0;0,0;0,0;0,0;0,0;177340620;19,9;28,0;43,2;2020-08-17 06:25:06;E10,902550;N48,359008;472,500;300;SW V1-11 (2020-06-17);2019-06-11 14:16:04;original set-up
2020-08-17 08:30:06;SN19007;measure;3,26;2,46;2,04;10114,7;864,0;239,5;84,5;122,1;84,5;37,6;32,9;9,4;0,0;0,0;4,7;0,0;0,0;0,0;0,0;0,0;0,0;0,0;0,0;0,0;0,0;0,0;0,0;177340620;19,5;28,0;43,5;2020-08-17 06:30:06;E10,902548;N48,359040;472,400;300;SW V1-11 (2020-06-17);2019-06-11 14:16:04;original set-up
2020-08-17 08:35:06;SN19007;measure;3,75;2,50;2,13;10316,9;903,0;263,9;78,7;125,0;78,7;37,0;18,5;4,6;18,5;0,0;4,6;0,0;0,0;0,0;0,0;0,0;0,0;0,0;0,0;0,0;0,0;0,0;0,0;177340620;19,7;28,0;43,2;2020-08-17 06:35:06;E10,902405;N48,359082;471,500;300;SW V1-11 (2020-06-17);2019-06-11 14:16:04;original set-up
2020-08-17 08:40:06;SN19007;measure;2,88;2,66;2,29;10829,0;942,7;317,3;110,4;128,8;59,8;46,0;4,6;9,2;0,0;0,0;0,0;0,0;0,0;0,0;0,0;0,0;0,0;0,0;0,0;0,0;0,0;0,0;0,0;177340620;20,0;28,0;43,1;2020-08-17 06:40:06;E10,902482;N48,359105;475,200;300;SW V1-11 (2020-06-17);2019-06-11 14:16:04;original set-up
2020-08-17 08:45:06;SN19007;measure;3,16;2,53;2,05;9810,2;881,5;246,6;86,8;114,2;109,6;54,8;13,7;9,1;9,1;0,0;0,0;0,0;0,0;0,0;0,0;0,0;0,0;0,0;0,0;0,0;0,0;0,0;0,0;177340620;19,9;28,1;43,2;2020-08-17 06:45:06;E10,902458;N48,359088;476,400;300;SW V1-11 (2020-06-17);2019-06-11 14:16:04;original set-up
2020-08-17 08:50:06;SN19007;measure;3,85;2,47;2,08;9941,4;886,0;265,8;60,6;107,2;74,6;37,3;23,3;14,0;14,0;4,7;0,0;0,0;4,7;0,0;0,0;0,0;0,0;0,0;0,0;0,0;0,0;0,0;0,0;177340620;20,1;28,1;43,4;2020-08-17 06:50:06;E10,902467;N48,359093;473,900;300;SW V1-11 (2020-06-17);2019-06-11 14:16:04;original set-up
2020-08-17 08:55:06;SN19007;measure;2,85;2,34;2,08;9884,6;873,4;305,2;108,0;61,0;42,3;28,2;9,4;4,7;9,4;0,0;0,0;0,0;0,0;0,0;0,0;0,0;0,0;0,0;0,0;0,0;0,0;0,0;0,0;177340620;20,1;28,2;43,0;2020-08-17 06:55:06;E10,902545;N48,359127;464,400;300;SW V1-11 (2020-06-17);2019-06-11 14:16:04;original set-up
2020-08-17 09:00:06;SN19007;measure;2,97;2,16;1,85;9104,0;795,7;253,4;106,7;102,2;66,7;13,3;26,7;8,9;4,4;4,4;0,0;0,0;0,0;0,0;0,0;0,0;0,0;0,0;0,0;0,0;0,0;0,0;0,0;177340620;19,7;28,2;43,4;2020-08-17 07:00:06;E10,902485;N48,359137;476,800;300;SW V1-11 (2020-06-17);2019-06-11 14:16:04;original set-up
2020-08-17 09:05:06;SN19007;measure;3,98;2,17;1,83;9172,4;770,4;247,8;67,6;112,6;58,6;36,0;13,5;22,5;4,5;13,5;4,5;0,0;0,0;0,0;0,0;0,0;0,0;0,0;0,0;4,5;0,0;0,0;0,0;177340620;19,5;28,3;43,3;2020-08-17 07:05:06;E10,902473;N48,359172;479,800;300;SW V1-11 (2020-06-17);2019-06-11 14:16:04;original set-up
2020-08-17 09:10:06;SN19007;measure;3,01;1,84;1,54;7770,4;617,9;266,7;88,9;66,7;44,5;31,1;13,3;26,7;8,9;4,4;0,0;0,0;0,0;0,0;0,0;0,0;0,0;0,0;0,0;0,0;0,0;0,0;0,0;177340620;19,4;28,2;43,7;2020-08-17 07:10:06;E10,902567;N48,359088;477,600;300;SW V1-11 (2020-06-17);2019-06-11 14:16:04;original set-up
2020-08-17 09:15:06;SN19007;measure;2,70;1,93;1,55;8208,8;711,9;225,3;117,1;117,1;81,1;40,5;18,0;13,5;4,5;4,5;0,0;0,0;0,0;0,0;0,0;0,0;0,0;0,0;0,0;0,0;0,0;0,0;0,0;177340620;18,8;28,1;43,8;2020-08-17 07:15:06;E10,902543;N48,359088;474,800;300;SW V1-11 (2020-06-17);2019-06-11 14:16:04;original set-up
2020-08-17 09:20:06;SN19007;measure;6,75;2,74;1,91;9871,7;1250,2;564,9;194,5;259,3;180,6;92,6;46,3;27,8;37,0;4,6;9,3;9,3;9,3;13,9;0,0;4,6;0,0;0,0;0,0;0,0;0,0;0,0;0,0;177340620;18,9;27,9;44,8;2020-08-17 07:20:06;E10,902453;N48,359128;475,000;300;SW V1-11 (2020-06-17);2019-06-11 14:16:04;original set-up
2020-08-17 09:25:06;SN19007;measure;3,05;2,23;1,65;9934,4;1126,4;536,1;157,7;225,3;139,7;85,6;31,5;18,0;4,5;4,5;0,0;0,0;0,0;0,0;0,0;0,0;0,0;0,0;0,0;0,0;0,0;0,0;0,0;177340620;18,7;27,5;48,5;2020-08-17 07:25:06;E10,902512;N48,359137;473,400;300;SW V1-11 (2020-06-17);2019-06-11 14:16:04;original set-up
