***begin of header***
date&time [local time];serial-no;type;PM10 [ug/m3];PM2.5 [ug/m3];PM1 [ug/m3];0,35 [um];0,46 [um];0,66 [um];1,0 [um];1,3 [um];1,7 [um];2,3 [um];3,0 [um];4,0 [um];5,2 [um];6,5 [um];8,0 [um];10 [um];12 [um];14 [um];16 [um];18 [um];20 [um];22 [um];25 [um];28 [um];31 [um];34 [um];37 [um];serial-OPC;T-out [°C];T-aerosol [°C];rH [%];date&time [UTC];longitude [°];latitude [°];height [m];time-resolution [s];software-version;last calibration [local time];configuration version
***end of header***
2020-08-17 00:00:06;SN19005;measure;10,86;9,01;8,56;42792,7;2528,1;514,0;78,7;157,4;60,2;46,3;27,8;23,2;4,6;9,3;4,6;0,0;4,6;0,0;0,0;0,0;0,0;0,0;0,0;0,0;0,0;0,0;0,0;177340902;21,2;32,8;36,3;2020-08-16 22:00:06;E10,888103;N48,360803;518,300;300;SW V1-11 (2020-06-17);2019-06-11 14:16:04;original set-up
2020-08-17 00:05:06;SN19005;measure;9,57;8,09;7,53;36918,9;2150,1;376,5;104,3;108,9;104,3;77,1;18,1;4,5;4,5;9,1;0,0;4,5;0,0;0,0;0,0;0,0;0,0;0,0;4,5;0,0;0,0;0,0;0,0;177340902;21,3;32,7;36,1;2020-08-16 22:05:06;E10,888078;N48,360797;515,200;300;SW V1-11 (2020-06-17);2019-06-11 14:16:04;original set-up
2020-08-17 00:10:06;SN19005;measure;8,78;7,60;7,24;34407,8;1779,6;342,4;112,6;126,2;49,6;36,0;4,5;22,5;0,0;0,0;9,0;0,0;0,0;0,0;0,0;0,0;0,0;0,0;0,0;0,0;0,0;0,0;0,0;177340902;21,6;32,6;35,7;2020-08-16 22:10:06;E10,888152;N48,360838;517,600;300;SW V1-11 (2020-06-17);2019-06-11 14:16:04;original set-up
2020-08-17 00:15:06;SN19005;measure;9,67;7,55;7,13;33600,3;1918,2;333,4;82,2;100,5;27,4;45,7;32,0;32,0;9,1;4,6;0,0;4,6;0,0;0,0;0,0;0,0;0,0;0,0;0,0;0,0;0,0;0,0;0,0;177340902;21,6;32,6;35,3;2020-08-16 22:15:06;E10,888118;N48,360823;518,800;300;SW V1-11 (2020-06-17);2019-06-11 14:16:04;original set-up
2020-08-17 00:20:06;SN19005;measure;10,12;7,47;6,97;32813,6;1830,1;326,5;55,2;137,9;73,6;50,6;27,6;27,6;9,2;9,2;4,6;4,6;0,0;0,0;0,0;4,6;0,0;0,0;0,0;0,0;0,0;0,0;0,0;177340902;21,4;32,6;34,8;2020-08-16 22:20:06;E10,888347;N48,360843;507,900;300;SW V1-11 (2020-06-17);2019-06-11 14:16:04;original set-up
2020-08-17 00:25:06;SN19005;measure;9,46;7,22;6,78;31187,8;1827,9;408,2;81,6;95,3;63,5;54,4;18,1;9,1;27,2;4,5;0,0;4,5;0,0;0,0;0,0;0,0;0,0;0,0;0,0;0,0;0,0;0,0;0,0;177340902;21,7;32,6;34,6;2020-08-16 22:25:06;E10,888163;N48,360760;519,500;300;SW V1-11 (2020-06-17);2019-06-11 14:16:04;original set-up
2020-08-17 00:30:06;SN19005;measure;8,70;6,95;6,45;29472,6;1632,5;262,1;101,2;87,4;92,0;50,6;13,8;23,0;13,8;9,2;0,0;0,0;0,0;0,0;0,0;0,0;0,0;0,0;0,0;0,0;0,0;0,0;0,0;177340902;21,9;32,6;34,6;2020-08-16 22:30:06;E10,888397;N48,360787;525,700;300;SW V1-11 (2020-06-17);2019-06-11 14:16:04;original set-up
2020-08-17 00:35:06;SN19005;measure;7,31;5,98;5,56;25684,0;1296,5;277,8;101,9;97,2;50,9;41,7;27,8;13,9;9,3;4,6;0,0;0,0;4,6;0,0;0,0;0,0;0,0;0,0;0,0;0,0;0,0;0,0;0,0;177340902;21,4;32,6;34,1;2020-08-16 22:35:06;E10,888073;N48,360733;524,300;300;SW V1-11 (2020-06-17);2019-06-11 14:16:04;original set-up
2020-08-17 00:40:06;SN19005;measure;7,60;5,44;5,03;22661,9;1171,5;217,6;125,0;92,6;69,5;37,0;4,6;27,8;23,2;9,3;0,0;0,0;0,0;0,0;0,0;0,0;0,0;0,0;0,0;0,0;0,0;0,0;0,0;177340902;21,6;32,6;33,3;2020-08-16 22:40:06;E10,888188;N48,360567;517,300;300;SW V1-11 (2020-06-17);2019-06-11 14:16:04;original set-up
2020-08-17 00:45:06;SN19005;measure;5,44;4,54;4,23;18701,6;1037,2;268,6;50,9;60,2;32,4;27,8;23,2;13,9;0,0;0,0;4,6;0,0;0,0;0,0;0,0;0,0;0,0;0,0;0,0;0,0;0,0;0,0;0,0;177340902;21,8;32,6;32,8;2020-08-16 22:45:06;E10,888273;N48,360777;505,200;300;SW V1-11 (2020-06-17);2019-06-11 14:16:04;original set-up
2020-08-17 00:50:06;SN19005;measure;4,97;4,45;4,23;18334,6;964,7;264,8;85,1;70,9;52,0;4,7;14,2;0,0;9,5;0,0;0,0;0,0;0,0;0,0;0,0;0,0;0,0;0,0;0,0;0,0;0,0;0,0;0,0;177340902;21,9;32,6;31,8;2020-08-16 22:50:06;E10,888233;N48,360742;497,700;300;SW V1-11 (2020-06-17);2019-06-11 14:16:04;original set-up
2020-08-17 00:55:06;SN19005;measure;4,92;4,39;4,05;17935,2;945,0;220,7;57,6;67,2;52,8;43,2;14,4;0,0;9,6;0,0;0,0;0,0;0,0;0,0;0,0;0,0;0,0;0,0;0,0;0,0;0,0;0,0;0,0;177340902;21,2;32,6;31,6;2020-08-16 22:55:06;E10,888340;N48,360837;494,100;300;SW V1-11 (2020-06-17);2019-06-11 14:16:04;original set-up
2020-08-17 01:00:06;SN19005;measure;4,64;4,02;3,75;16640,5;922,1;283,7;47,3;52,0;52,0;14,2;23,6;9,5;4,7;0,0;0,0;0,0;0,0;0,0;0,0;0,0;0,0;0,0;0,0;0,0;0,0;0,0;0,0;177340902;21,1;32,5;31,7;2020-08-16 23:00:06;E10,888323;N48,360838;499,200;300;SW V1-11 (2020-06-17);2019-06-11 14:16:04;original set-up
2020-08-17 01:05:06;SN19005;measure;1,75;1,28;1,16;17573,8;985,8;190,5;90,5;81,0;47,6;28,6;47,6;14,3;4,8;9,5;0,0;0,0;0,0;0,0;0,0;0,0;0,0;0,0;0,0;0,0;0,0;0,0;0,0;177340902;-127,0;32,4;32,0;2020-08-16 23:05:06;E10,888218;N48,360778;497,900;300;SW V1-11 (2020-06-17);2019-06-11 14:16:04;original set-up
2020-08-17 01:10:06;SN19005;measure;6,59;4,16;3,82;17289,8;943,9;239,5;56,3;108,0;56,3;28,2;18,8;9,4;18,8;9,4;0,0;4,7;4,7;0,0;0,0;0,0;0,0;0,0;0,0;0,0;0,0;0,0;0,0;177340902;20,8;32,3;32,5;2020-08-16 23:10:06;E10,888380;N48,360852;490,900;300;SW V1-11 (2020-06-17);2019-06-11 14:16:04;original set-up
2020-08-17 01:15:06;SN19005;measure;6,06;4,34;3,90;17569,0;928,7;300,0;85,7;71,4;52,4;42,9;28,6;23,8;14,3;0,0;4,8;0,0;0,0;0,0;0,0;0,0;0,0;0,0;0,0;0,0;0,0;0,0;0,0;177340902;21,1;32,2;33,1;2020-08-16 23:15:06;E10,888175;N48,360697;494,200;300;SW V1-11 (2020-06-17);2019-06-11 14:16:04;original set-up
2020-08-17 01:20:06;SN19005;measure;6,20;4,38;4,07;18406,6;1065,0;297,4;62,4;115,1;38,4;43,2;0,0;4,8;9,6;14,4;4,8;0,0;0,0;0,0;0,0;0,0;0,0;0,0;0,0;0,0;0,0;0,0;0,0;177340902;20,9;32,1;33,2;2020-08-16 23:20:06;E10,888035;N48,360520;487,500;300;SW V1-11 (2020-06-17);2019-06-11 14:16:04;original set-up
2020-08-17 01:25:06;SN19005;measure;5,50;4,55;4,23;18697,5;1078,2;269,5;37,8;75,7;23,6;42,6;14,2;14,2;0,0;0,0;4,7;0,0;4,7;0,0;0,0;0,0;0,0;0,0;0,0;0,0;0,0;0,0;0,0;177340902;21,1;32,1;32,3;2020-08-16 23:25:06;E10,888267;N48,360688;484,000;300;SW V1-11 (2020-06-17);2019-06-11 14:16:04;original set-up
2020-08-17 01:30:06;SN19005;measure;4,91;4,72;4,48;19675,3;1286,6;300,5;84,5;89,2;42,3;14,1;9,4;4,7;0,0;0,0;0,0;0,0;0,0;4,7;0,0;0,0;0,0;0,0;0,0;0,0;0,0;0,0;0,0;177340902;20,9;32,0;32,1;2020-08-16 23:30:06;E10,888030;N48,360597;501,900;300;SW V1-11 (2020-06-17);2019-06-11 14:16:04;original set-up
2020-08-17 01:35:06;SN19005;measure;6,43;5,15;4,80;21152,6;1173,0;331,0;43,8;92,5;68,1;29,2;14,6;9,7;4,9;4,9;4,9;0,0;0,0;0,0;0,0;0,0;0,0;0,0;0,0;0,0;0,0;0,0;0,0;177340902;21,0;31,9;32,3;2020-08-16 23:35:06;E10,888098;N48,360720;511,700;300;SW V1-11 (2020-06-17);2019-06-11 14:16:04;original set-up
2020-08-17 01:40:06;SN19005;measure;6,79;5,30;5,00;21922,3;1227,3;294,7;87,0;82,1;33,8;33,8;4,8;14,5;9,7;4,8;4,8;0,0;0,0;0,0;0,0;0,0;0,0;0,0;0,0;0,0;0,0;0,0;0,0;177340902;21,2;31,8;32,5;2020-08-16 23:40:06;E10,888192;N48,360675;503,200;300;SW V1-11 (2020-06-17);2019-06-11 14:16:04;original set-up
2020-08-17 01:45:06;SN19005;measure;1,92;1,69;1,59;24164,0;1461,2;255,4;70,9;66,2;66,2;14,2;28,4;18,9;0,0;0,0;0,0;0,0;4,7;4,7;0,0;0,0;0,0;0,0;0,0;0,0;0,0;0,0;0,0;177340902;-127,0;31,8;32,7;2020-08-16 23:45:06;E10,888307;N48,360797;500,300;300;SW V1-11 (2020-06-17);2019-06-11 14:16:04;original set-up
2020-08-17 01:50:06;SN19005;measure;6,64;5,91;5,61;25451,7;1448,5;340,3;55,2;78,2;36,8;32,2;18,4;9,2;9,2;0,0;0,0;0,0;0,0;0,0;0,0;0,0;0,0;0,0;0,0;0,0;0,0;0,0;0,0;177340902;20,6;31,7;33,2;2020-08-16 23:50:06;E10,888310;N48,360752;508,800;300;SW V1-11 (2020-06-17);2019-06-11 14:16:04;original set-up
2020-08-17 01:55:06;SN19005;measure;2,17;1,90;1,82;27706,2;1478,8;285,8;99,8;99,8;59,0;22,7;4,5;9,1;9,1;4,5;0,0;0,0;0,0;0,0;0,0;0,0;0,0;0,0;0,0;0,0;0,0;0,0;0,0;177340902;-127,0;31,7;33,7;2020-08-16 23:55:06;E10,888267;N48,360785;512,500;300;SW V1-11 (2020-06-17);2019-06-11 14:16:04;original set-up
2020-08-17 02:00:06;SN19005;measure;7,69;6,75;6,36;29613,1;1761,2;381,7;96,6;73,6;105,8;27,6;4,6;18,4;13,8;0,0;0,0;0,0;0,0;0,0;4,6;0,0;0,0;0,0;0,0;0,0;0,0;0,0;0,0;177340902;20,5;31,6;34,5;2020-08-17 00:00:06;E10,888173;N48,360795;514,200;300;SW V1-11 (2020-06-17);2019-06-11 14:16:04;original set-up
2020-08-17 02:05:06;SN19005;measure;7,84;6,79;6,43;29881,0;1630,0;365,8;60,2;83,4;64,8;27,8;13,9;27,8;9,3;0,0;0,0;0,0;0,0;0,0;0,0;0,0;0,0;0,0;0,0;0,0;0,0;0,0;0,0;177340902;20,8;31,6;34,9;2020-08-17 00:05:06;E10,888178;N48,360773;512,400;300;SW V1-11 (2020-06-17);2019-06-11 14:16:04;original set-up
2020-08-17 02:10:06;SN19005;measure;8,00;7,13;6,74;31675,5;1703,9;342,6;97,2;92,6;69,5;41,7;18,5;0,0;9,3;0,0;4,6;0,0;0,0;0,0;0,0;0,0;0,0;0,0;0,0;0,0;0,0;0,0;0,0;177340902;20,5;31,5;35,1;2020-08-17 00:10:06;E10,888357;N48,360797;510,700;300;SW V1-11 (2020-06-17);2019-06-11 14:16:04;original set-up
2020-08-17 02:15:06;SN19005;measure;8,03;6,62;6,25;29287,4;1573,9;322,0;68,0;45,4;63,5;45,4;4,5;27,2;13,6;4,5;0,0;0,0;0,0;0,0;0,0;0,0;0,0;0,0;0,0;0,0;0,0;0,0;0,0;177340902;20,6;31,4;35,3;2020-08-17 00:15:06;E10,888207;N48,360787;509,200;300;SW V1-11 (2020-06-17);2019-06-11 14:16:04;original set-up
2020-08-17 02:20:06;SN19005;measure;7,75;6,28;5,91;28070,0;1522,1;262,1;59,8;92,0;50,6;32,2;27,6;23,0;4,6;9,2;0,0;0,0;0,0;0,0;0,0;0,0;0,0;0,0;0,0;0,0;0,0;0,0;0,0;177340902;20,4;31,4;35,4;2020-08-17 00:20:06;E10,888282;N48,360800;507,800;300;SW V1-11 (2020-06-17);2019-06-11 14:16:04;original set-up
2020-08-17 02:25:06;SN19005;measure;7,17;6,90;6,59;31154,4;1736,5;370,4;78,7;97,2;37,0;37,0;9,3;9,3;0,0;0,0;0,0;0,0;0,0;0,0;0,0;0,0;0,0;0,0;0,0;0,0;0,0;0,0;0,0;177340902;20,4;31,4;35,3;2020-08-17 00:25:06;E10,888125;N48,360767;506,600;300;SW V1-11 (2020-06-17);2019-06-11 14:16:04;original set-up
2020-08-17 02:30:06;SN19005;measure;8,72;7,81;7,40;35173,7;2148,6;421,4;115,8;125,0;78,7;41,7;13,9;4,6;9,3;0,0;4,6;0,0;0,0;0,0;0,0;0,0;0,0;0,0;0,0;0,0;0,0;0,0;0,0;177340902;20,3;31,3;35,6;2020-08-17 00:30:06;E10,888123;N48,360793;505,700;300;SW V1-11 (2020-06-17);2019-06-11 14:16:04;original set-up
2020-08-17 02:35:06;SN19005;measure;9,49;7,88;7,47;36250,2;2162,3;439,9;115,8;101,9;55,6;50,9;23,2;4,6;9,3;4,6;9,3;0,0;0,0;0,0;0,0;0,0;0,0;0,0;0,0;0,0;0,0;0,0;0,0;177340902;20,2;31,2;36,3;2020-08-17 00:35:06;E10,888270;N48,360840;504,300;300;SW V1-11 (2020-06-17);2019-06-11 14:16:04;original set-up
2020-08-17 02:40:06;SN19005;measure;8,15;7,35;6,96;34678,3;2033,5;425,6;141,9;108,8;70,9;47,3;4,7;9,5;0,0;9,5;0,0;0,0;0,0;0,0;0,0;0,0;0,0;0,0;0,0;0,0;0,0;0,0;0,0;177340902;19,9;31,2;36,7;2020-08-17 00:40:06;E10,888205;N48,360803;504,400;300;SW V1-11 (2020-06-17);2019-06-11 14:16:04;original set-up
2020-08-17 02:45:06;SN19005;measure;8,07;6,00;5,59;28493,0;1606,9;326,2;105,5;119,9;72,0;43,2;14,4;28,8;14,4;9,6;4,8;0,0;0,0;0,0;0,0;0,0;0,0;0,0;0,0;0,0;0,0;0,0;0,0;177340902;19,5;31,2;36,4;2020-08-17 00:45:06;E10,888208;N48,360828;504,000;300;SW V1-11 (2020-06-17);2019-06-11 14:16:04;original set-up
2020-08-17 02:50:06;SN19005;measure;6,71;5,50;5,02;25937,3;1494,3;312,1;104,0;99,3;61,5;56,7;42,6;18,9;0,0;0,0;0,0;4,7;0,0;0,0;0,0;0,0;0,0;0,0;0,0;0,0;0,0;0,0;0,0;177340902;19,2;31,1;36,3;2020-08-17 00:50:06;E10,888350;N48,360848;504,100;300;SW V1-11 (2020-06-17);2019-06-11 14:16:04;original set-up
2020-08-17 02:55:06;SN19005;measure;6,83;5,49;5,14;26019,5;1362,2;314,3;90,5;161,9;47,6;38,1;4,8;23,8;9,5;0,0;0,0;4,8;0,0;0,0;0,0;0,0;0,0;0,0;0,0;0,0;0,0;0,0;0,0;177340902;19,4;30,9;36,5;2020-08-17 00:55:06;E10,888058;N48,360812;505,100;300;SW V1-11 (2020-06-17);2019-06-11 14:16:04;original set-up
2020-08-17 03:00:06;SN19005;measure;6,56;5,58;5,28;26782,9;1497,9;328,7;108,0;93,9;51,7;32,9;14,1;4,7;14,1;4,7;0,0;0,0;0,0;0,0;0,0;0,0;0,0;0,0;0,0;0,0;0,0;0,0;0,0;177340902;19,4;30,8;36,9;2020-08-17 01:00:06;E10,888157;N48,360867;501,900;300;SW V1-11 (2020-06-17);2019-06-11 14:16:04;original set-up
2020-08-17 03:05:06;SN19005;measure;6,01;5,73;5,47;27915,1;1538,7;373,0;107,2;83,9;51,3;28,0;9,3;4,7;0,0;0,0;0,0;0,0;4,7;4,7;0,0;0,0;0,0;0,0;0,0;0,0;0,0;0,0;0,0;177340902;19,3;30,6;37,2;2020-08-17 01:05:06;E10,888297;N48,360803;503,200;300;SW V1-11 (2020-06-17);2019-06-11 14:16:04;original set-up
2020-08-17 03:10:06;SN19005;measure;7,35;5,64;5,24;26813,6;1580,2;365,4;109,6;118,7;86,8;41,1;13,7;13,7;4,6;4,6;4,6;4,6;4,6;0,0;0,0;0,0;0,0;0,0;0,0;0,0;0,0;0,0;0,0;177340902;19,2;30,6;37,3;2020-08-17 01:10:06;E10,888170;N48,360862;506,300;300;SW V1-11 (2020-06-17);2019-06-11 14:16:04;original set-up
2020-08-17 03:15:06;SN19005;measure;7,12;5,53;4,98;26050,4;1638,7;356,9;84,5;122,1;79,8;79,8;23,5;32,9;4,7;0,0;9,4;0,0;0,0;0,0;0,0;0,0;0,0;0,0;0,0;0,0;0,0;0,0;0,0;177340902;18,9;30,5;37,4;2020-08-17 01:15:06;E10,888288;N48,360825;506,700;300;SW V1-11 (2020-06-17);2019-06-11 14:16:04;original set-up
2020-08-17 03:20:06;SN19005;measure;7,50;5,30;4,65;24397,6;1493,4;424,7;109,6;109,6;82,2;86,8;41,1;45,7;13,7;4,6;4,6;0,0;0,0;0,0;0,0;0,0;0,0;4,6;0,0;0,0;0,0;0,0;0,0;177340902;18,9;30,4;37,7;2020-08-17 01:20:06;E10,888225;N48,360757;510,100;300;SW V1-11 (2020-06-17);2019-06-11 14:16:04;original set-up
2020-08-17 03:25:06;SN19005;measure;6,40;5,07;4,71;25304,5;1471,5;367,9;82,8;105,8;78,2;41,4;18,4;9,2;13,8;4,6;4,6;0,0;0,0;0,0;0,0;0,0;0,0;0,0;0,0;0,0;0,0;0,0;0,0;177340902;18,7;30,3;37,9;2020-08-17 01:25:06;E10,888098;N48,360840;511,200;300;SW V1-11 (2020-06-17);2019-06-11 14:16:04;original set-up
2020-08-17 03:30:06;SN19005;measure;5,59;4,81;4,59;24898,5;1440,1;305,6;74,1;55,6;41,7;27,8;0,0;18,5;4,6;0,0;4,6;0,0;0,0;0,0;0,0;0,0;0,0;0,0;0,0;0,0;0,0;0,0;0,0;177340902;18,6;30,2;38,1;2020-08-17 01:30:06;E10,888267;N48,360787;501,600;300;SW V1-11 (2020-06-17);2019-06-11 14:16:04;original set-up
2020-08-17 03:35:06;SN19005;measure;5,46;4,80;4,46;24605,1;1370,6;351,9;106,5;115,8;106,5;32,4;9,3;4,6;0,0;9,3;0,0;0,0;0,0;0,0;0,0;0,0;0,0;0,0;0,0;0,0;0,0;0,0;0,0;177340902;18,4;30,1;38,2;2020-08-17 01:35:06;E10,888300;N48,360898;517,900;300;SW V1-11 (2020-06-17);2019-06-11 14:16:04;original set-up
2020-08-17 03:40:06;SN19005;measure;6,84;4,96;4,55;24546,0;1546,2;343,1;91,8;111,1;62,8;29,0;38,7;43,5;9,7;0,0;0,0;4,8;0,0;0,0;0,0;0,0;0,0;0,0;0,0;0,0;0,0;0,0;0,0;177340902;18,4;30,0;37,9;2020-08-17 01:40:06;E10,888178;N48,360790;515,200;300;SW V1-11 (2020-06-17);2019-06-11 14:16:04;original set-up
2020-08-17 03:45:06;SN19005;measure;5,92;4,85;4,52;23927,5;1622,0;373,6;99,3;118,2;42,6;47,3;9,5;14,2;4,7;4,7;4,7;0,0;0,0;0,0;0,0;0,0;0,0;0,0;0,0;0,0;0,0;0,0;0,0;177340902;18,4;29,9;38,0;2020-08-17 01:45:06;E10,888100;N48,360845;514,000;300;SW V1-11 (2020-06-17);2019-06-11 14:16:04;original set-up
2020-08-17 03:50:06;SN19005;measure;5,66;4,79;4,40;22910,7;1460,4;399,1;122,1;103,3;65,7;37,6;32,9;9,4;4,7;4,7;0,0;0,0;0,0;0,0;0,0;0,0;0,0;0,0;0,0;0,0;0,0;0,0;0,0;177340902;18,6;29,8;38,1;2020-08-17 01:50:06;E10,888150;N48,360780;504,400;300;SW V1-11 (2020-06-17);2019-06-11 14:16:04;original set-up
2020-08-17 03:55:06;SN19005;measure;6,06;5,01;4,60;23762,3;1440,8;415,0;107,2;144,6;65,3;46,6;18,7;14,0;9,3;0,0;4,7;0,0;0,0;4,7;0,0;0,0;0,0;0,0;0,0;0,0;0,0;0,0;0,0;177340902;18,6;29,7;38,0;2020-08-17 01:55:06;E10,888223;N48,360802;505,200;300;SW V1-11 (2020-06-17);2019-06-11 14:16:04;original set-up
2020-08-17 04:00:06;SN19005;measure;6,63;4,76;4,38;22693,0;1445,4;335,7;125,9;125,9;46,6;28,0;42,0;18,7;9,3;9,3;4,7;0,0;0,0;0,0;0,0;0,0;0,0;0,0;0,0;0,0;0,0;0,0;0,0;177340902;18,5;29,6;38,1;2020-08-17 02:00:06;E10,888170;N48,360863;511,100;300;SW V1-11 (2020-06-17);2019-06-11 14:16:04;original set-up
2020-08-17 04:05:06;SN19005;measure;4,79;4,59;4,26;22060,4;1431,5;359,0;79,3;116,6;42,0;51,3;4,7;9,3;0,0;0,0;0,0;0,0;0,0;0,0;0,0;0,0;0,0;0,0;0,0;0,0;0,0;0,0;0,0;177340902;18,5;29,6;38,1;2020-08-17 02:05:06;E10,888227;N48,360692;509,100;300;SW V1-11 (2020-06-17);2019-06-11 14:16:04;original set-up
2020-08-17 04:10:06;SN19005;measure;5,37;4,52;4,19;21573,7;1438,5;351,6;132,4;127,9;50,2;45,7;4,6;4,6;13,7;4,6;0,0;0,0;0,0;0,0;0,0;0,0;0,0;0,0;0,0;0,0;0,0;0,0;0,0;177340902;18,5;29,5;38,2;2020-08-17 02:10:06;E10,888332;N48,360850;504,000;300;SW V1-11 (2020-06-17);2019-06-11 14:16:04;original set-up
2020-08-17 04:20:06;SN19005;measure;5,52;4,32;3,99;21034,5;1426,9;410,3;121,2;111,9;46,6;46,6;14,0;4,7;4,7;9,3;4,7;0,0;0,0;0,0;0,0;0,0;0,0;0,0;0,0;0,0;0,0;0,0;0,0;177340902;18,2;29,5;38,3;2020-08-17 02:20:06;E10,888272;N48,360908;517,500;300;SW V1-11 (2020-06-17);2019-06-11 14:16:04;original set-up
2020-08-17 04:25:06;SN19005;measure;6,11;4,43;4,05;21604,3;1490,8;323,9;147,6;81,0;66,7;42,9;23,8;9,5;14,3;9,5;4,8;0,0;0,0;0,0;0,0;0,0;0,0;0,0;0,0;0,0;0,0;0,0;0,0;177340902;18,1;29,4;38,4;2020-08-17 02:25:06;E10,888302;N48,360842;512,700;300;SW V1-11 (2020-06-17);2019-06-11 14:16:04;original set-up
2020-08-17 04:30:06;SN19005;measure;4,98;4,48;3,98;21820,7;1391,1;388,5;81,5;100,7;86,3;81,5;24,0;9,6;4,8;0,0;0,0;0,0;0,0;0,0;0,0;0,0;0,0;0,0;0,0;0,0;0,0;0,0;0,0;177340902;17,8;29,3;38,5;2020-08-17 02:30:06;E10,888183;N48,360758;513,200;300;SW V1-11 (2020-06-17);2019-06-11 14:16:04;original set-up
2020-08-17 04:35:06;SN19005;measure;5,58;4,44;3,99;21706,5;1475,5;340,5;85,1;113,5;89,9;61,5;9,5;28,4;9,5;4,7;0,0;0,0;0,0;0,0;0,0;0,0;0,0;0,0;0,0;0,0;0,0;0,0;0,0;177340902;17,9;29,3;38,7;2020-08-17 02:35:06;E10,888293;N48,360807;507,900;300;SW V1-11 (2020-06-17);2019-06-11 14:16:04;original set-up
2020-08-17 04:40:06;SN19005;measure;5,25;4,51;4,03;22075,8;1428,9;409,6;90,5;152,4;81,0;57,2;42,9;14,3;4,8;0,0;0,0;0,0;0,0;0,0;0,0;0,0;0,0;0,0;0,0;0,0;0,0;0,0;0,0;177340902;17,8;29,1;39,0;2020-08-17 02:40:06;E10,888185;N48,360778;511,700;300;SW V1-11 (2020-06-17);2019-06-11 14:16:04;original set-up
2020-08-17 04:45:06;SN19005;measure;6,37;4,43;3,91;22033,8;1363,0;392,2;137,3;147,1;68,6;93,2;19,6;9,8;0,0;24,5;4,9;0,0;0,0;0,0;0,0;0,0;0,0;0,0;0,0;0,0;0,0;0,0;0,0;177340902;17,6;29,1;39,2;2020-08-17 02:45:06;E10,888230;N48,360788;510,500;300;SW V1-11 (2020-06-17);2019-06-11 14:16:04;original set-up
2020-08-17 04:50:06;SN19005;measure;5,22;4,40;3,98;22420,9;1393,2;313,5;164,2;159,2;84,6;44,8;10,0;34,8;5,0;0,0;0,0;0,0;0,0;0,0;0,0;0,0;0,0;0,0;0,0;0,0;0,0;0,0;0,0;177340902;17,6;29,0;39,5;2020-08-17 02:50:06;E10,888217;N48,360818;510,300;300;SW V1-11 (2020-06-17);2019-06-11 14:16:04;original set-up
2020-08-17 04:55:06;SN19005;measure;5,54;4,18;3,84;21452,7;1439,1;412,6;91,1;110,3;52,8;28,8;43,2;9,6;9,6;4,8;4,8;0,0;0,0;0,0;0,0;0,0;0,0;0,0;0,0;0,0;0,0;0,0;0,0;177340902;17,8;28,9;39,8;2020-08-17 02:55:06;E10,888347;N48,360803;510,900;300;SW V1-11 (2020-06-17);2019-06-11 14:16:04;original set-up
2020-08-17 05:00:06;SN19005;measure;5,65;4,19;3,81;21664,7;1554,1;308,9;156,9;117,7;78,4;53,9;4,9;14,7;9,8;4,9;9,8;0,0;0,0;0,0;0,0;0,0;0,0;0,0;0,0;0,0;0,0;0,0;0,0;177340902;17,6;28,8;40,0;2020-08-17 03:00:06;E10,888268;N48,360767;511,900;300;SW V1-11 (2020-06-17);2019-06-11 14:16:04;original set-up
2020-08-17 05:05:06;SN19005;measure;4,87;4,07;3,63;20893,3;1324,0;381,0;147,6;128,6;90,5;61,9;14,3;23,8;0,0;0,0;4,8;0,0;0,0;0,0;0,0;0,0;0,0;0,0;0,0;0,0;0,0;0,0;0,0;177340902;17,5;28,8;40,2;2020-08-17 03:05:06;E10,888145;N48,360792;508,500;300;SW V1-11 (2020-06-17);2019-06-11 14:16:04;original set-up
2020-08-17 05:10:06;SN19005;measure;4,28;3,96;3,60;20811,3;1343,0;349,9;99,3;104,0;89,8;33,1;33,1;4,7;0,0;0,0;0,0;0,0;0,0;0,0;0,0;0,0;0,0;0,0;0,0;0,0;0,0;0,0;0,0;177340902;17,5;28,7;40,4;2020-08-17 03:10:06;E10,888343;N48,360818;505,000;300;SW V1-11 (2020-06-17);2019-06-11 14:16:04;original set-up
2020-08-17 05:15:06;SN19005;measure;5,20;4,03;3,64;21116,9;1371,2;422,6;93,9;140,9;89,2;51,7;18,8;9,4;4,7;0,0;4,7;4,7;0,0;0,0;0,0;0,0;0,0;0,0;0,0;0,0;0,0;0,0;0,0;177340902;17,5;28,7;40,6;2020-08-17 03:15:06;E10,888200;N48,360793;501,700;300;SW V1-11 (2020-06-17);2019-06-11 14:16:04;original set-up
2020-08-17 05:20:06;SN19005;measure;5,59;4,25;3,72;21388,6;1295,4;385,8;133,4;228,6;81,0;81,0;19,1;19,1;0,0;0,0;14,3;0,0;0,0;0,0;0,0;0,0;0,0;0,0;0,0;0,0;0,0;0,0;0,0;177340902;17,6;28,6;40,8;2020-08-17 03:20:06;E10,888202;N48,360805;498,700;300;SW V1-11 (2020-06-17);2019-06-11 14:16:04;original set-up
2020-08-17 05:25:06;SN19005;measure;4,79;3,94;3,54;20626,3;1477,4;302,2;139,1;119,9;105,5;33,6;24,0;24,0;9,6;0,0;0,0;0,0;0,0;0,0;0,0;0,0;0,0;0,0;0,0;0,0;0,0;0,0;0,0;177340902;17,5;28,5;41,0;2020-08-17 03:25:06;E10,888298;N48,360852;495,200;300;SW V1-11 (2020-06-17);2019-06-11 14:16:04;original set-up
2020-08-17 05:30:06;SN19005;measure;4,56;3,83;3,49;20206,4;1328,9;384,3;152,8;134,3;50,9;37,0;27,8;9,3;4,6;4,6;0,0;0,0;0,0;0,0;0,0;0,0;0,0;0,0;0,0;0,0;0,0;0,0;0,0;177340902;17,5;28,5;41,0;2020-08-17 03:30:06;E10,888293;N48,360838;494,100;300;SW V1-11 (2020-06-17);2019-06-11 14:16:04;original set-up
2020-08-17 05:35:06;SN19005;measure;4,80;3,92;3,46;20536,5;1569,8;402,9;111,1;143,5;97,2;55,6;41,7;4,6;0,0;4,6;4,6;0,0;0,0;0,0;0,0;0,0;0,0;0,0;0,0;0,0;0,0;0,0;0,0;177340902;17,3;28,4;41,2;2020-08-17 03:35:06;E10,888200;N48,360822;494,700;300;SW V1-11 (2020-06-17);2019-06-11 14:16:04;original set-up
2020-08-17 05:40:06;SN19005;measure;4,76;3,96;3,50;20751,2;1442,4;406,7;127,7;151,3;94,6;70,9;23,6;4,7;18,9;0,0;0,0;0,0;0,0;0,0;0,0;0,0;0,0;0,0;0,0;0,0;0,0;0,0;0,0;177340902;17,4;28,4;41,4;2020-08-17 03:40:06;E10,888298;N48,360837;497,100;300;SW V1-11 (2020-06-17);2019-06-11 14:16:04;original set-up
2020-08-17 05:45:06;SN19005;measure;4,71;4,13;3,57;21355,4;1405,5;465,3;143,9;172,7;129,5;76,7;28,8;24,0;0,0;0,0;0,0;0,0;0,0;0,0;0,0;0,0;0,0;0,0;0,0;0,0;0,0;0,0;0,0;177340902;17,3;28,3;41,5;2020-08-17 03:45:06;E10,888147;N48,360820;500,900;300;SW V1-11 (2020-06-17);2019-06-11 14:16:04;original set-up
2020-08-17 05:50:06;SN19005;measure;4,78;4,00;3,58;21547,0;1416,9;372,6;93,1;152,0;88,2;53,9;24,5;29,4;4,9;0,0;0,0;0,0;0,0;0,0;0,0;0,0;0,0;0,0;0,0;0,0;0,0;0,0;0,0;177340902;17,3;28,3;41,6;2020-08-17 03:50:06;E10,888125;N48,360892;507,300;300;SW V1-11 (2020-06-17);2019-06-11 14:16:04;original set-up
2020-08-17 05:55:06;SN19005;measure;4,73;3,86;3,51;21157,5;1465,0;374,8;141,1;121,7;87,6;38,9;9,7;24,3;14,6;0,0;0,0;0,0;0,0;0,0;0,0;0,0;0,0;0,0;0,0;0,0;0,0;0,0;0,0;177340902;17,3;28,3;41,7;2020-08-17 03:55:06;E10,888152;N48,360867;508,400;300;SW V1-11 (2020-06-17);2019-06-11 14:16:04;original set-up
2020-08-17 06:00:06;SN19005;measure;4,73;3,70;3,32;20431,3;1376,4;419,1;109,5;142,9;104,8;33,3;28,6;23,8;0,0;9,5;0,0;0,0;0,0;0,0;0,0;0,0;0,0;0,0;0,0;0,0;0,0;0,0;0,0;177340902;17,2;28,3;41,8;2020-08-17 04:00:06;E10,888147;N48,360903;508,600;300;SW V1-11 (2020-06-17);2019-06-11 14:16:04;original set-up
2020-08-17 06:05:06;SN19005;measure;5,55;3,69;3,26;19861,8;1363,0;431,5;132,4;122,6;103,0;58,8;14,7;24,5;19,6;4,9;9,8;0,0;0,0;0,0;0,0;0,0;0,0;0,0;0,0;0,0;0,0;0,0;0,0;177340902;17,2;28,3;41,8;2020-08-17 04:05:06;E10,888210;N48,360877;508,500;300;SW V1-11 (2020-06-17);2019-06-11 14:16:04;original set-up
2020-08-17 06:10:06;SN19005;measure;5,57;3,56;3,19;19235,0;1411,5;389,4;141,1;165,5;87,6;34,1;29,2;14,6;19,5;9,7;0,0;4,9;4,9;0,0;0,0;0,0;0,0;0,0;0,0;0,0;0,0;0,0;0,0;177340902;17,4;28,3;42,0;2020-08-17 04:10:06;E10,888223;N48,360923;509,600;300;SW V1-11 (2020-06-17);2019-06-11 14:16:04;original set-up
2020-08-17 06:15:06;SN19005;measure;4,40;3,42;3,11;19268,3;1328,7;386,5;125,6;169,1;77,3;19,3;14,5;33,8;4,8;4,8;0,0;0,0;0,0;0,0;0,0;0,0;0,0;0,0;0,0;0,0;0,0;0,0;0,0;177340902;17,2;28,3;41,9;2020-08-17 04:15:06;E10,888300;N48,360830;510,300;300;SW V1-11 (2020-06-17);2019-06-11 14:16:04;original set-up
2020-08-17 06:20:06;SN19005;measure;4,14;3,30;2,94;18378,6;1262,1;457,2;128,6;119,1;66,7;57,2;19,1;14,3;9,5;4,8;0,0;0,0;0,0;0,0;0,0;0,0;0,0;0,0;0,0;0,0;0,0;0,0;0,0;177340902;17,1;28,3;41,9;2020-08-17 04:20:06;E10,888183;N48,360813;510,100;300;SW V1-11 (2020-06-17);2019-06-11 14:16:04;original set-up
2020-08-17 06:25:06;SN19005;measure;5,04;3,47;3,06;18592,0;1402,2;377,5;122,6;156,9;73,5;44,1;34,3;34,3;19,6;4,9;0,0;0,0;0,0;0,0;0,0;0,0;0,0;0,0;0,0;0,0;0,0;0,0;0,0;177340902;17,2;28,3;41,8;2020-08-17 04:25:06;E10,888130;N48,360793;511,600;300;SW V1-11 (2020-06-17);2019-06-11 14:16:04;original set-up
2020-08-17 06:30:06;SN19005;measure;4,64;3,34;2,89;18216,5;1299,4;442,9;131,4;170,3;102,2;58,4;34,1;19,5;0,0;4,9;9,7;0,0;0,0;0,0;0,0;0,0;0,0;0,0;0,0;0,0;0,0;0,0;0,0;177340902;17,1;28,2;42,0;2020-08-17 04:30:06;E10,888070;N48,360905;511,100;300;SW V1-11 (2020-06-17);2019-06-11 14:16:04;original set-up
2020-08-17 06:35:06;SN19005;measure;4,65;3,65;3,02;18349,3;1348,4;414,9;158,1;163,0;148,2;79,0;34,6;49,4;0,0;0,0;0,0;0,0;0,0;0,0;0,0;0,0;0,0;0,0;0,0;0,0;0,0;0,0;0,0;177340902;17,2;28,2;42,1;2020-08-17 04:35:06;E10,888207;N48,360667;507,800;300;SW V1-11 (2020-06-17);2019-06-11 14:16:04;original set-up
2020-08-17 06:40:06;SN19005;measure;4,18;3,47;2,93;17814,5;1288,8;368,2;144,3;149,3;119,4;74,6;24,9;34,8;0,0;0,0;0,0;0,0;0,0;0,0;0,0;0,0;0,0;0,0;0,0;0,0;0,0;0,0;0,0;177340902;17,3;28,2;42,3;2020-08-17 04:40:06;E10,888262;N48,360750;513,400;300;SW V1-11 (2020-06-17);2019-06-11 14:16:04;original set-up
2020-08-17 06:45:06;SN19005;measure;5,08;3,46;2,95;18017,4;1368,6;416,1;105,3;150,4;90,2;70,2;50,1;25,1;5,0;15,0;0,0;0,0;0,0;0,0;0,0;0,0;0,0;0,0;0,0;0,0;0,0;0,0;0,0;177340902;17,3;28,2;42,3;2020-08-17 04:45:06;E10,888090;N48,360768;523,200;300;SW V1-11 (2020-06-17);2019-06-11 14:16:04;original set-up
2020-08-17 06:50:06;SN19005;measure;3,64;3,00;2,58;16120,9;1162,0;382,4;107,9;78,4;93,2;78,4;9,8;19,6;0,0;0,0;4,9;0,0;0,0;0,0;0,0;0,0;0,0;0,0;0,0;0,0;0,0;0,0;0,0;177340902;17,2;28,2;42,4;2020-08-17 04:50:06;E10,888042;N48,360287;516,400;300;SW V1-11 (2020-06-17);2019-06-11 14:16:04;original set-up
2020-08-17 06:55:06;SN19005;measure;18,19;6,45;3,66;20467,8;2196,7;920,0;434,2;620,2;573,7;367,0;217,1;160,2;82,7;20,7;31,0;20,7;15,5;5,2;0,0;5,2;5,2;5,2;0,0;0,0;0,0;0,0;0,0;177340902;17,6;28,2;42,3;2020-08-17 04:55:06;E10,888362;N48,360833;511,200;300;SW V1-11 (2020-06-17);2019-06-11 14:16:04;original set-up
2020-08-17 07:00:06;SN19005;measure;7,19;3,56;2,93;16853,2;1354,0;509,0;188,3;188,3;112,0;71,3;56,0;30,5;50,9;10,2;0,0;5,1;10,2;10,2;0,0;0,0;0,0;0,0;0,0;0,0;0,0;0,0;0,0;177340902;17,8;28,2;42,4;2020-08-17 05:00:06;E10,888325;N48,360830;513,000;300;SW V1-11 (2020-06-17);2019-06-11 14:16:04;original set-up
2020-08-17 07:05:06;SN19005;measure;4,38;3,12;2,63;15281,7;1313,7;502,6;144,3;144,3;79,6;69,7;34,8;19,9;14,9;5,0;0,0;0,0;0,0;0,0;0,0;0,0;0,0;0,0;0,0;0,0;0,0;0,0;0,0;177340902;17,7;28,3;42,2;2020-08-17 05:05:06;E10,888195;N48,360877;513,700;300;SW V1-11 (2020-06-17);2019-06-11 14:16:04;original set-up
2020-08-17 07:10:06;SN19005;measure;8,54;3,84;2,69;14783,9;1453,8;566,5;140,4;350,9;225,6;160,4;75,2;35,1;30,1;20,1;0,0;15,0;5,0;0,0;0,0;0,0;0,0;0,0;0,0;0,0;0,0;0,0;0,0;177340902;18,0;28,4;42,0;2020-08-17 05:10:06;E10,888342;N48,360837;501,800;300;SW V1-11 (2020-06-17);2019-06-11 14:16:04;original set-up
2020-08-17 07:15:06;SN19005;measure;6,98;4,20;3,43;18540,0;1930,2;626,7;170,5;235,6;125,3;95,3;45,1;45,1;25,1;10,0;5,0;0,0;0,0;5,0;5,0;0,0;0,0;0,0;0,0;0,0;0,0;0,0;0,0;177340902;18,2;28,5;41,9;2020-08-17 05:15:06;E10,888313;N48,361005;510,500;300;SW V1-11 (2020-06-17);2019-06-11 14:16:04;original set-up
2020-08-17 07:20:06;SN19005;measure;4,08;3,24;2,78;15384,8;1086,6;380,3;123,5;133,4;98,8;44,5;34,6;24,7;4,9;0,0;0,0;0,0;0,0;0,0;0,0;0,0;0,0;0,0;0,0;0,0;0,0;0,0;0,0;177340902;18,2;28,6;41,8;2020-08-17 05:20:06;E10,888285;N48,360713;506,300;300;SW V1-11 (2020-06-17);2019-06-11 14:16:04;original set-up
2020-08-17 07:25:06;SN19005;measure;7,09;3,71;2,54;14236,7;1328,6;517,5;129,4;258,8;238,9;179,1;54,7;59,7;29,9;14,9;5,0;0,0;0,0;0,0;0,0;0,0;5,0;0,0;0,0;0,0;0,0;0,0;0,0;177340902;18,0;28,7;41,5;2020-08-17 05:25:06;E10,888392;N48,360865;503,300;300;SW V1-11 (2020-06-17);2019-06-11 14:16:04;original set-up
2020-08-17 07:30:06;SN19005;measure;4,85;2,93;2,49;13988,1;1073,7;372,6;107,9;93,2;83,4;68,6;14,7;19,6;19,6;0,0;4,9;4,9;4,9;0,0;0,0;0,0;0,0;0,0;0,0;0,0;0,0;0,0;0,0;177340902;18,1;28,8;41,3;2020-08-17 05:30:06;E10,888270;N48,360828;498,500;300;SW V1-11 (2020-06-17);2019-06-11 14:16:04;original set-up
2020-08-17 07:35:06;SN19005;measure;6,79;3,08;2,53;13699,3;1154,5;403,1;139,3;139,3;84,6;74,6;29,9;29,9;10,0;19,9;14,9;5,0;5,0;0,0;0,0;0,0;0,0;0,0;0,0;0,0;0,0;0,0;0,0;177340902;18,4;28,9;41,0;2020-08-17 05:35:06;E10,888208;N48,360755;494,800;300;SW V1-11 (2020-06-17);2019-06-11 14:16:04;original set-up
2020-08-17 07:40:06;SN19005;measure;4,72;2,97;2,46;13541,4;997,7;460,5;91,1;158,3;76,7;67,2;43,2;14,4;19,2;4,8;4,8;0,0;0,0;0,0;0,0;0,0;0,0;0,0;0,0;0,0;0,0;0,0;0,0;177340902;18,4;29,0;41,0;2020-08-17 05:40:06;E10,888193;N48,360772;494,300;300;SW V1-11 (2020-06-17);2019-06-11 14:16:04;original set-up
2020-08-17 07:45:06;SN19005;measure;5,22;3,41;2,62;14191,1;1374,3;534,5;168,0;224,0;152,7;122,2;15,3;35,6;5,1;5,1;10,2;0,0;0,0;0,0;0,0;0,0;0,0;0,0;0,0;5,1;0,0;0,0;0,0;177340902;18,4;29,1;40,8;2020-08-17 05:45:06;E10,888278;N48,360792;492,100;300;SW V1-11 (2020-06-17);2019-06-11 14:16:04;original set-up
2020-08-17 07:50:06;SN19005;measure;6,04;3,68;2,82;15476,8;1313,3;363,7;131,3;166,7;146,5;126,3;55,6;35,4;20,2;5,1;5,1;0,0;5,1;5,1;5,1;0,0;0,0;0,0;0,0;0,0;0,0;0,0;0,0;177340902;18,4;29,2;40,6;2020-08-17 05:50:06;E10,888183;N48,360838;494,700;300;SW V1-11 (2020-06-17);2019-06-11 14:16:04;original set-up
2020-08-17 07:55:06;SN19005;measure;5,16;3,08;2,63;14490,8;1071,7;454,4;98,8;187,7;84,0;59,3;24,7;9,9;24,7;0,0;14,8;0,0;0,0;0,0;0,0;0,0;0,0;4,9;0,0;0,0;0,0;0,0;0,0;177340902;18,4;29,3;40,4;2020-08-17 05:55:06;E10,888268;N48,360867;492,900;300;SW V1-11 (2020-06-17);2019-06-11 14:16:04;original set-up
2020-08-17 08:00:06;SN19005;measure;6,43;3,56;2,56;14504,2;1343,9;444,5;155,1;227,4;201,6;139,6;62,0;56,9;15,5;10,3;0,0;5,2;0,0;0,0;0,0;0,0;0,0;0,0;0,0;0,0;0,0;0,0;0,0;177340902;18,1;29,4;40,4;2020-08-17 06:00:06;E10,888110;N48,360760;494,300;300;SW V1-11 (2020-06-17);2019-06-11 14:16:04;original set-up
2020-08-17 08:05:06;SN19005;measure;9,25;3,98;2,55;13677,0;1359,1;692,3;188,3;295,2;244,3;193,4;91,6;101,8;50,9;10,2;0,0;5,1;10,2;5,1;0,0;0,0;0,0;0,0;0,0;0,0;0,0;0,0;0,0;177340902;18,4;29,4;40,2;2020-08-17 06:05:06;E10,888213;N48,360762;493,100;300;SW V1-11 (2020-06-17);2019-06-11 14:16:04;original set-up
2020-08-17 08:10:06;SN19005;measure;4,64;3,00;2,39;13108,7;1131,5;383,9;156,6;111,1;116,2;90,9;30,3;20,2;15,2;5,1;5,1;0,0;0,0;0,0;0,0;0,0;0,0;0,0;0,0;0,0;0,0;0,0;0,0;177340902;18,4;29,4;40,2;2020-08-17 06:10:06;E10,888087;N48,360763;493,400;300;SW V1-11 (2020-06-17);2019-06-11 14:16:04;original set-up
2020-08-17 08:15:06;SN19005;measure;3,72;2,60;2,29;12713,8;979,9;252,6;90,9;146,5;40,4;25,3;35,4;15,2;10,1;5,1;0,0;0,0;0,0;0,0;0,0;0,0;0,0;0,0;0,0;0,0;0,0;0,0;0,0;177340902;18,4;29,5;40,0;2020-08-17 06:15:06;E10,888057;N48,360748;499,700;300;SW V1-11 (2020-06-17);2019-06-11 14:16:04;original set-up
2020-08-17 08:20:06;SN19005;measure;7,03;3,60;2,64;14178,7;1237,5;490,0;176,8;262,7;126,3;131,3;60,6;65,7;25,3;5,1;10,1;0,0;5,1;10,1;0,0;0,0;0,0;0,0;0,0;0,0;0,0;0,0;0,0;177340902;18,4;29,6;39,8;2020-08-17 06:20:06;E10,888178;N48,360795;500,100;300;SW V1-11 (2020-06-17);2019-06-11 14:16:04;original set-up
2020-08-17 08:25:06;SN19005;measure;4,22;2,59;2,22;12476,6;958,2;306,2;113,6;113,6;88,9;34,6;14,8;29,6;14,8;4,9;4,9;0,0;0,0;0,0;0,0;0,0;0,0;0,0;0,0;0,0;0,0;0,0;0,0;177340902;18,2;29,5;40,0;2020-08-17 06:25:06;E10,888167;N48,360777;498,500;300;SW V1-11 (2020-06-17);2019-06-11 14:16:04;original set-up
