***begin of header***
date&time [local time];serial-no;type;PM10 [ug/m3];PM2.5 [ug/m3];PM1 [ug/m3];0,35 [um];0,46 [um];0,66 [um];1,0 [um];1,3 [um];1,7 [um];2,3 [um];3,0 [um];4,0 [um];5,2 [um];6,5 [um];8,0 [um];10 [um];12 [um];14 [um];16 [um];18 [um];20 [um];22 [um];25 [um];28 [um];31 [um];34 [um];37 [um];serial-OPC;T-out [°C];T-aerosol [°C];rH [%];date&time [UTC];longitude [°];latitude [°];height [m];time-resolution [s];software-version;last calibration [local time];configuration version
***end of header***
2020-08-16 00:00:06;SN19005;measure;16,48;15,55;14,93;81568,9;5759,5;845,8;219,3;241,7;116,4;89,5;13,4;0,0;17,9;4,5;0,0;0,0;0,0;0,0;0,0;0,0;0,0;0,0;0,0;0,0;0,0;0,0;0,0;177340902;20,4;31,2;40,5;2020-08-15 22:00:06;E10,888153;N48,360718;511,300;300;SW V1-11 (2020-06-17);2019-06-11 14:16:04;original set-up
2020-08-16 00:05:06;SN19005;measure;15,95;15,22;14,68;80856,1;5721,9;810,6;161,2;196,1;113,3;61,0;17,4;26,1;4,4;0,0;0,0;0,0;0,0;0,0;0,0;0,0;0,0;0,0;0,0;0,0;0,0;0,0;0,0;177340902;20,4;31,2;40,7;2020-08-15 22:05:06;E10,888063;N48,360843;515,000;300;SW V1-11 (2020-06-17);2019-06-11 14:16:04;original set-up
2020-08-16 00:10:06;SN19005;measure;16,50;15,50;15,06;82993,7;5741,0;757,7;173,2;173,2;90,9;43,3;17,3;17,3;0,0;0,0;8,7;0,0;0,0;0,0;0,0;0,0;0,0;0,0;0,0;0,0;0,0;0,0;0,0;177340902;20,4;31,1;40,8;2020-08-15 22:10:06;E10,888098;N48,360880;519,200;300;SW V1-11 (2020-06-17);2019-06-11 14:16:04;original set-up
2020-08-16 00:15:06;SN19005;measure;16,31;15,11;14,57;82218,6;5850,6;847,5;197,9;189,3;124,8;64,5;12,9;21,5;8,6;8,6;0,0;0,0;0,0;0,0;0,0;0,0;0,0;0,0;0,0;0,0;0,0;0,0;0,0;177340902;20,1;31,0;40,9;2020-08-15 22:15:06;E10,888027;N48,360803;523,400;300;SW V1-11 (2020-06-17);2019-06-11 14:16:04;original set-up
2020-08-16 00:20:06;SN19005;measure;15,96;15,54;15,01;85318,4;6281,5;947,5;245,6;175,5;144,8;52,6;17,5;8,8;4,4;0,0;0,0;0,0;0,0;0,0;0,0;0,0;0,0;0,0;0,0;0,0;0,0;0,0;0,0;177340902;20,1;31,0;41,1;2020-08-15 22:20:06;E10,888240;N48,360792;519,900;300;SW V1-11 (2020-06-17);2019-06-11 14:16:04;original set-up
2020-08-16 00:25:06;SN19005;measure;15,77;14,91;14,36;84073,1;5988,2;874,6;186,2;238,1;95,3;77,9;26,0;8,7;8,7;0,0;4,3;0,0;0,0;0,0;0,0;0,0;0,0;0,0;0,0;0,0;0,0;0,0;0,0;177340902;19,9;30,9;41,3;2020-08-15 22:25:06;E10,888400;N48,360990;508,400;300;SW V1-11 (2020-06-17);2019-06-11 14:16:04;original set-up
2020-08-16 00:30:06;SN19005;measure;15,58;15,00;14,55;82449,7;5914,8;813,0;193,6;189,3;120,4;25,8;30,1;12,9;4,3;0,0;0,0;0,0;0,0;0,0;0,0;0,0;0,0;0,0;0,0;0,0;0,0;0,0;0,0;177340902;20,1;30,9;41,4;2020-08-15 22:30:06;E10,888348;N48,360687;523,800;300;SW V1-11 (2020-06-17);2019-06-11 14:16:04;original set-up
2020-08-16 00:35:06;SN19005;measure;17,01;16,03;15,54;88937,3;6593,0;1083,5;193,0;175,5;131,6;48,3;17,5;13,2;8,8;0,0;4,4;0,0;4,4;0,0;0,0;0,0;0,0;0,0;0,0;0,0;0,0;0,0;0,0;177340902;20,1;30,8;41,7;2020-08-15 22:35:06;E10,888025;N48,360670;519,800;300;SW V1-11 (2020-06-17);2019-06-11 14:16:04;original set-up
2020-08-16 00:40:06;SN19005;measure;16,78;15,81;15,27;89733,8;6654,3;808,1;242,9;211,9;141,3;57,4;17,7;13,2;13,2;4,4;0,0;0,0;0,0;0,0;0,0;0,0;0,0;0,0;0,0;0,0;0,0;0,0;0,0;177340902;19,9;30,8;41,8;2020-08-15 22:40:06;E10,888040;N48,360693;528,400;300;SW V1-11 (2020-06-17);2019-06-11 14:16:04;original set-up
2020-08-16 00:45:06;SN19005;measure;16,44;15,50;14,99;89111,5;6933,8;910,9;130,7;265,8;148,2;47,9;26,1;8,7;13,1;4,4;0,0;0,0;0,0;0,0;0,0;0,0;0,0;0,0;0,0;0,0;0,0;0,0;0,0;177340902;19,8;30,7;41,9;2020-08-15 22:45:06;E10,888278;N48,360743;517,500;300;SW V1-11 (2020-06-17);2019-06-11 14:16:04;original set-up
2020-08-16 00:50:06;SN19005;measure;16,52;15,95;15,54;93076,4;6698,5;869,9;145,7;176,6;92,7;53,0;13,2;13,2;0,0;0,0;4,4;0,0;0,0;0,0;0,0;0,0;0,0;0,0;0,0;0,0;0,0;0,0;0,0;177340902;19,8;30,6;42,2;2020-08-15 22:50:06;E10,888187;N48,360775;509,300;300;SW V1-11 (2020-06-17);2019-06-11 14:16:04;original set-up
2020-08-16 00:55:06;SN19005;measure;16,46;15,69;15,21;91256,3;6715,6;974,2;212,2;225,2;108,2;64,9;8,7;8,7;4,3;8,7;0,0;0,0;0,0;0,0;0,0;0,0;0,0;0,0;0,0;0,0;0,0;0,0;0,0;177340902;19,7;30,6;42,2;2020-08-15 22:55:06;E10,888147;N48,360675;498,100;300;SW V1-11 (2020-06-17);2019-06-11 14:16:04;original set-up
2020-08-16 01:00:06;SN19005;measure;16,71;15,34;14,91;90663,3;7063,8;869,0;146,3;167,8;90,3;51,6;25,8;17,2;17,2;8,6;0,0;0,0;0,0;0,0;0,0;0,0;0,0;0,0;0,0;0,0;0,0;0,0;0,0;177340902;19,6;30,5;42,4;2020-08-15 23:00:06;E10,888227;N48,360777;498,600;300;SW V1-11 (2020-06-17);2019-06-11 14:16:04;original set-up
2020-08-16 01:05:06;SN19005;measure;15,78;15,01;14,50;89052,7;6650,3;1010,9;202,2;253,8;129,0;55,9;21,5;12,9;0,0;8,6;0,0;0,0;0,0;0,0;0,0;0,0;0,0;0,0;0,0;0,0;0,0;0,0;0,0;177340902;19,6;30,5;42,5;2020-08-15 23:05:06;E10,888332;N48,360853;496,700;300;SW V1-11 (2020-06-17);2019-06-11 14:16:04;original set-up
2020-08-16 01:10:06;SN19005;measure;16,68;15,45;14,92;91371,8;7900,2;1026,5;263,2;245,6;122,8;65,8;13,2;13,2;8,8;8,8;4,4;0,0;0,0;0,0;0,0;0,0;0,0;0,0;0,0;0,0;0,0;0,0;0,0;177340902;19,6;30,4;42,7;2020-08-15 23:10:06;E10,888165;N48,360693;491,600;300;SW V1-11 (2020-06-17);2019-06-11 14:16:04;original set-up
2020-08-16 01:15:06;SN19005;measure;17,31;16,15;15,58;94207,4;7455,5;1108,4;168,9;164,5;108,2;86,6;26,0;30,3;17,3;0,0;0,0;0,0;0,0;0,0;0,0;0,0;0,0;0,0;0,0;0,0;0,0;0,0;0,0;177340902;19,7;30,4;42,8;2020-08-15 23:15:06;E10,888137;N48,360683;493,400;300;SW V1-11 (2020-06-17);2019-06-11 14:16:04;original set-up
2020-08-16 01:20:06;SN19005;measure;16,92;16,16;15,71;94350,1;7907,0;998,0;232,3;223,7;86,0;55,9;12,9;12,9;8,6;4,3;0,0;0,0;0,0;0,0;0,0;0,0;0,0;0,0;0,0;0,0;0,0;0,0;0,0;177340902;19,7;30,3;42,9;2020-08-15 23:20:06;E10,888248;N48,360723;489,400;300;SW V1-11 (2020-06-17);2019-06-11 14:16:04;original set-up
2020-08-16 01:25:06;SN19005;measure;16,90;16,12;15,63;96313,9;7992,5;1178,7;210,8;176,4;124,7;55,9;21,5;17,2;12,9;0,0;0,0;0,0;0,0;0,0;0,0;0,0;0,0;0,0;0,0;0,0;0,0;0,0;0,0;177340902;19,5;30,3;43,0;2020-08-15 23:25:06;E10,888185;N48,360607;488,300;300;SW V1-11 (2020-06-17);2019-06-11 14:16:04;original set-up
2020-08-16 01:30:06;SN19005;measure;17,33;16,42;16,00;99487,6;8971,3;1171,1;200,9;175,2;128,2;38,5;21,4;4,3;4,3;4,3;0,0;4,3;0,0;4,3;0,0;0,0;0,0;0,0;0,0;0,0;0,0;0,0;0,0;177340902;19,4;30,2;43,1;2020-08-15 23:30:06;E10,888192;N48,360712;493,700;300;SW V1-11 (2020-06-17);2019-06-11 14:16:04;original set-up
2020-08-16 01:35:06;SN19005;measure;17,43;16,57;16,06;99966,3;8778,9;1325,0;256,4;200,9;89,8;76,9;17,1;17,1;8,5;0,0;4,3;0,0;0,0;0,0;0,0;0,0;0,0;0,0;0,0;0,0;0,0;0,0;0,0;177340902;19,4;30,3;43,1;2020-08-15 23:35:06;E10,888142;N48,360638;482,500;300;SW V1-11 (2020-06-17);2019-06-11 14:16:04;original set-up
2020-08-16 01:40:06;SN19005;measure;17,48;16,21;15,69;100658,7;9249,1;1201,0;209,4;260,7;128,2;55,6;34,2;17,1;12,8;4,3;4,3;0,0;0,0;0,0;0,0;0,0;0,0;4,3;0,0;0,0;0,0;0,0;0,0;177340902;19,2;30,2;43,2;2020-08-15 23:40:06;E10,888077;N48,360702;495,900;300;SW V1-11 (2020-06-17);2019-06-11 14:16:04;original set-up
2020-08-16 01:45:06;SN19005;measure;16,39;16,19;15,81;104905,5;10054,3;1377,2;292,0;191,8;113,3;39,2;8,7;4,4;0,0;0,0;0,0;0,0;4,4;0,0;0,0;0,0;0,0;0,0;0,0;0,0;0,0;0,0;0,0;177340902;19,1;30,1;43,3;2020-08-15 23:45:06;E10,888197;N48,360722;497,800;300;SW V1-11 (2020-06-17);2019-06-11 14:16:04;original set-up
2020-08-16 01:50:06;SN19005;measure;17,60;16,64;16,19;106086,2;10409,0;1389,9;199,2;255,5;151,5;39,0;13,0;17,3;8,7;8,7;0,0;0,0;0,0;0,0;0,0;0,0;0,0;0,0;0,0;0,0;0,0;0,0;0,0;177340902;19,1;30,1;43,4;2020-08-15 23:50:06;E10,888180;N48,360638;497,100;300;SW V1-11 (2020-06-17);2019-06-11 14:16:04;original set-up
2020-08-16 01:55:06;SN19005;measure;16,59;15,87;15,38;102584,0;9429,8;1264,8;228,0;197,9;98,9;90,3;12,9;12,9;8,6;0,0;4,3;0,0;0,0;0,0;0,0;0,0;0,0;0,0;0,0;0,0;0,0;0,0;0,0;177340902;19,0;30,1;43,4;2020-08-15 23:55:06;E10,888195;N48,360713;506,300;300;SW V1-11 (2020-06-17);2019-06-11 14:16:04;original set-up
2020-08-16 02:00:06;SN19005;measure;16,27;16,07;15,61;104070,9;9843,4;1355,4;267,6;179,8;118,4;61,4;21,9;4,4;0,0;0,0;0,0;0,0;0,0;0,0;0,0;0,0;0,0;0,0;0,0;0,0;0,0;0,0;0,0;177340902;19,0;30,0;43,5;2020-08-16 00:00:06;E10,888217;N48,360810;509,600;300;SW V1-11 (2020-06-17);2019-06-11 14:16:04;original set-up
2020-08-16 02:05:06;SN19005;measure;17,95;17,52;16,98;108096,7;10717,4;1620,6;251,7;225,2;123,6;88,3;8,8;8,8;0,0;0,0;4,4;0,0;0,0;0,0;4,4;0,0;0,0;4,4;0,0;0,0;0,0;0,0;4,4;177340902;19,2;30,0;43,5;2020-08-16 00:05:06;E10,888265;N48,360845;511,900;300;SW V1-11 (2020-06-17);2019-06-11 14:16:04;original set-up
2020-08-16 02:10:06;SN19005;measure;17,08;16,28;15,84;108921,2;10850,3;1391,3;244,5;226,7;133,4;53,3;13,3;13,3;13,3;4,4;0,0;0,0;0,0;0,0;0,0;4,4;0,0;0,0;0,0;0,0;0,0;0,0;0,0;177340902;18,8;29,9;43,7;2020-08-16 00:10:06;E10,888275;N48,360845;512,900;300;SW V1-11 (2020-06-17);2019-06-11 14:16:04;original set-up
2020-08-16 02:15:06;SN19005;measure;17,18;16,69;16,15;107917,0;10376,8;1468,7;274,6;265,8;135,1;65,4;39,2;8,7;4,4;0,0;0,0;0,0;0,0;0,0;0,0;0,0;0,0;0,0;0,0;0,0;0,0;0,0;0,0;177340902;18,9;29,9;43,6;2020-08-16 00:15:06;E10,888343;N48,360777;512,200;300;SW V1-11 (2020-06-17);2019-06-11 14:16:04;original set-up
2020-08-16 02:20:06;SN19005;measure;15,41;14,48;14,05;104637,3;10113,9;1264,2;220,8;212,1;125,6;69,3;13,0;13,0;8,7;4,3;0,0;4,3;0,0;0,0;0,0;0,0;0,0;0,0;0,0;0,0;0,0;0,0;0,0;177340902;18,4;29,9;43,7;2020-08-16 00:20:06;E10,888267;N48,360825;511,900;300;SW V1-11 (2020-06-17);2019-06-11 14:16:04;original set-up
2020-08-16 02:25:06;SN19005;measure;15,50;15,13;14,68;104063,8;9821,3;1363,7;258,1;176,4;124,8;73,1;12,9;8,6;0,0;4,3;0,0;0,0;0,0;0,0;0,0;0,0;0,0;0,0;0,0;0,0;0,0;0,0;0,0;177340902;18,6;29,8;43,8;2020-08-16 00:25:06;E10,888248;N48,360768;511,000;300;SW V1-11 (2020-06-17);2019-06-11 14:16:04;original set-up
2020-08-16 02:30:06;SN19005;measure;16,56;16,02;15,54;106391,4;10093,5;1447,6;210,6;201,8;105,3;79,0;30,7;8,8;8,8;0,0;0,0;0,0;0,0;0,0;0,0;0,0;0,0;0,0;0,0;0,0;0,0;0,0;0,0;177340902;18,8;29,8;43,9;2020-08-16 00:30:06;E10,888158;N48,360753;509,200;300;SW V1-11 (2020-06-17);2019-06-11 14:16:04;original set-up
2020-08-16 02:35:06;SN19005;measure;16,30;15,38;14,95;109904,3;10915,4;1395,3;198,7;220,8;128,1;57,4;22,1;22,1;0,0;4,4;0,0;4,4;0,0;0,0;0,0;0,0;0,0;0,0;0,0;0,0;0,0;0,0;0,0;177340902;18,4;29,7;44,0;2020-08-16 00:35:06;E10,888070;N48,360758;508,600;300;SW V1-11 (2020-06-17);2019-06-11 14:16:04;original set-up
2020-08-16 02:40:06;SN19005;measure;14,78;14,28;13,91;106779,5;10237,3;1455,6;187,4;196,1;152,5;47,9;8,7;8,7;0,0;8,7;0,0;0,0;0,0;0,0;0,0;0,0;0,0;0,0;0,0;0,0;0,0;0,0;0,0;177340902;18,3;29,7;44,1;2020-08-16 00:40:06;E10,888208;N48,360835;507,700;300;SW V1-11 (2020-06-17);2019-06-11 14:16:04;original set-up
2020-08-16 02:45:06;SN19005;measure;15,75;14,86;14,42;108728,8;10880,2;1524,0;238,1;186,2;121,2;77,9;17,3;17,3;8,7;4,3;4,3;0,0;0,0;0,0;0,0;0,0;0,0;0,0;0,0;0,0;0,0;0,0;0,0;177340902;18,3;29,6;44,1;2020-08-16 00:45:06;E10,888235;N48,360830;506,900;300;SW V1-11 (2020-06-17);2019-06-11 14:16:04;original set-up
2020-08-16 02:50:06;SN19005;measure;14,74;14,43;14,11;107709,0;11137,0;1462,6;210,8;232,3;107,5;38,7;8,6;12,9;4,3;0,0;0,0;0,0;0,0;0,0;0,0;0,0;0,0;0,0;0,0;0,0;0,0;0,0;0,0;177340902;18,3;29,6;44,3;2020-08-16 00:50:06;E10,888215;N48,360888;507,200;300;SW V1-11 (2020-06-17);2019-06-11 14:16:04;original set-up
2020-08-16 02:55:06;SN19005;measure;14,81;14,64;14,31;113562,2;11822,5;1592,4;254,4;179,9;114,1;52,6;4,4;4,4;4,4;0,0;0,0;0,0;0,0;0,0;0,0;0,0;0,0;0,0;0,0;0,0;0,0;0,0;0,0;177340902;18,2;29,6;44,5;2020-08-16 00:55:06;E10,888372;N48,360818;506,800;300;SW V1-11 (2020-06-17);2019-06-11 14:16:04;original set-up
2020-08-16 03:00:06;SN19005;measure;16,43;16,20;15,85;118642,8;13056,9;1775,1;282,6;251,7;106,0;44,2;4,4;8,8;4,4;0,0;0,0;0,0;0,0;0,0;0,0;0,0;0,0;0,0;0,0;0,0;0,0;0,0;0,0;177340902;18,4;29,5;44,6;2020-08-16 01:00:06;E10,888225;N48,360880;506,500;300;SW V1-11 (2020-06-17);2019-06-11 14:16:04;original set-up
2020-08-16 03:05:06;SN19005;measure;16,98;16,47;16,03;120116,2;13431,0;1664,7;265,8;244,0;122,0;78,4;8,7;8,7;0,0;8,7;0,0;0,0;0,0;0,0;0,0;0,0;0,0;0,0;0,0;0,0;0,0;0,0;0,0;177340902;18,3;29,4;44,6;2020-08-16 01:05:06;E10,888228;N48,360902;506,200;300;SW V1-11 (2020-06-17);2019-06-11 14:16:04;original set-up
2020-08-16 03:10:06;SN19005;measure;15,43;14,61;14,14;115624,9;12331,5;1783,9;216,5;268,5;147,2;64,9;56,3;13,0;0,0;0,0;8,7;0,0;0,0;0,0;0,0;0,0;0,0;0,0;0,0;0,0;0,0;0,0;0,0;177340902;18,0;29,4;44,7;2020-08-16 01:10:06;E10,888373;N48,360823;506,200;300;SW V1-11 (2020-06-17);2019-06-11 14:16:04;original set-up
2020-08-16 03:15:06;SN19005;measure;15,05;14,60;14,22;117988,5;13717,7;1952,1;280,8;215,0;118,4;65,8;21,9;4,4;0,0;0,0;0,0;4,4;0,0;0,0;0,0;0,0;0,0;0,0;0,0;0,0;0,0;0,0;0,0;177340902;17,9;29,3;44,9;2020-08-16 01:15:06;E10,888305;N48,360850;505,600;300;SW V1-11 (2020-06-17);2019-06-11 14:16:04;original set-up
2020-08-16 03:20:06;SN19005;measure;17,30;16,63;16,24;117327,3;13058,0;1697,2;298,7;160,2;138,5;43,3;13,0;13,0;0,0;0,0;8,7;0,0;0,0;0,0;0,0;0,0;0,0;0,0;0,0;0,0;0,0;0,0;0,0;177340902;18,4;29,3;45,0;2020-08-16 01:20:06;E10,888253;N48,360823;507,800;300;SW V1-11 (2020-06-17);2019-06-11 14:16:04;original set-up
2020-08-16 03:25:06;SN19005;measure;18,84;18,23;17,78;121422,6;13907,2;1785,2;296,8;193,6;120,4;60,2;12,9;17,2;8,6;0,0;0,0;0,0;4,3;0,0;0,0;0,0;0,0;0,0;0,0;0,0;0,0;0,0;0,0;177340902;18,7;29,3;45,0;2020-08-16 01:25:06;E10,888270;N48,360832;507,600;300;SW V1-11 (2020-06-17);2019-06-11 14:16:04;original set-up
2020-08-16 03:30:06;SN19005;measure;18,38;17,33;16,79;118363,5;13327,4;1871,3;253,8;202,2;133,4;86,0;25,8;21,5;8,6;4,3;4,3;0,0;0,0;0,0;0,0;0,0;0,0;0,0;0,0;0,0;0,0;0,0;0,0;177340902;18,5;29,2;45,1;2020-08-16 01:30:06;E10,888258;N48,360898;508,600;300;SW V1-11 (2020-06-17);2019-06-11 14:16:04;original set-up
2020-08-16 03:35:06;SN19005;measure;17,50;16,61;16,13;119669,5;12997,3;1802,9;250,0;197,4;175,5;57,0;21,9;21,9;4,4;4,4;4,4;0,0;0,0;0,0;0,0;0,0;0,0;0,0;0,0;0,0;0,0;0,0;0,0;177340902;18,3;29,2;45,1;2020-08-16 01:35:06;E10,888193;N48,360843;507,400;300;SW V1-11 (2020-06-17);2019-06-11 14:16:04;original set-up
2020-08-16 03:40:06;SN19005;measure;16,14;15,35;14,97;114884,4;12582,6;1563,1;186,2;216,5;108,2;69,3;13,0;4,3;4,3;4,3;8,7;0,0;0,0;0,0;0,0;0,0;0,0;0,0;0,0;0,0;0,0;0,0;0,0;177340902;18,2;29,2;45,2;2020-08-16 01:40:06;E10,888315;N48,360935;508,300;300;SW V1-11 (2020-06-17);2019-06-11 14:16:04;original set-up
2020-08-16 03:45:06;SN19005;measure;14,80;14,44;14,12;111722,4;12147,9;1806,7;240,9;236,6;98,9;43,0;12,9;8,6;8,6;0,0;0,0;0,0;0,0;0,0;4,3;0,0;0,0;0,0;0,0;0,0;0,0;0,0;0,0;177340902;18,1;29,1;45,2;2020-08-16 01:45:06;E10,888175;N48,360823;509,600;300;SW V1-11 (2020-06-17);2019-06-11 14:16:04;original set-up
2020-08-16 03:50:06;SN19005;measure;15,86;15,35;14,97;114126,1;12338,0;1712,2;253,8;245,2;94,6;68,8;0,0;17,2;0,0;0,0;0,0;4,3;0,0;0,0;0,0;0,0;0,0;0,0;0,0;0,0;0,0;0,0;0,0;177340902;18,2;29,1;45,2;2020-08-16 01:50:06;E10,888128;N48,360795;502,800;300;SW V1-11 (2020-06-17);2019-06-11 14:16:04;original set-up
2020-08-16 03:55:06;SN19005;measure;16,40;15,43;15,02;113804,8;12818,8;1778,1;243,6;247,9;119,7;64,1;17,1;8,5;12,8;4,3;0,0;4,3;0,0;0,0;0,0;0,0;0,0;0,0;0,0;0,0;0,0;0,0;0,0;177340902;18,2;29,1;45,2;2020-08-16 01:55:06;E10,888262;N48,360765;503,200;300;SW V1-11 (2020-06-17);2019-06-11 14:16:04;original set-up
2020-08-16 04:00:06;SN19005;measure;16,49;15,74;15,35;116220,6;12604,2;1641,2;243,6;235,1;94,0;51,3;29,9;17,1;0,0;4,3;4,3;0,0;0,0;0,0;0,0;0,0;0,0;0,0;0,0;0,0;0,0;0,0;0,0;177340902;18,2;29,1;45,3;2020-08-16 02:00:06;E10,888148;N48,360818;507,100;300;SW V1-11 (2020-06-17);2019-06-11 14:16:04;original set-up
2020-08-16 04:10:06;SN19005;measure;15,91;15,47;15,03;118208,1;12899,7;1722,3;265,0;247,3;101,6;88,3;22,1;4,4;8,8;0,0;0,0;0,0;4,4;0,0;0,0;0,0;0,0;0,0;0,0;0,0;0,0;0,0;0,0;177340902;18,1;29,1;45,4;2020-08-16 02:10:06;E10,888172;N48,360553;502,000;300;SW V1-11 (2020-06-17);2019-06-11 14:16:04;original set-up
2020-08-16 04:15:06;SN19005;measure;16,52;15,46;15,07;116146,2;12912,4;1725,7;292,0;200,5;87,2;52,3;39,2;13,1;0,0;4,4;4,4;4,4;0,0;0,0;0,0;0,0;0,0;0,0;0,0;0,0;0,0;0,0;0,0;177340902;18,1;29,0;45,3;2020-08-16 02:15:06;E10,888237;N48,360847;508,200;300;SW V1-11 (2020-06-17);2019-06-11 14:16:04;original set-up
2020-08-16 04:20:06;SN19005;measure;15,66;14,96;14,53;116708,0;12969,5;1793,8;253,8;202,2;94,6;86,0;21,5;25,8;4,3;0,0;4,3;0,0;0,0;0,0;0,0;0,0;0,0;0,0;0,0;0,0;0,0;0,0;0,0;177340902;17,9;29,0;45,5;2020-08-16 02:20:06;E10,888260;N48,360868;507,800;300;SW V1-11 (2020-06-17);2019-06-11 14:16:04;original set-up
2020-08-16 04:25:06;SN19005;measure;16,23;15,50;15,15;118983,6;14272,9;2137,9;296,8;228,0;111,8;34,4;30,1;4,3;8,6;8,6;0,0;0,0;0,0;0,0;0,0;0,0;0,0;0,0;0,0;0,0;0,0;0,0;0,0;177340902;18,0;28,9;45,6;2020-08-16 02:25:06;E10,888280;N48,360903;518,000;300;SW V1-11 (2020-06-17);2019-06-11 14:16:04;original set-up
2020-08-16 04:30:06;SN19005;measure;16,67;16,29;15,90;123555,4;15082,0;2246,1;320,2;206,2;109,7;65,8;8,8;13,2;0,0;4,4;0,0;0,0;0,0;0,0;4,4;0,0;0,0;0,0;0,0;0,0;0,0;0,0;0,0;177340902;18,0;28,9;45,5;2020-08-16 02:30:06;E10,888293;N48,360878;516,800;300;SW V1-11 (2020-06-17);2019-06-11 14:16:04;original set-up
2020-08-16 04:35:06;SN19005;measure;17,38;16,58;16,12;124034,2;15388,4;2221,0;335,6;269,4;123,6;66,2;26,5;8,8;0,0;8,8;4,4;0,0;0,0;0,0;0,0;0,0;0,0;0,0;0,0;0,0;0,0;0,0;0,0;177340902;18,0;28,8;45,6;2020-08-16 02:35:06;E10,888260;N48,360850;515,900;300;SW V1-11 (2020-06-17);2019-06-11 14:16:04;original set-up
2020-08-16 04:40:06;SN19005;measure;17,42;16,83;16,42;124495,9;16102,4;2484,0;326,8;204,8;104,6;74,1;13,1;8,7;8,7;0,0;4,4;0,0;0,0;0,0;0,0;0,0;0,0;0,0;0,0;0,0;0,0;0,0;0,0;177340902;18,1;28,8;45,6;2020-08-16 02:40:06;E10,888220;N48,360792;519,300;300;SW V1-11 (2020-06-17);2019-06-11 14:16:04;original set-up
2020-08-16 04:45:06;SN19005;measure;16,50;16,10;15,75;126029,5;16501,1;2433,4;402,7;207,8;103,9;52,0;4,3;4,3;0,0;8,7;0,0;0,0;0,0;0,0;0,0;0,0;0,0;0,0;0,0;0,0;0,0;0,0;0,0;177340902;17,9;28,8;45,7;2020-08-16 02:45:06;E10,888293;N48,360830;515,200;300;SW V1-11 (2020-06-17);2019-06-11 14:16:04;original set-up
2020-08-16 04:50:06;SN19005;measure;14,67;14,32;13,91;125161,0;16683,2;2526,8;368,5;293,9;144,8;52,6;35,1;17,5;0,0;0,0;0,0;0,0;0,0;0,0;0,0;0,0;0,0;0,0;0,0;0,0;0,0;0,0;0,0;177340902;17,5;28,7;45,8;2020-08-16 02:50:06;E10,888315;N48,360735;517,500;300;SW V1-11 (2020-06-17);2019-06-11 14:16:04;original set-up
2020-08-16 04:55:06;SN19005;measure;13,69;13,27;12,99;126930,1;17276,2;2515,7;381,0;229,5;86,6;56,3;4,3;8,7;4,3;0,0;0,0;4,3;0,0;4,3;0,0;0,0;0,0;0,0;0,0;0,0;0,0;0,0;0,0;177340902;17,3;28,7;45,9;2020-08-16 02:55:06;E10,888195;N48,360800;515,300;300;SW V1-11 (2020-06-17);2019-06-11 14:16:04;original set-up
2020-08-16 05:00:06;SN19005;measure;16,42;16,19;15,80;130425,3;17243,5;2640,7;434,3;236,9;87,7;57,0;26,3;8,8;0,0;0,0;0,0;0,0;0,0;0,0;0,0;0,0;0,0;0,0;0,0;0,0;0,0;0,0;0,0;177340902;17,7;28,6;46,0;2020-08-16 03:00:06;E10,888347;N48,360792;513,400;300;SW V1-11 (2020-06-17);2019-06-11 14:16:04;original set-up
2020-08-16 05:05:06;SN19005;measure;16,20;15,96;15,63;131977,8;18944,2;2636,3;353,3;203,1;97,1;48,6;8,8;17,7;0,0;0,0;0,0;0,0;0,0;0,0;0,0;0,0;0,0;0,0;0,0;0,0;0,0;0,0;0,0;177340902;17,6;28,6;46,0;2020-08-16 03:05:06;E10,888315;N48,360820;513,500;300;SW V1-11 (2020-06-17);2019-06-11 14:16:04;original set-up
2020-08-16 05:10:06;SN19005;measure;16,43;15,73;15,34;132392,4;18189,8;2636,5;396,6;257,1;130,7;52,3;26,1;4,4;13,1;0,0;0,0;4,4;0,0;0,0;0,0;0,0;0,0;0,0;0,0;0,0;0,0;0,0;0,0;177340902;17,6;28,6;46,1;2020-08-16 03:10:06;E10,888182;N48,360793;513,400;300;SW V1-11 (2020-06-17);2019-06-11 14:16:04;original set-up
2020-08-16 05:15:06;SN19005;measure;15,87;15,58;15,19;134795,2;18736,6;2720,2;370,9;238,5;114,8;75,1;13,2;13,2;4,4;0,0;0,0;0,0;0,0;0,0;0,0;0,0;0,0;0,0;0,0;0,0;0,0;0,0;0,0;177340902;17,4;28,5;46,1;2020-08-16 03:15:06;E10,888315;N48,360835;513,900;300;SW V1-11 (2020-06-17);2019-06-11 14:16:04;original set-up
2020-08-16 05:20:06;SN19005;measure;15,26;14,98;14,64;136836,0;19518,2;3084,9;444,5;240,0;155,6;44,5;4,4;8,9;0,0;0,0;4,4;0,0;0,0;0,0;0,0;0,0;0,0;0,0;0,0;0,0;0,0;0,0;0,0;177340902;17,3;28,5;46,2;2020-08-16 03:20:06;E10,888168;N48,360765;512,000;300;SW V1-11 (2020-06-17);2019-06-11 14:16:04;original set-up
2020-08-16 05:25:06;SN19005;measure;14,99;14,59;14,28;144082,1;21582,1;3036,2;333,4;262,3;142,3;40,0;22,2;8,9;4,4;0,0;4,4;0,0;0,0;0,0;0,0;0,0;0,0;0,0;0,0;0,0;0,0;0,0;0,0;177340902;17,1;28,4;46,3;2020-08-16 03:25:06;E10,888283;N48,360783;508,500;300;SW V1-11 (2020-06-17);2019-06-11 14:16:04;original set-up
2020-08-16 05:30:06;SN19005;measure;13,42;12,61;12,27;142427,9;22478,6;3351,6;484,5;275,6;128,9;62,2;31,1;31,1;8,9;4,4;0,0;4,4;0,0;0,0;0,0;0,0;0,0;0,0;0,0;0,0;0,0;0,0;0,0;177340902;16,9;28,3;46,5;2020-08-16 03:30:06;E10,888288;N48,360842;501,900;300;SW V1-11 (2020-06-17);2019-06-11 14:16:04;original set-up
2020-08-16 05:35:06;SN19005;measure;15,48;15,22;14,86;145295,7;23000,2;3663,0;409,0;244,5;151,1;57,8;13,3;13,3;4,4;0,0;0,0;0,0;0,0;0,0;0,0;0,0;0,0;0,0;0,0;0,0;0,0;0,0;0,0;177340902;17,1;28,2;46,6;2020-08-16 03:35:06;E10,888165;N48,360777;501,400;300;SW V1-11 (2020-06-17);2019-06-11 14:16:04;original set-up
2020-08-16 05:40:06;SN19005;measure;16,43;15,88;15,50;143459,8;22602,6;3315,9;483,3;201,4;165,6;44,7;26,8;8,9;8,9;0,0;4,5;0,0;0,0;0,0;0,0;0,0;0,0;0,0;0,0;0,0;0,0;0,0;0,0;177340902;17,2;28,2;46,9;2020-08-16 03:40:06;E10,888130;N48,360765;501,300;300;SW V1-11 (2020-06-17);2019-06-11 14:16:04;original set-up
2020-08-16 05:45:06;SN19005;measure;16,44;16,13;15,77;140412,9;20984,1;2926,8;487,8;237,2;80,6;71,6;17,9;4,5;9,0;0,0;0,0;0,0;0,0;0,0;0,0;0,0;0,0;0,0;0,0;0,0;0,0;0,0;0,0;177340902;17,3;28,1;46,9;2020-08-16 03:45:06;E10,888163;N48,360863;505,500;300;SW V1-11 (2020-06-17);2019-06-11 14:16:04;original set-up
2020-08-16 05:50:06;SN19005;measure;15,36;14,29;13,89;141701,7;22102,9;3168,4;389,3;214,8;125,3;80,6;49,2;13,4;0,0;4,5;4,5;9,0;0,0;0,0;4,5;0,0;0,0;0,0;0,0;0,0;0,0;0,0;0,0;177340902;16,9;28,0;46,9;2020-08-16 03:50:06;E10,888072;N48,360883;506,300;300;SW V1-11 (2020-06-17);2019-06-11 14:16:04;original set-up
2020-08-16 05:55:06;SN19005;measure;14,65;13,57;13,23;139083,4;21206,4;3136,9;398,3;290,9;147,7;53,7;22,4;13,4;4,5;4,5;13,4;4,5;0,0;0,0;0,0;0,0;0,0;0,0;0,0;0,0;0,0;0,0;0,0;177340902;16,9;28,0;47,0;2020-08-16 03:55:06;E10,888288;N48,360922;508,100;300;SW V1-11 (2020-06-17);2019-06-11 14:16:04;original set-up
2020-08-16 06:00:06;SN19005;measure;14,55;14,31;13,95;142573,8;23009,8;3664,9;559,4;295,3;125,3;67,1;13,4;4,5;8,9;0,0;0,0;0,0;0,0;0,0;0,0;0,0;0,0;0,0;0,0;0,0;0,0;0,0;0,0;177340902;16,9;27,9;47,1;2020-08-16 04:00:06;E10,888178;N48,360872;508,200;300;SW V1-11 (2020-06-17);2019-06-11 14:16:04;original set-up
2020-08-16 06:05:06;SN19005;measure;15,06;14,31;13,96;143357,5;23360,4;3687,5;344,6;196,9;170,1;62,7;17,9;22,4;13,4;9,0;0,0;0,0;0,0;0,0;0,0;0,0;0,0;0,0;0,0;0,0;0,0;0,0;0,0;177340902;16,9;27,9;47,2;2020-08-16 04:05:06;E10,888217;N48,360873;508,000;300;SW V1-11 (2020-06-17);2019-06-11 14:16:04;original set-up
2020-08-16 06:10:06;SN19005;measure;14,46;14,10;13,77;144596,5;24240,4;4058,7;487,8;340,1;116,3;40,3;22,4;22,4;4,5;0,0;0,0;0,0;0,0;0,0;0,0;0,0;0,0;0,0;0,0;0,0;0,0;0,0;0,0;177340902;16,9;27,9;47,2;2020-08-16 04:10:06;E10,888102;N48,360795;508,900;300;SW V1-11 (2020-06-17);2019-06-11 14:16:04;original set-up
2020-08-16 06:15:06;SN19005;measure;13,41;13,09;12,71;147465,7;25615,9;4050,0;613,1;322,2;111,9;98,5;13,4;17,9;0,0;0,0;4,5;0,0;0,0;0,0;0,0;0,0;0,0;0,0;0,0;0,0;0,0;0,0;0,0;177340902;16,7;27,9;47,2;2020-08-16 04:15:06;E10,888093;N48,360850;509,600;300;SW V1-11 (2020-06-17);2019-06-11 14:16:04;original set-up
2020-08-16 06:20:06;SN19005;measure;15,17;14,69;14,34;149017,6;26858,2;4479,3;599,6;331,1;85,0;53,7;26,8;17,9;4,5;0,0;4,5;0,0;0,0;0,0;0,0;0,0;0,0;0,0;0,0;0,0;0,0;0,0;0,0;177340902;16,9;27,8;47,3;2020-08-16 04:20:06;E10,888288;N48,360813;505,300;300;SW V1-11 (2020-06-17);2019-06-11 14:16:04;original set-up
2020-08-16 06:25:06;SN19005;measure;16,43;15,39;15,01;146937,7;27034,5;4282,7;626,5;259,6;102,9;76,1;9,0;22,4;9,0;0,0;4,5;9,0;0,0;0,0;0,0;0,0;0,0;0,0;0,0;0,0;0,0;0,0;0,0;177340902;17,0;27,8;47,4;2020-08-16 04:25:06;E10,888097;N48,360775;506,700;300;SW V1-11 (2020-06-17);2019-06-11 14:16:04;original set-up
2020-08-16 06:30:06;SN19005;measure;17,56;17,12;16,68;148270,3;26750,8;4412,2;608,6;326,7;138,7;62,6;17,9;4,5;8,9;4,5;0,0;0,0;0,0;0,0;0,0;0,0;0,0;0,0;0,0;0,0;0,0;0,0;0,0;177340902;17,2;27,8;47,4;2020-08-16 04:30:06;E10,888220;N48,360800;507,000;300;SW V1-11 (2020-06-17);2019-06-11 14:16:04;original set-up
2020-08-16 06:35:06;SN19005;measure;16,89;16,14;15,72;147791,5;26307,8;4345,1;595,2;281,9;138,7;71,6;17,9;8,9;0,0;0,0;8,9;4,5;0,0;0,0;0,0;0,0;0,0;0,0;0,0;0,0;0,0;0,0;0,0;177340902;17,1;27,8;47,3;2020-08-16 04:35:06;E10,888290;N48,360710;511,500;300;SW V1-11 (2020-06-17);2019-06-11 14:16:04;original set-up
2020-08-16 06:40:06;SN19005;measure;17,11;16,32;15,85;148673,1;26084,0;4492,8;631,0;322,2;107,4;89,5;40,3;8,9;8,9;4,5;4,5;0,0;4,5;0,0;0,0;0,0;0,0;0,0;0,0;0,0;0,0;0,0;0,0;177340902;17,1;27,8;47,4;2020-08-16 04:40:06;E10,888245;N48,360792;509,400;300;SW V1-11 (2020-06-17);2019-06-11 14:16:04;original set-up
2020-08-16 06:45:06;SN19005;measure;14,32;14,08;13,72;147062,1;26531,5;4533,0;595,2;295,3;129,8;71,6;13,4;13,4;4,5;0,0;0,0;0,0;0,0;0,0;4,5;0,0;0,0;0,0;0,0;0,0;0,0;0,0;0,0;177340902;16,8;27,8;47,4;2020-08-16 04:45:06;E10,888197;N48,360745;519,200;300;SW V1-11 (2020-06-17);2019-06-11 14:16:04;original set-up
2020-08-16 06:50:06;SN19005;measure;17,02;16,11;15,66;150267,2;27517,8;4667,6;742,9;349,1;134,3;49,2;17,9;53,7;9,0;0,0;4,5;0,0;0,0;0,0;0,0;0,0;0,0;0,0;0,0;0,0;0,0;0,0;0,0;177340902;17,0;27,8;47,5;2020-08-16 04:50:06;E10,888180;N48,360703;520,600;300;SW V1-11 (2020-06-17);2019-06-11 14:16:04;original set-up
2020-08-16 06:55:06;SN19005;measure;17,65;16,95;16,49;149542,2;26412,4;4591,5;725,0;259,6;120,8;71,6;13,4;26,9;4,5;9,0;0,0;0,0;0,0;0,0;0,0;0,0;0,0;0,0;0,0;0,0;0,0;0,0;0,0;177340902;17,1;27,7;47,5;2020-08-16 04:55:06;E10,888250;N48,360765;516,900;300;SW V1-11 (2020-06-17);2019-06-11 14:16:04;original set-up
2020-08-16 07:00:06;SN19005;measure;18,56;17,90;17,44;151211,5;27544,7;4734,7;599,7;326,7;174,5;53,7;17,9;9,0;9,0;9,0;0,0;0,0;0,0;0,0;0,0;0,0;0,0;0,0;0,0;0,0;0,0;0,0;0,0;177340902;17,2;27,7;47,6;2020-08-16 05:00:06;E10,888280;N48,360803;514,800;300;SW V1-11 (2020-06-17);2019-06-11 14:16:04;original set-up
2020-08-16 07:05:06;SN19005;measure;18,74;18,33;17,93;155148,2;29256,7;4806,0;684,7;326,7;111,9;40,3;17,9;13,4;0,0;0,0;4,5;0,0;0,0;0,0;0,0;0,0;0,0;0,0;0,0;0,0;0,0;0,0;0,0;177340902;17,2;27,7;47,6;2020-08-16 05:05:06;E10,888193;N48,360712;520,300;300;SW V1-11 (2020-06-17);2019-06-11 14:16:04;original set-up
2020-08-16 07:10:06;SN19005;measure;20,26;19,56;18,97;153183,7;29091,1;5002,9;769,7;353,5;156,6;76,1;31,3;8,9;8,9;0,0;4,5;0,0;4,5;0,0;0,0;0,0;0,0;0,0;0,0;0,0;0,0;0,0;0,0;177340902;17,4;27,8;47,5;2020-08-16 05:10:06;E10,888237;N48,360863;524,500;300;SW V1-11 (2020-06-17);2019-06-11 14:16:04;original set-up
2020-08-16 07:15:06;SN19005;measure;22,12;21,27;20,62;151984,5;28200,6;4989,5;751,8;326,7;138,7;85,0;40,3;13,4;4,5;8,9;0,0;0,0;0,0;0,0;0,0;0,0;0,0;0,0;0,0;0,0;0,0;0,0;0,0;177340902;17,7;27,8;47,4;2020-08-16 05:15:06;E10,888357;N48,360877;503,000;300;SW V1-11 (2020-06-17);2019-06-11 14:16:04;original set-up
2020-08-16 07:20:06;SN19005;measure;19,95;19,29;18,78;150790,8;27110,6;4824,2;684,7;322,2;102,9;71,6;35,8;4,5;4,5;9,0;0,0;0,0;0,0;0,0;0,0;0,0;0,0;0,0;0,0;0,0;0,0;0,0;0,0;177340902;17,5;27,8;47,5;2020-08-16 05:20:06;E10,888415;N48,360942;510,100;300;SW V1-11 (2020-06-17);2019-06-11 14:16:04;original set-up
2020-08-16 07:25:06;SN19005;measure;20,83;20,12;19,52;147922,2;27410,4;4806,3;572,8;380,4;143,2;76,1;31,3;35,8;4,5;0,0;0,0;0,0;0,0;0,0;0,0;0,0;0,0;0,0;0,0;0,0;0,0;0,0;0,0;177340902;17,8;27,9;47,4;2020-08-16 05:25:06;E10,888375;N48,360827;504,800;300;SW V1-11 (2020-06-17);2019-06-11 14:16:04;original set-up
2020-08-16 07:30:06;SN19005;measure;20,60;20,06;19,52;155842,7;31269,0;5370,6;785,5;292,3;191,8;36,5;27,4;18,3;9,1;0,0;0,0;0,0;0,0;0,0;0,0;0,0;0,0;0,0;0,0;0,0;0,0;0,0;0,0;177340902;17,6;28,0;47,4;2020-08-16 05:30:06;E10,888302;N48,360830;499,900;300;SW V1-11 (2020-06-17);2019-06-11 14:16:04;original set-up
2020-08-16 07:35:06;SN19005;measure;22,31;21,74;21,20;159765,3;33629,7;6166,8;800,2;459,9;101,2;55,2;18,4;13,8;13,8;0,0;0,0;0,0;0,0;0,0;0,0;0,0;0,0;0,0;0,0;0,0;0,0;0,0;0,0;177340902;17,8;28,1;47,2;2020-08-16 05:35:06;E10,888290;N48,360842;496,300;300;SW V1-11 (2020-06-17);2019-06-11 14:16:04;original set-up
2020-08-16 07:40:06;SN19005;measure;20,71;19,68;19,05;153440,0;32163,0;5851,1;811,9;326,6;145,1;99,8;40,8;9,1;4,5;9,1;0,0;4,5;0,0;0,0;0,0;0,0;0,0;0,0;0,0;0,0;0,0;0,0;0,0;177340902;17,6;28,1;47,2;2020-08-16 05:40:06;E10,888228;N48,360797;491,700;300;SW V1-11 (2020-06-17);2019-06-11 14:16:04;original set-up
2020-08-16 07:45:06;SN19005;measure;18,99;18,24;17,75;151084,3;30389,0;5550,7;765,9;405,5;135,2;58,6;18,0;9,0;13,5;9,0;0,0;0,0;0,0;0,0;0,0;0,0;0,0;0,0;0,0;0,0;0,0;0,0;0,0;177340902;17,6;28,2;47,4;2020-08-16 05:45:06;E10,888292;N48,360768;490,500;300;SW V1-11 (2020-06-17);2019-06-11 14:16:04;original set-up
2020-08-16 07:50:06;SN19005;measure;20,35;20,02;19,41;148781,4;28967,8;4770,5;716,0;322,2;188,0;71,6;22,4;17,9;0,0;0,0;0,0;0,0;0,0;0,0;0,0;0,0;0,0;0,0;0,0;0,0;0,0;0,0;0,0;177340902;17,9;28,2;47,3;2020-08-16 05:50:06;E10,888248;N48,360843;488,000;300;SW V1-11 (2020-06-17);2019-06-11 14:16:04;original set-up
2020-08-16 07:55:06;SN19005;measure;21,66;20,45;19,77;145764,4;26509,1;4577,8;514,6;308,8;143,2;111,9;49,2;17,9;8,9;4,5;0,0;4,5;0,0;0,0;0,0;0,0;0,0;0,0;0,0;0,0;0,0;0,0;0,0;177340902;18,1;28,4;47,0;2020-08-16 05:55:06;E10,888158;N48,360820;488,600;300;SW V1-11 (2020-06-17);2019-06-11 14:16:04;original set-up
2020-08-16 08:00:06;SN19005;measure;21,85;20,75;20,14;143805,0;24501,5;4153,0;532,5;335,6;161,1;53,7;40,3;35,8;0,0;4,5;4,5;0,0;0,0;0,0;0,0;0,0;0,0;0,0;0,0;0,0;0,0;0,0;0,0;177340902;18,2;28,4;46,8;2020-08-16 06:00:06;E10,888108;N48,360792;487,900;300;SW V1-11 (2020-06-17);2019-06-11 14:16:04;original set-up
2020-08-16 08:05:06;SN19005;measure;21,17;20,29;19,78;137163,7;24056,9;3942,4;469,9;331,1;143,2;44,7;13,4;26,8;0,0;8,9;0,0;0,0;4,5;0,0;0,0;0,0;0,0;0,0;0,0;0,0;0,0;0,0;0,0;177340902;18,4;28,6;46,7;2020-08-16 06:05:06;E10,888137;N48,360782;490,300;300;SW V1-11 (2020-06-17);2019-06-11 14:16:04;original set-up
2020-08-16 08:10:06;SN19005;measure;21,16;20,79;20,22;135154,5;23235,1;3906,8;492,3;264,0;111,9;94,0;9,0;9,0;0,0;4,5;0,0;0,0;0,0;0,0;0,0;0,0;0,0;0,0;0,0;0,0;0,0;0,0;0,0;177340902;18,6;28,7;46,4;2020-08-16 06:10:06;E10,888348;N48,360797;492,000;300;SW V1-11 (2020-06-17);2019-06-11 14:16:04;original set-up
2020-08-16 08:15:06;SN19005;measure;22,16;21,44;20,87;134326,6;22638,4;3861,8;581,7;268,5;134,2;49,2;17,9;17,9;13,4;0,0;0,0;0,0;0,0;0,0;0,0;0,0;0,0;0,0;0,0;0,0;0,0;0,0;0,0;177340902;18,9;28,8;46,2;2020-08-16 06:15:06;E10,888243;N48,360762;493,300;300;SW V1-11 (2020-06-17);2019-06-11 14:16:04;original set-up
2020-08-16 08:20:06;SN19005;measure;22,27;21,56;20,91;132402,4;22692,1;3749,9;519,1;389,3;147,7;71,6;22,4;4,5;4,5;0,0;0,0;4,5;0,0;0,0;0,0;0,0;0,0;0,0;0,0;0,0;0,0;0,0;0,0;177340902;19,0;28,9;46,1;2020-08-16 06:20:06;E10,888235;N48,360730;492,800;300;SW V1-11 (2020-06-17);2019-06-11 14:16:04;original set-up
2020-08-16 08:25:06;SN19005;measure;22,41;21,66;20,98;130281,4;22320,6;3955,8;465,4;358,0;147,7;58,2;53,7;17,9;4,5;0,0;0,0;0,0;0,0;0,0;0,0;0,0;0,0;0,0;0,0;0,0;0,0;0,0;0,0;177340902;19,2;29,0;46,0;2020-08-16 06:25:06;E10,888222;N48,360817;493,800;300;SW V1-11 (2020-06-17);2019-06-11 14:16:04;original set-up
2020-08-16 08:30:06;SN19005;measure;23,74;22,42;21,74;130088,7;21950,7;3929,2;586,2;384,9;134,3;67,1;22,4;4,5;0,0;9,0;4,5;4,5;0,0;0,0;0,0;0,0;0,0;0,0;0,0;0,0;0,0;0,0;0,0;177340902;19,5;29,2;45,7;2020-08-16 06:30:06;E10,888268;N48,360875;494,900;300;SW V1-11 (2020-06-17);2019-06-11 14:16:04;original set-up
2020-08-16 08:35:06;SN19005;measure;22,20;21,34;20,72;124678,8;20105,6;3732,0;465,4;344,6;111,9;58,2;26,8;26,8;0,0;0,0;4,5;0,0;0,0;0,0;0,0;0,0;0,0;0,0;0,0;0,0;0,0;0,0;0,0;177340902;19,6;29,3;45,6;2020-08-16 06:35:06;E10,888178;N48,360805;495,700;300;SW V1-11 (2020-06-17);2019-06-11 14:16:04;original set-up
2020-08-16 08:40:06;SN19005;measure;21,57;20,59;19,94;118833,6;18840,5;3020,7;492,3;277,5;129,8;67,1;26,9;17,9;9,0;0,0;4,5;0,0;0,0;0,0;0,0;0,0;0,0;4,5;0,0;0,0;0,0;0,0;0,0;177340902;19,6;29,5;45,3;2020-08-16 06:40:06;E10,888330;N48,360867;496,600;300;SW V1-11 (2020-06-17);2019-06-11 14:16:04;original set-up
2020-08-16 08:45:06;SN19005;measure;22,92;21,37;20,57;119474,5;18490,2;2877,3;519,1;371,4;161,1;71,6;49,2;13,4;4,5;4,5;8,9;0,0;4,5;0,0;0,0;0,0;0,0;0,0;0,0;0,0;0,0;0,0;0,0;177340902;19,9;29,6;45,2;2020-08-16 06:45:06;E10,888312;N48,360868;497,700;300;SW V1-11 (2020-06-17);2019-06-11 14:16:04;original set-up
2020-08-16 08:50:06;SN19005;measure;21,40;20,61;19,99;118208,2;17662,3;2980,3;420,6;250,6;147,7;71,6;13,4;13,4;8,9;4,5;0,0;0,0;0,0;0,0;0,0;0,0;0,0;0,0;0,0;0,0;0,0;0,0;0,0;177340902;19,9;29,8;44,8;2020-08-16 06:50:06;E10,888157;N48,360828;499,100;300;SW V1-11 (2020-06-17);2019-06-11 14:16:04;original set-up
2020-08-16 08:55:06;SN19005;measure;20,97;20,28;19,65;113870,6;16741,6;2779,1;375,9;268,5;129,8;62,7;26,9;22,4;4,5;0,0;0,0;0,0;0,0;0,0;0,0;0,0;0,0;0,0;0,0;0,0;0,0;0,0;0,0;177340902;20,1;30,1;44,5;2020-08-16 06:55:06;E10,888177;N48,360820;499,600;300;SW V1-11 (2020-06-17);2019-06-11 14:16:04;original set-up
2020-08-16 09:00:06;SN19005;measure;21,42;20,46;19,81;112725,0;15860,0;2510,6;429,6;277,5;138,7;53,7;31,3;22,4;9,0;0,0;0,0;0,0;4,5;0,0;0,0;0,0;0,0;0,0;0,0;0,0;0,0;0,0;0,0;177340902;20,4;30,4;44,0;2020-08-16 07:00:06;E10,888253;N48,360828;501,600;300;SW V1-11 (2020-06-17);2019-06-11 14:16:04;original set-up
2020-08-16 09:05:06;SN19005;measure;7,98;7,46;7,27;107884,6;14955,0;2313,5;380,4;237,2;89,5;44,7;22,4;13,4;4,5;0,0;13,4;0,0;0,0;0,0;0,0;0,0;0,0;0,0;0,0;0,0;0,0;0,0;0,0;177340902;-127,0;30,7;43,4;2020-08-16 07:05:06;E10,888068;N48,360815;501,600;300;SW V1-11 (2020-06-17);2019-06-11 14:16:04;original set-up
2020-08-16 09:10:06;SN19005;measure;19,98;18,85;18,16;98195,7;12704,9;1950,0;310,5;214,6;123,3;82,2;27,4;27,4;4,6;0,0;4,6;0,0;0,0;0,0;0,0;0,0;0,0;0,0;0,0;0,0;0,0;0,0;0,0;177340902;21,1;31,1;42,6;2020-08-16 07:10:06;E10,888230;N48,360840;502,000;300;SW V1-11 (2020-06-17);2019-06-11 14:16:04;original set-up
2020-08-16 09:15:06;SN19005;measure;19,16;17,81;17,25;92142,6;11308,0;1706,1;252,9;285,1;115,0;50,6;13,8;18,4;4,6;0,0;4,6;4,6;0,0;0,0;0,0;0,0;0,0;0,0;0,0;0,0;0,0;0,0;0,0;177340902;21,2;31,5;41,7;2020-08-16 07:15:06;E10,888067;N48,360787;497,000;300;SW V1-11 (2020-06-17);2019-06-11 14:16:04;original set-up
2020-08-16 09:20:06;SN19005;measure;19,07;18,17;17,52;90149,5;10491,9;1673,8;231,3;172,4;127,0;81,6;9,1;22,7;4,5;4,5;0,0;0,0;0,0;0,0;0,0;0,0;0,0;0,0;0,0;0,0;0,0;0,0;0,0;177340902;21,7;31,9;41,0;2020-08-16 07:20:06;E10,888143;N48,360785;497,500;300;SW V1-11 (2020-06-17);2019-06-11 14:16:04;original set-up
2020-08-16 09:25:06;SN19005;measure;19,19;18,15;17,48;87469,1;10401,4;1586,4;312,7;225,3;101,2;87,4;4,6;18,4;4,6;0,0;0,0;4,6;0,0;0,0;0,0;0,0;0,0;0,0;0,0;0,0;0,0;0,0;0,0;177340902;22,1;32,2;40,3;2020-08-16 07:25:06;E10,888202;N48,360903;498,500;300;SW V1-11 (2020-06-17);2019-06-11 14:16:04;original set-up
2020-08-16 09:30:06;SN19005;measure;18,24;17,95;17,35;87428,3;9635,5;1546,5;217,6;213,0;111,1;74,1;4,6;13,9;0,0;0,0;0,0;0,0;0,0;0,0;0,0;4,6;4,6;0,0;0,0;0,0;0,0;0,0;0,0;177340902;22,2;32,6;39,8;2020-08-16 07:30:06;E10,888187;N48,360840;499,000;300;SW V1-11 (2020-06-17);2019-06-11 14:16:04;original set-up
2020-08-16 09:35:06;SN19005;measure;17,56;16,86;16,01;78650,7;8378,1;1238,3;308,5;167,8;131,5;117,9;22,7;9,1;0,0;0,0;4,5;0,0;0,0;0,0;0,0;0,0;0,0;0,0;0,0;0,0;0,0;0,0;0,0;177340902;22,4;32,9;38,9;2020-08-16 07:35:06;E10,888280;N48,360832;501,400;300;SW V1-11 (2020-06-17);2019-06-11 14:16:04;original set-up
2020-08-16 09:40:06;SN19005;measure;17,91;16,43;15,76;78842,7;8208,0;1250,7;239,1;220,7;133,4;50,6;50,6;9,2;9,2;9,2;0,0;0,0;0,0;0,0;0,0;0,0;0,0;0,0;0,0;0,0;0,0;0,0;0,0;177340902;22,2;33,1;38,6;2020-08-16 07:40:06;E10,888262;N48,360828;503,400;300;SW V1-11 (2020-06-17);2019-06-11 14:16:04;original set-up
2020-08-16 09:45:06;SN19005;measure;16,90;15,36;14,86;72996,1;7228,3;1347,5;282,5;180,6;97,2;41,7;13,9;9,3;4,6;9,3;0,0;4,6;0,0;0,0;4,6;0,0;0,0;0,0;0,0;0,0;0,0;0,0;0,0;177340902;22,4;33,2;38,2;2020-08-16 07:45:06;E10,888235;N48,360840;504,300;300;SW V1-11 (2020-06-17);2019-06-11 14:16:04;original set-up
2020-08-16 09:50:06;SN19005;measure;17,03;15,64;15,09;73213,7;7274,6;1236,4;194,5;134,3;138,9;55,6;4,6;9,3;23,2;0,0;4,6;0,0;0,0;0,0;0,0;0,0;0,0;0,0;0,0;0,0;0,0;0,0;0,0;177340902;22,6;33,3;38,0;2020-08-16 07:50:06;E10,888282;N48,360832;505,000;300;SW V1-11 (2020-06-17);2019-06-11 14:16:04;original set-up
2020-08-16 09:55:06;SN19005;measure;21,05;20,10;19,50;93007,8;10857,9;1694,7;254,7;226,9;129,6;41,7;13,9;18,5;4,6;4,6;0,0;0,0;0,0;0,0;0,0;0,0;0,0;0,0;0,0;0,0;0,0;0,0;0,0;177340902;22,8;33,3;37,8;2020-08-16 07:55:06;E10,888273;N48,360812;504,600;300;SW V1-11 (2020-06-17);2019-06-11 14:16:04;original set-up
2020-08-16 10:00:06;SN19005;measure;23,02;21,46;20,83;105372,9;14146,3;2292,1;310,2;222,3;101,9;55,6;37,0;18,5;9,3;4,6;4,6;0,0;0,0;0,0;0,0;0,0;0,0;0,0;0,0;0,0;0,0;0,0;0,0;177340902;21,9;33,3;38,0;2020-08-16 08:00:06;E10,888178;N48,360760;505,200;300;SW V1-11 (2020-06-17);2019-06-11 14:16:04;original set-up
2020-08-16 10:05:06;SN19005;measure;22,04;20,74;20,24;99926,6;12618,1;1972,9;274,0;169,0;59,4;59,4;18,3;4,6;0,0;9,1;0,0;4,6;0,0;0,0;0,0;0,0;0,0;4,6;0,0;0,0;0,0;0,0;0,0;177340902;22,4;33,4;38,1;2020-08-16 08:05:06;E10,888222;N48,360807;505,200;300;SW V1-11 (2020-06-17);2019-06-11 14:16:04;original set-up
2020-08-16 10:10:06;SN19005;measure;20,17;19,38;18,71;90983,7;10645,8;1692,3;312,7;266,7;124,2;64,4;9,2;13,8;4,6;4,6;0,0;0,0;0,0;0,0;0,0;0,0;0,0;0,0;0,0;0,0;0,0;0,0;0,0;177340902;22,6;33,3;38,2;2020-08-16 08:10:06;E10,888327;N48,360877;505,000;300;SW V1-11 (2020-06-17);2019-06-11 14:16:04;original set-up
2020-08-16 10:15:06;SN19005;measure;6,08;5,87;5,65;84836,4;8978,6;1417,0;240,8;208,4;129,7;69,5;23,2;13,9;4,6;0,0;0,0;0,0;0,0;0,0;0,0;0,0;0,0;0,0;0,0;0,0;0,0;0,0;0,0;177340902;-127,0;33,4;38,1;2020-08-16 08:15:06;E10,888292;N48,360825;503,600;300;SW V1-11 (2020-06-17);2019-06-11 14:16:04;original set-up
2020-08-16 10:20:06;SN19005;measure;17,83;16,00;15,44;74445,1;6968,5;1180,7;208,4;245,4;83,3;55,6;18,5;9,3;9,3;4,6;4,6;4,6;0,0;0,0;0,0;0,0;0,0;0,0;0,0;0,0;0,0;0,0;0,0;177340902;22,8;33,4;37,8;2020-08-16 08:20:06;E10,888272;N48,360815;503,100;300;SW V1-11 (2020-06-17);2019-06-11 14:16:04;original set-up
2020-08-16 10:25:06;SN19005;measure;15,87;14,88;14,39;69069,4;6492,0;1078,9;240,8;236,2;111,1;27,8;4,6;18,5;0,0;9,3;0,0;0,0;0,0;0,0;0,0;0,0;0,0;0,0;0,0;0,0;0,0;0,0;0,0;177340902;22,8;33,4;37,7;2020-08-16 08:25:06;E10,888355;N48,360862;504,100;300;SW V1-11 (2020-06-17);2019-06-11 14:16:04;original set-up
2020-08-16 10:30:06;SN19005;measure;16,16;14,75;14,15;67214,4;5849,9;856,0;250,6;193,9;146,6;37,8;14,2;18,9;0,0;14,2;0,0;0,0;0,0;0,0;0,0;0,0;0,0;0,0;0,0;0,0;0,0;0,0;0,0;177340902;22,9;33,4;37,3;2020-08-16 08:30:06;E10,888138;N48,360832;504,500;300;SW V1-11 (2020-06-17);2019-06-11 14:16:04;original set-up
2020-08-16 10:35:06;SN19005;measure;15,78;14,88;14,08;66215,4;5874,0;929,7;244,2;206,6;126,8;89,2;37,6;4,7;9,4;0,0;0,0;0,0;4,7;0,0;0,0;0,0;0,0;0,0;0,0;0,0;0,0;0,0;0,0;177340902;23,0;33,5;37,1;2020-08-16 08:35:06;E10,888257;N48,360863;507,400;300;SW V1-11 (2020-06-17);2019-06-11 14:16:04;original set-up
2020-08-16 10:40:06;SN19005;measure;16,18;15,41;14,81;68526,6;5800,3;1039,8;181,8;181,8;153,9;42,0;14,0;14,0;9,3;0,0;0,0;0,0;0,0;0,0;0,0;0,0;0,0;0,0;0,0;0,0;0,0;0,0;0,0;177340902;23,4;33,6;36,9;2020-08-16 08:40:06;E10,888308;N48,360817;507,800;300;SW V1-11 (2020-06-17);2019-06-11 14:16:04;original set-up
2020-08-16 10:45:06;SN19005;measure;16,05;14,51;13,94;65054,1;5731,7;945,4;191,8;182,7;91,3;50,2;27,4;9,1;13,7;9,1;0,0;0,0;0,0;0,0;0,0;0,0;0,0;0,0;0,0;0,0;0,0;0,0;0,0;177340902;23,4;33,7;37,0;2020-08-16 08:45:06;E10,888333;N48,360840;506,000;300;SW V1-11 (2020-06-17);2019-06-11 14:16:04;original set-up
2020-08-16 10:50:06;SN19005;measure;16,34;15,06;14,42;66693,9;6129,6;933,5;202,3;183,9;147,1;50,6;13,8;18,4;4,6;9,2;0,0;0,0;0,0;4,6;0,0;0,0;0,0;0,0;0,0;0,0;0,0;0,0;0,0;177340902;23,4;33,9;36,4;2020-08-16 08:50:06;E10,888302;N48,360768;506,800;300;SW V1-11 (2020-06-17);2019-06-11 14:16:04;original set-up
2020-08-16 10:55:06;SN19005;measure;16,84;15,59;15,06;68597,1;5982,3;1065,0;222,3;143,5;83,3;46,3;4,6;32,4;13,9;0,0;0,0;0,0;0,0;0,0;0,0;0,0;0,0;0,0;0,0;0,0;0,0;0,0;0,0;177340902;23,8;34,1;36,2;2020-08-16 08:55:06;E10,888193;N48,360727;507,300;300;SW V1-11 (2020-06-17);2019-06-11 14:16:04;original set-up
2020-08-16 11:00:06;SN19005;measure;15,99;15,08;14,45;66471,6;5751,2;940,0;185,2;138,9;101,9;69,5;13,9;23,2;0,0;4,6;0,0;0,0;0,0;0,0;0,0;0,0;0,0;0,0;0,0;0,0;0,0;0,0;0,0;177340902;23,6;34,2;35,9;2020-08-16 09:00:06;E10,888138;N48,360715;507,300;300;SW V1-11 (2020-06-17);2019-06-11 14:16:04;original set-up
2020-08-16 11:05:06;SN19005;measure;16,63;15,10;14,44;65795,8;5403,5;1041,8;226,9;189,8;129,6;60,2;18,5;4,6;13,9;0,0;9,3;0,0;0,0;4,6;0,0;0,0;0,0;0,0;0,0;4,6;0,0;0,0;0,0;177340902;23,8;34,4;35,5;2020-08-16 09:05:06;E10,888197;N48,360673;507,100;300;SW V1-11 (2020-06-17);2019-06-11 14:16:04;original set-up
2020-08-16 11:10:06;SN19005;measure;17,50;15,93;15,38;70046,4;6543,0;1116,0;217,6;185,2;78,7;50,9;18,5;13,9;0,0;0,0;0,0;9,3;0,0;0,0;0,0;0,0;0,0;0,0;0,0;0,0;0,0;0,0;0,0;177340902;23,8;34,5;35,2;2020-08-16 09:10:06;E10,888140;N48,360735;507,500;300;SW V1-11 (2020-06-17);2019-06-11 14:16:04;original set-up
2020-08-16 11:15:06;SN19005;measure;15,61;15,06;14,55;65550,1;6126,2;1023,4;162,1;180,6;69,5;50,9;18,5;9,3;4,6;0,0;0,0;0,0;0,0;0,0;0,0;0,0;0,0;0,0;0,0;0,0;0,0;0,0;0,0;177340902;24,1;34,6;35,1;2020-08-16 09:15:06;E10,888230;N48,360775;508,400;300;SW V1-11 (2020-06-17);2019-06-11 14:16:04;original set-up
2020-08-16 11:20:06;SN19005;measure;16,47;15,21;14,53;64314,1;5695,2;1014,0;203,7;189,8;143,5;46,3;27,8;13,9;0,0;4,6;4,6;0,0;0,0;0,0;0,0;0,0;0,0;0,0;0,0;0,0;0,0;0,0;0,0;177340902;24,5;34,7;34,9;2020-08-16 09:20:06;E10,888213;N48,360808;509,000;300;SW V1-11 (2020-06-17);2019-06-11 14:16:04;original set-up
2020-08-16 11:25:06;SN19005;measure;16,74;15,81;15,13;67004,1;6274,4;1069,7;157,4;203,7;143,5;64,8;18,5;0,0;4,6;0,0;0,0;4,6;0,0;0,0;0,0;0,0;0,0;0,0;0,0;0,0;0,0;0,0;0,0;177340902;24,5;34,9;34,7;2020-08-16 09:25:06;E10,888245;N48,360772;509,900;300;SW V1-11 (2020-06-17);2019-06-11 14:16:04;original set-up
2020-08-16 11:30:06;SN19005;measure;16,11;15,11;14,56;63639,7;5622,5;931,6;231,7;165,5;94,6;47,3;9,5;9,5;9,5;4,7;0,0;0,0;0,0;0,0;0,0;0,0;0,0;0,0;0,0;0,0;0,0;0,0;0,0;177340902;24,9;34,9;34,6;2020-08-16 09:30:06;E10,888240;N48,360857;510,700;300;SW V1-11 (2020-06-17);2019-06-11 14:16:04;original set-up
2020-08-16 11:35:06;SN19005;measure;16,31;14,26;13,71;59063,5;5071,4;878,1;201,9;145,6;98,6;47,0;0,0;28,2;0,0;9,4;9,4;0,0;0,0;0,0;0,0;0,0;0,0;0,0;0,0;0,0;0,0;0,0;0,0;177340902;25,4;35,1;34,4;2020-08-16 09:35:06;E10,888210;N48,360872;511,300;300;SW V1-11 (2020-06-17);2019-06-11 14:16:04;original set-up
2020-08-16 11:40:06;SN19005;measure;16,31;15,16;14,55;63599,0;5181,6;981,1;214,3;233,4;100,0;52,4;14,3;4,8;4,8;4,8;4,8;0,0;0,0;0,0;0,0;0,0;0,0;0,0;0,0;0,0;0,0;0,0;0,0;177340902;25,2;35,3;34,5;2020-08-16 09:40:06;E10,888210;N48,360795;540,000;300;SW V1-11 (2020-06-17);2019-06-11 14:16:04;original set-up
2020-08-16 11:45:06;SN19005;measure;15,67;14,24;13,71;59730,3;3939,8;756,0;164,4;145,6;103,3;42,3;9,4;18,8;0,0;4,7;0,0;4,7;0,0;0,0;0,0;0,0;0,0;0,0;0,0;0,0;0,0;0,0;0,0;177340902;25,4;35,6;33,8;2020-08-16 09:45:06;E10,888467;N48,360847;505,300;300;SW V1-11 (2020-06-17);2019-06-11 14:16:04;original set-up
2020-08-16 11:50:06;SN19005;measure;16,03;14,19;13,59;58207,8;4076,7;738,2;185,7;181,0;66,7;61,9;19,1;14,3;4,8;4,8;9,5;0,0;0,0;0,0;0,0;0,0;0,0;0,0;0,0;0,0;0,0;0,0;0,0;177340902;25,9;35,8;33,3;2020-08-16 09:50:06;E10,888280;N48,360813;517,300;300;SW V1-11 (2020-06-17);2019-06-11 14:16:04;original set-up
2020-08-16 11:55:06;SN19005;measure;14,90;13,90;13,45;58096,9;4277,6;826,4;206,6;112,7;89,2;28,2;9,4;14,1;0,0;0,0;0,0;4,7;0,0;0,0;0,0;0,0;0,0;0,0;0,0;0,0;0,0;0,0;0,0;177340902;25,6;36,0;33,1;2020-08-16 09:55:06;E10,888158;N48,360820;526,400;300;SW V1-11 (2020-06-17);2019-06-11 14:16:04;original set-up
2020-08-16 12:00:06;SN19005;measure;14,55;13,91;13,28;57009,1;4103,4;718,1;191,2;153,9;102,6;60,6;14,0;14,0;4,7;0,0;0,0;0,0;0,0;0,0;0,0;0,0;0,0;0,0;0,0;0,0;0,0;0,0;0,0;177340902;25,8;36,2;32,7;2020-08-16 10:00:06;E10,888205;N48,360758;539,500;300;SW V1-11 (2020-06-17);2019-06-11 14:16:04;original set-up
2020-08-16 12:05:06;SN19005;measure;15,87;14,90;14,53;61974,3;4434,2;785,9;176,2;138,1;52,4;14,3;28,6;0,0;0,0;9,5;0,0;0,0;0,0;0,0;0,0;0,0;0,0;0,0;0,0;0,0;0,0;0,0;0,0;177340902;26,2;36,5;32,3;2020-08-16 10:05:06;E10,888095;N48,360822;516,200;300;SW V1-11 (2020-06-17);2019-06-11 14:16:04;original set-up
2020-08-16 12:10:06;SN19005;measure;16,52;15,59;14,97;63975,0;4609,7;829,8;211,1;220,7;72,0;57,6;24,0;4,8;14,4;0,0;0,0;0,0;0,0;0,0;0,0;0,0;0,0;0,0;0,0;0,0;0,0;0,0;0,0;177340902;26,0;36,9;31,5;2020-08-16 10:10:06;E10,888128;N48,360745;529,100;300;SW V1-11 (2020-06-17);2019-06-11 14:16:04;original set-up
2020-08-16 12:15:06;SN19005;measure;16,36;14,84;14,26;59901,7;4058,5;802,0;169,1;140,1;87,0;48,3;33,8;0,0;9,7;4,8;4,8;0,0;0,0;0,0;0,0;0,0;0,0;0,0;0,0;0,0;0,0;0,0;0,0;177340902;26,8;37,1;31,2;2020-08-16 10:15:06;E10,888133;N48,360770;521,100;300;SW V1-11 (2020-06-17);2019-06-11 14:16:04;original set-up
2020-08-16 12:20:06;SN19005;measure;13,96;13,45;12,92;53949,3;3527,9;652,6;184,4;146,6;94,6;42,6;4,7;14,2;0,0;0,0;0,0;0,0;4,7;0,0;0,0;0,0;0,0;0,0;0,0;0,0;0,0;0,0;0,0;177340902;27,1;37,4;30,8;2020-08-16 10:20:06;E10,888198;N48,360745;523,800;300;SW V1-11 (2020-06-17);2019-06-11 14:16:04;original set-up
2020-08-16 12:25:06;SN19005;measure;13,35;12,84;12,23;51135,8;3178,0;627,8;107,1;189,8;136,3;53,5;4,9;4,9;4,9;0,0;0,0;0,0;4,9;0,0;0,0;0,0;0,0;0,0;0,0;0,0;0,0;0,0;0,0;177340902;27,1;37,8;30,3;2020-08-16 10:25:06;E10,888202;N48,360818;514,500;300;SW V1-11 (2020-06-17);2019-06-11 14:16:04;original set-up
2020-08-16 12:30:06;SN19005;measure;12,97;12,59;12,10;49883,5;3119,8;642,5;180,1;146,0;92,5;29,2;14,6;9,7;0,0;0,0;0,0;0,0;0,0;0,0;0,0;0,0;0,0;0,0;0,0;0,0;0,0;0,0;0,0;177340902;27,6;38,3;29,3;2020-08-16 10:30:06;E10,888270;N48,360810;509,400;300;SW V1-11 (2020-06-17);2019-06-11 14:16:04;original set-up
2020-08-16 12:35:06;SN19005;measure;14,27;12,51;12,06;49417,3;3151,2;607,5;182,8;167,9;59,3;29,6;19,8;4,9;14,8;4,9;4,9;0,0;0,0;0,0;0,0;0,0;0,0;0,0;0,0;0,0;0,0;0,0;0,0;177340902;27,9;39,0;28,4;2020-08-16 10:35:06;E10,888220;N48,360753;511,000;300;SW V1-11 (2020-06-17);2019-06-11 14:16:04;original set-up
2020-08-16 12:40:06;SN19005;measure;13,84;12,71;12,09;49054,9;2982,6;697,3;122,2;193,4;71,3;61,1;20,4;10,2;5,1;0,0;5,1;0,0;0,0;0,0;0,0;0,0;0,0;0,0;5,1;0,0;0,0;0,0;0,0;177340902;28,6;39,6;27,4;2020-08-16 10:40:06;E10,888217;N48,360723;511,800;300;SW V1-11 (2020-06-17);2019-06-11 14:16:04;original set-up
2020-08-16 12:45:06;SN19005;measure;13,13;12,60;12,14;49632,0;2966,5;640,5;152,3;178,5;105,0;21,0;5,3;10,5;5,3;0,0;0,0;0,0;0,0;0,0;0,0;0,0;0,0;0,0;0,0;0,0;0,0;0,0;0,0;177340902;28,2;40,2;26,7;2020-08-16 10:45:06;E10,888278;N48,360718;508,100;300;SW V1-11 (2020-06-17);2019-06-11 14:16:04;original set-up
2020-08-16 12:50:06;SN19005;measure;12,84;12,12;11,55;46816,5;2764,5;656,5;169,3;133,4;148,7;35,9;0,0;5,1;5,1;5,1;0,0;0,0;0,0;0,0;0,0;0,0;0,0;0,0;0,0;0,0;0,0;0,0;0,0;177340902;28,7;40,7;26,2;2020-08-16 10:50:06;E10,888320;N48,360827;505,700;300;SW V1-11 (2020-06-17);2019-06-11 14:16:04;original set-up
2020-08-16 12:55:06;SN19005;measure;12,35;12,07;11,50;46764,5;2239,5;539,5;147,6;117,1;71,3;61,1;15,3;5,1;0,0;0,0;0,0;0,0;0,0;0,0;0,0;0,0;0,0;0,0;0,0;0,0;0,0;0,0;0,0;177340902;28,8;41,1;25,6;2020-08-16 10:55:06;E10,888277;N48,360883;498,700;300;SW V1-11 (2020-06-17);2019-06-11 14:16:04;original set-up
2020-08-16 13:00:06;SN19005;measure;13,30;12,67;12,28;48976,2;2914,5;641,5;126,3;116,2;111,1;0,0;15,2;10,1;5,1;0,0;0,0;0,0;0,0;0,0;0,0;0,0;0,0;0,0;0,0;0,0;0,0;0,0;0,0;177340902;29,7;41,5;25,0;2020-08-16 11:00:06;E10,888277;N48,360768;492,500;300;SW V1-11 (2020-06-17);2019-06-11 14:16:04;original set-up
2020-08-16 13:05:06;SN19005;measure;13,47;12,81;12,30;49329,8;2853,9;570,8;131,3;126,3;80,8;40,4;5,1;25,3;0,0;0,0;0,0;0,0;0,0;0,0;0,0;0,0;0,0;0,0;0,0;0,0;0,0;0,0;0,0;177340902;29,6;41,7;24,9;2020-08-16 11:05:06;E10,888417;N48,360942;502,600;300;SW V1-11 (2020-06-17);2019-06-11 14:16:04;original set-up
2020-08-16 13:10:06;SN19005;measure;15,31;12,95;12,51;50733,2;2918,5;523,2;112,8;138,5;102,6;25,6;10,3;0,0;0,0;20,5;0,0;5,1;0,0;0,0;0,0;0,0;0,0;0,0;0,0;0,0;0,0;0,0;0,0;177340902;28,9;42,1;24,4;2020-08-16 11:10:06;E10,888345;N48,360953;502,400;300;SW V1-11 (2020-06-17);2019-06-11 14:16:04;original set-up
2020-08-16 13:15:06;SN19005;measure;13,49;12,20;11,72;46660,7;2697,7;514,1;122,2;178,2;86,5;30,5;10,2;10,2;5,1;0,0;0,0;5,1;0,0;0,0;0,0;0,0;0,0;0,0;0,0;0,0;0,0;0,0;0,0;177340902;29,9;42,1;24,1;2020-08-16 11:15:06;E10,888295;N48,360793;505,000;300;SW V1-11 (2020-06-17);2019-06-11 14:16:04;original set-up
2020-08-16 13:20:06;SN19005;measure;12,85;11,54;10,99;43889,9;2357,1;542,7;160,2;144,7;77,5;51,7;10,3;10,3;0,0;10,3;0,0;0,0;5,2;0,0;0,0;0,0;0,0;0,0;0,0;0,0;0,0;0,0;0,0;177340902;29,6;42,4;23,8;2020-08-16 11:20:06;E10,888335;N48,360862;504,600;300;SW V1-11 (2020-06-17);2019-06-11 14:16:04;original set-up
2020-08-16 13:25:06;SN19005;measure;14,06;12,40;11,94;47127,7;2625,7;532,4;139,6;113,7;72,4;25,8;20,7;10,3;10,3;0,0;0,0;5,2;0,0;0,0;0,0;0,0;0,0;0,0;0,0;0,0;0,0;0,0;0,0;177340902;30,1;42,7;22,9;2020-08-16 11:25:06;E10,888367;N48,360877;504,800;300;SW V1-11 (2020-06-17);2019-06-11 14:16:04;original set-up
2020-08-16 13:30:06;SN19005;measure;15,71;13,38;12,97;51322,8;2859,9;567,8;119,8;140,7;104,2;15,6;0,0;10,4;0,0;5,2;10,4;5,2;0,0;0,0;0,0;0,0;0,0;0,0;0,0;0,0;0,0;0,0;0,0;177340902;30,2;43,0;22,9;2020-08-16 11:30:06;E10,888227;N48,360870;504,300;300;SW V1-11 (2020-06-17);2019-06-11 14:16:04;original set-up
2020-08-16 13:35:06;SN19005;measure;13,24;12,81;12,33;48725,2;2547,2;677,2;140,6;135,4;99,0;26,0;5,2;15,6;0,0;0,0;0,0;0,0;0,0;0,0;0,0;0,0;0,0;0,0;0,0;0,0;0,0;0,0;0,0;177340902;30,4;43,2;22,8;2020-08-16 11:35:06;E10,888307;N48,360865;504,100;300;SW V1-11 (2020-06-17);2019-06-11 14:16:04;original set-up
2020-08-16 13:40:06;SN19005;measure;13,50;12,78;12,22;48753,2;2464,3;688,1;149,4;122,7;122,7;42,7;0,0;10,7;10,7;0,0;0,0;0,0;0,0;0,0;0,0;0,0;0,0;0,0;0,0;0,0;0,0;0,0;0,0;177340902;29,8;43,5;22,5;2020-08-16 11:40:06;E10,888325;N48,360835;503,400;300;SW V1-11 (2020-06-17);2019-06-11 14:16:04;original set-up
2020-08-16 13:45:06;SN19005;measure;13,89;12,81;12,21;49160,4;2731,7;484,0;155,9;161,3;96,8;48,4;21,5;5,4;5,4;0,0;5,4;0,0;0,0;0,0;5,4;0,0;0,0;0,0;0,0;0,0;0,0;0,0;0,0;177340902;29,1;43,7;22,0;2020-08-16 11:45:06;E10,888303;N48,360792;502,900;300;SW V1-11 (2020-06-17);2019-06-11 14:16:04;original set-up
2020-08-16 13:50:06;SN19005;measure;13,83;12,49;11,94;46898,7;2828,3;586,1;96,8;182,8;69,9;48,4;16,1;10,8;10,8;5,4;0,0;0,0;0,0;0,0;0,0;0,0;0,0;0,0;0,0;0,0;0,0;0,0;0,0;177340902;30,4;43,7;21,8;2020-08-16 11:50:06;E10,888280;N48,360823;502,700;300;SW V1-11 (2020-06-17);2019-06-11 14:16:04;original set-up
2020-08-16 13:55:06;SN19005;measure;13,88;12,81;12,29;48443,6;2884,2;561,0;111,1;137,6;121,7;26,5;5,3;15,9;10,6;0,0;0,0;0,0;5,3;0,0;0,0;0,0;0,0;0,0;0,0;0,0;0,0;0,0;0,0;177340902;30,3;43,6;22,0;2020-08-16 11:55:06;E10,888233;N48,360807;502,600;300;SW V1-11 (2020-06-17);2019-06-11 14:16:04;original set-up
2020-08-16 14:00:06;SN19005;measure;13,61;13,05;12,54;49329,0;2967,6;628,5;164,0;147,6;109,3;21,9;16,4;5,5;5,5;0,0;0,0;0,0;0,0;0,0;0,0;0,0;0,0;0,0;0,0;0,0;0,0;0,0;0,0;177340902;30,7;43,9;22,1;2020-08-16 12:00:06;E10,888233;N48,360833;503,400;300;SW V1-11 (2020-06-17);2019-06-11 14:16:04;original set-up
2020-08-16 14:05:06;SN19005;measure;12,73;11,90;11,37;44681,2;2678,3;511,2;127,8;127,8;66,7;55,6;5,6;11,1;11,1;0,0;0,0;0,0;0,0;0,0;0,0;0,0;0,0;0,0;0,0;0,0;0,0;0,0;0,0;177340902;31,1;44,4;21,9;2020-08-16 12:05:06;E10,888193;N48,360865;505,200;300;SW V1-11 (2020-06-17);2019-06-11 14:16:04;original set-up
2020-08-16 14:10:06;SN19005;measure;13,82;12,42;11,73;45858,0;2644,2;569,9;193,8;153,9;114,0;62,7;5,7;11,4;0,0;11,4;0,0;0,0;5,7;0,0;0,0;0,0;0,0;0,0;0,0;0,0;0,0;0,0;0,0;177340902;31,1;44,8;21,1;2020-08-16 12:10:06;E10,888280;N48,360817;506,200;300;SW V1-11 (2020-06-17);2019-06-11 14:16:04;original set-up
2020-08-16 14:15:06;SN19005;measure;14,55;12,72;12,08;47006,3;2603,8;695,5;126,5;120,7;115,0;46,0;17,2;23,0;0,0;0,0;11,5;0,0;0,0;0,0;0,0;0,0;0,0;0,0;0,0;0,0;0,0;0,0;0,0;177340902;31,8;45,3;20,9;2020-08-16 12:15:06;E10,888253;N48,360890;506,000;300;SW V1-11 (2020-06-17);2019-06-11 14:16:04;original set-up
2020-08-16 14:20:06;SN19005;measure;14,82;13,09;12,40;48757,6;2603,4;678,4;179,7;185,5;116,0;63,8;5,8;5,8;5,8;5,8;0,0;5,8;0,0;0,0;0,0;0,0;0,0;0,0;5,8;0,0;0,0;0,0;0,0;177340902;30,9;45,7;20,5;2020-08-16 12:20:06;E10,888292;N48,360870;505,800;300;SW V1-11 (2020-06-17);2019-06-11 14:16:04;original set-up
2020-08-16 14:25:06;SN19005;measure;13,91;13,19;12,60;49817,9;2967,9;613,7;106,2;165,2;53,1;70,8;11,8;5,9;0,0;5,9;0,0;0,0;0,0;0,0;0,0;0,0;0,0;0,0;0,0;0,0;0,0;0,0;0,0;177340902;30,7;45,9;20,2;2020-08-16 12:25:06;E10,888253;N48,360885;506,900;300;SW V1-11 (2020-06-17);2019-06-11 14:16:04;original set-up
2020-08-16 14:30:06;SN19005;measure;16,02;13,25;12,49;49655,6;3081,7;726,9;156,2;150,2;96,1;84,1;18,0;12,0;12,0;12,0;0,0;6,0;0,0;0,0;0,0;0,0;0,0;0,0;0,0;0,0;0,0;0,0;0,0;177340902;30,1;46,1;20,0;2020-08-16 12:30:06;E10,888258;N48,360840;506,800;300;SW V1-11 (2020-06-17);2019-06-11 14:16:04;original set-up
2020-08-16 14:35:06;SN19005;measure;14,35;13,23;12,65;49392,1;2667,0;574,0;139,1;116,0;81,2;40,6;11,6;40,6;0,0;0,0;0,0;0,0;0,0;0,0;0,0;0,0;0,0;0,0;0,0;0,0;0,0;0,0;0,0;177340902;31,6;46,2;19,8;2020-08-16 12:35:06;E10,888218;N48,360850;506,600;300;SW V1-11 (2020-06-17);2019-06-11 14:16:04;original set-up
2020-08-16 14:40:06;SN19005;measure;12,31;11,85;11,46;44588,6;2481,7;469,7;110,2;139,2;75,4;17,4;17,4;0,0;5,8;0,0;0,0;0,0;0,0;0,0;0,0;0,0;0,0;0,0;0,0;0,0;0,0;0,0;0,0;177340902;32,1;46,3;19,9;2020-08-16 12:40:06;E10,888272;N48,360853;506,600;300;SW V1-11 (2020-06-17);2019-06-11 14:16:04;original set-up
2020-08-16 14:45:06;SN19005;measure;14,10;12,39;11,90;46468,2;2591,0;549,8;117,0;134,5;99,4;29,2;11,7;5,8;5,8;5,8;5,8;0,0;5,8;0,0;0,0;0,0;0,0;0,0;0,0;0,0;0,0;0,0;0,0;177340902;31,7;46,5;19,7;2020-08-16 12:45:06;E10,888247;N48,360857;507,800;300;SW V1-11 (2020-06-17);2019-06-11 14:16:04;original set-up
2020-08-16 14:50:06;SN19005;measure;15,45;12,79;12,03;47233,7;2442,9;503,1;169,7;127,3;84,9;84,9;12,1;24,2;18,2;0,0;12,1;0,0;0,0;0,0;0,0;0,0;0,0;0,0;0,0;0,0;0,0;0,0;0,0;177340902;31,1;46,7;19,2;2020-08-16 12:50:06;E10,888240;N48,360817;507,500;300;SW V1-11 (2020-06-17);2019-06-11 14:16:04;original set-up
2020-08-16 14:55:06;SN19005;measure;13,14;12,53;11,97;46918,5;2702,1;637,5;122,8;105,3;70,2;46,8;29,2;11,7;0,0;0,0;0,0;0,0;0,0;0,0;0,0;0,0;5,8;0,0;0,0;0,0;0,0;0,0;0,0;177340902;30,9;46,9;18,9;2020-08-16 12:55:06;E10,888273;N48,360855;506,600;300;SW V1-11 (2020-06-17);2019-06-11 14:16:04;original set-up
2020-08-16 15:00:06;SN19005;measure;13,57;12,76;12,11;47342,8;2643,0;678,9;133,4;139,4;90,9;60,6;6,1;30,3;0,0;0,0;0,0;0,0;0,0;0,0;0,0;0,0;0,0;0,0;0,0;0,0;0,0;0,0;0,0;177340902;30,8;46,8;18,7;2020-08-16 13:00:06;E10,888220;N48,360797;505,100;300;SW V1-11 (2020-06-17);2019-06-11 14:16:04;original set-up
2020-08-16 15:05:06;SN19005;measure;14,45;13,14;12,71;49330,9;2673,4;716,2;123,5;166,7;49,4;37,0;0,0;18,5;6,2;0,0;6,2;0,0;0,0;0,0;0,0;0,0;0,0;0,0;6,2;0,0;0,0;0,0;0,0;177340902;31,6;46,8;18,8;2020-08-16 13:05:06;E10,888215;N48,360823;504,600;300;SW V1-11 (2020-06-17);2019-06-11 14:16:04;original set-up
2020-08-16 15:10:06;SN19005;measure;14,02;12,90;12,42;47712,8;2826,1;593,4;91,8;152,9;79,5;30,6;18,4;6,1;6,1;6,1;0,0;0,0;0,0;0,0;0,0;0,0;0,0;0,0;0,0;0,0;0,0;0,0;0,0;177340902;32,4;46,8;18,6;2020-08-16 13:10:06;E10,888253;N48,360875;505,000;300;SW V1-11 (2020-06-17);2019-06-11 14:16:04;original set-up
2020-08-16 15:15:06;SN19005;measure;13,42;12,45;11,93;45578,8;2661,1;636,5;115,2;121,2;97,0;36,4;18,2;0,0;6,1;6,1;0,0;0,0;0,0;0,0;0,0;0,0;0,0;0,0;0,0;0,0;0,0;0,0;0,0;177340902;32,9;46,9;18,7;2020-08-16 13:15:06;E10,888428;N48,360978;504,100;300;SW V1-11 (2020-06-17);2019-06-11 14:16:04;original set-up
2020-08-16 15:20:06;SN19005;measure;12,57;11,70;11,32;43578,4;2376,2;618,3;127,3;115,2;97,0;18,2;0,0;0,0;0,0;0,0;0,0;6,1;0,0;0,0;0,0;0,0;0,0;0,0;0,0;0,0;0,0;0,0;0,0;177340902;32,2;47,0;18,5;2020-08-16 13:20:06;E10,888370;N48,360930;504,300;300;SW V1-11 (2020-06-17);2019-06-11 14:16:04;original set-up
2020-08-16 15:25:06;SN19005;measure;12,67;11,87;11,21;42715,6;2370,7;426,0;197,6;135,8;117,3;55,6;0,0;12,3;0,0;6,2;0,0;0,0;0,0;0,0;0,0;0,0;0,0;0,0;0,0;0,0;0,0;0,0;0,0;177340902;33,0;47,2;18,2;2020-08-16 13:25:06;E10,888237;N48,360918;505,600;300;SW V1-11 (2020-06-17);2019-06-11 14:16:04;original set-up
2020-08-16 15:30:06;SN19005;measure;11,87;11,42;10,90;41818,7;2193,4;517,2;118,4;168,2;49,9;49,9;12,5;12,5;0,0;0,0;0,0;0,0;0,0;0,0;0,0;0,0;0,0;0,0;0,0;0,0;0,0;0,0;0,0;177340902;32,3;47,2;18,0;2020-08-16 13:30:06;E10,888278;N48,360860;504,500;300;SW V1-11 (2020-06-17);2019-06-11 14:16:04;original set-up
2020-08-16 15:35:06;SN19005;measure;13,89;11,82;11,30;43231,2;2222,5;539,8;203,2;63,5;50,8;44,5;12,7;25,4;12,7;6,4;0,0;0,0;6,4;0,0;0,0;0,0;0,0;0,0;0,0;0,0;0,0;0,0;0,0;177340902;32,6;47,2;18,0;2020-08-16 13:35:06;E10,888065;N48,360860;508,900;300;SW V1-11 (2020-06-17);2019-06-11 14:16:04;original set-up
2020-08-16 15:40:06;SN19005;measure;13,20;11,13;10,76;41219,8;2179,9;609,1;109,0;115,4;44,9;19,2;6,4;32,1;12,8;0,0;6,4;0,0;0,0;0,0;0,0;0,0;0,0;0,0;0,0;0,0;0,0;0,0;0,0;177340902;32,6;47,2;18,1;2020-08-16 13:40:06;E10,888267;N48,360918;507,100;300;SW V1-11 (2020-06-17);2019-06-11 14:16:04;original set-up
2020-08-16 15:45:06;SN19005;measure;11,58;11,18;10,64;40626,8;2071,5;556,7;116,5;135,9;71,2;51,8;6,5;12,9;0,0;0,0;0,0;0,0;0,0;0,0;0,0;0,0;0,0;0,0;0,0;0,0;0,0;0,0;0,0;177340902;32,9;47,2;18,1;2020-08-16 13:45:06;E10,888475;N48,360957;504,700;300;SW V1-11 (2020-06-17);2019-06-11 14:16:04;original set-up
2020-08-16 15:50:06;SN19005;measure;11,48;10,75;10,25;39099,9;1879,7;393,7;82,6;165,1;69,9;44,5;12,7;0,0;12,7;0,0;0,0;0,0;0,0;0,0;0,0;0,0;0,0;0,0;0,0;0,0;0,0;0,0;0,0;177340902;33,3;47,4;17,9;2020-08-16 13:50:06;E10,888290;N48,360912;504,900;300;SW V1-11 (2020-06-17);2019-06-11 14:16:04;original set-up
2020-08-16 15:55:06;SN19005;measure;13,00;10,41;9,77;37678,1;1756,6;500,1;153,9;166,7;89,8;57,7;12,8;6,4;12,8;6,4;12,8;0,0;0,0;0,0;0,0;0,0;0,0;0,0;0,0;0,0;0,0;0,0;0,0;177340902;31,9;47,6;17,8;2020-08-16 13:55:06;E10,888243;N48,360837;511,000;300;SW V1-11 (2020-06-17);2019-06-11 14:16:04;original set-up
2020-08-16 16:00:06;SN19005;measure;11,15;10,01;9,53;37527,9;1464,2;366,1;111,1;111,1;45,8;45,8;19,6;13,1;0,0;0,0;6,5;0,0;0,0;0,0;0,0;0,0;0,0;0,0;0,0;0,0;0,0;0,0;0,0;177340902;30,4;47,7;17,6;2020-08-16 14:00:06;E10,888252;N48,360902;511,600;300;SW V1-11 (2020-06-17);2019-06-11 14:16:04;original set-up
2020-08-16 16:05:06;SN19005;measure;10,69;9,80;9,12;35192,9;1622,1;333,4;109,0;166,7;70,5;76,9;19,2;6,4;0,0;6,4;0,0;0,0;0,0;0,0;0,0;0,0;0,0;0,0;0,0;0,0;0,0;0,0;0,0;177340902;31,2;47,5;17,0;2020-08-16 14:05:06;E10,888323;N48,360898;509,600;300;SW V1-11 (2020-06-17);2019-06-11 14:16:04;original set-up
2020-08-16 16:10:06;SN19005;measure;11,72;9,75;9,20;35425,3;1433,2;486,0;99,7;68,5;99,7;49,9;18,7;0,0;18,7;0,0;0,0;6,2;0,0;6,2;0,0;0,0;0,0;0,0;0,0;0,0;0,0;0,0;0,0;177340902;31,7;47,0;17,6;2020-08-16 14:10:06;E10,888225;N48,360760;508,100;300;SW V1-11 (2020-06-17);2019-06-11 14:16:04;original set-up
2020-08-16 16:15:06;SN19005;measure;10,18;9,09;8,48;32561,0;1408,4;392,6;105,9;224,3;112,2;43,6;6,2;6,2;6,2;0,0;6,2;0,0;0,0;0,0;0,0;0,0;0,0;0,0;0,0;0,0;0,0;0,0;0,0;177340902;31,9;46,9;17,8;2020-08-16 14:15:06;E10,888128;N48,360752;506,400;300;SW V1-11 (2020-06-17);2019-06-11 14:16:04;original set-up
2020-08-16 16:20:06;SN19005;measure;9,79;9,19;8,72;33185,4;1562,1;457,2;101,6;114,3;82,6;44,5;0,0;0,0;0,0;0,0;6,4;0,0;0,0;0,0;0,0;0,0;0,0;0,0;0,0;0,0;0,0;0,0;0,0;177340902;32,6;46,9;17,6;2020-08-16 14:20:06;E10,888110;N48,360783;505,600;300;SW V1-11 (2020-06-17);2019-06-11 14:16:04;original set-up
2020-08-16 16:25:06;SN19005;measure;11,15;10,16;9,58;36467,8;1617,5;426,0;111,1;111,1;80,3;37,0;43,2;0,0;0,0;6,2;0,0;0,0;0,0;0,0;0,0;0,0;0,0;0,0;0,0;0,0;0,0;0,0;0,0;177340902;32,8;47,0;17,5;2020-08-16 14:25:06;E10,888325;N48,360917;505,500;300;SW V1-11 (2020-06-17);2019-06-11 14:16:04;original set-up
2020-08-16 16:30:06;SN19005;measure;11,24;9,77;9,03;34354,1;1579,5;427,2;103,6;148,9;97,1;58,3;38,8;12,9;6,5;0,0;0,0;0,0;12,9;0,0;0,0;0,0;0,0;0,0;0,0;0,0;0,0;0,0;0,0;177340902;32,8;47,2;17,5;2020-08-16 14:30:06;E10,888117;N48,360843;504,200;300;SW V1-11 (2020-06-17);2019-06-11 14:16:04;original set-up
2020-08-16 16:35:06;SN19005;measure;10,26;8,59;8,03;30524,7;1181,1;330,2;139,7;127,0;50,8;69,9;0,0;6,4;0,0;6,4;6,4;0,0;12,7;0,0;0,0;0,0;0,0;0,0;0,0;0,0;0,0;0,0;0,0;177340902;33,1;47,4;17,3;2020-08-16 14:35:06;E10,888090;N48,360845;503,300;300;SW V1-11 (2020-06-17);2019-06-11 14:16:04;original set-up
2020-08-16 16:40:06;SN19005;measure;9,73;8,72;8,17;31439,6;1240,2;406,7;126,7;113,4;80,0;46,7;20,0;6,7;13,3;0,0;0,0;0,0;0,0;0,0;0,0;0,0;0,0;0,0;6,7;0,0;0,0;0,0;0,0;177340902;31,5;47,7;16,9;2020-08-16 14:40:06;E10,888138;N48,360903;503,300;300;SW V1-11 (2020-06-17);2019-06-11 14:16:04;original set-up
2020-08-16 16:45:06;SN19005;measure;8,85;8,12;7,71;29864,3;1295,4;400,1;120,7;133,4;31,8;44,5;6,4;6,4;0,0;6,4;0,0;0,0;0,0;0,0;0,0;0,0;0,0;0,0;0,0;0,0;0,0;0,0;0,0;177340902;30,7;47,9;16,6;2020-08-16 14:45:06;E10,888090;N48,360880;502,300;300;SW V1-11 (2020-06-17);2019-06-11 14:16:04;original set-up
2020-08-16 16:50:06;SN19005;measure;9,74;8,14;7,73;29815,3;1383,8;408,9;100,6;132,1;50,3;37,7;6,3;6,3;6,3;6,3;6,3;0,0;0,0;0,0;0,0;0,0;0,0;0,0;0,0;0,0;0,0;0,0;0,0;177340902;30,7;47,9;16,3;2020-08-16 14:50:06;E10,888088;N48,360898;502,200;300;SW V1-11 (2020-06-17);2019-06-11 14:16:04;original set-up
2020-08-16 16:55:06;SN19005;measure;9,05;8,53;8,09;30886,4;1353,0;356,1;103,6;148,9;84,2;19,4;19,4;0,0;6,5;0,0;0,0;0,0;0,0;0,0;0,0;0,0;0,0;0,0;0,0;0,0;0,0;0,0;0,0;177340902;31,8;47,8;16,4;2020-08-16 14:55:06;E10,888108;N48,360950;502,400;300;SW V1-11 (2020-06-17);2019-06-11 14:16:04;original set-up
2020-08-16 17:00:06;SN19005;measure;9,22;8,79;8,35;31669,7;1327,0;283,9;112,2;171,7;72,6;19,8;19,8;0,0;0,0;0,0;0,0;0,0;6,6;0,0;0,0;0,0;0,0;0,0;0,0;0,0;0,0;0,0;0,0;177340902;32,7;47,6;16,5;2020-08-16 15:00:06;E10,888045;N48,360953;502,300;300;SW V1-11 (2020-06-17);2019-06-11 14:16:04;original set-up
2020-08-16 17:05:06;SN19005;measure;9,74;8,90;8,44;32108,9;1490,4;405,3;78,4;137,3;65,4;39,2;13,1;6,5;0,0;6,5;0,0;0,0;0,0;0,0;0,0;0,0;0,0;0,0;0,0;0,0;0,0;0,0;0,0;177340902;32,1;47,5;16,5;2020-08-16 15:05:06;E10,888085;N48,360955;503,800;300;SW V1-11 (2020-06-17);2019-06-11 14:16:04;original set-up
2020-08-16 17:10:06;SN19005;measure;8,41;8,26;7,83;29934,8;1377,5;408,9;88,1;176,1;75,5;25,2;12,6;0,0;0,0;0,0;0,0;0,0;0,0;0,0;0,0;0,0;0,0;0,0;0,0;0,0;0,0;0,0;0,0;177340902;31,4;47,5;16,4;2020-08-16 15:10:06;E10,888117;N48,360907;505,700;300;SW V1-11 (2020-06-17);2019-06-11 14:16:04;original set-up
2020-08-16 17:15:06;SN19005;measure;10,69;8,70;8,28;31416,5;1417,0;314,2;89,8;166,7;70,5;25,6;12,8;0,0;6,4;0,0;6,4;6,4;0,0;0,0;0,0;0,0;0,0;0,0;0,0;0,0;0,0;0,0;0,0;177340902;32,7;47,5;16,7;2020-08-16 15:15:06;E10,888172;N48,360897;504,900;300;SW V1-11 (2020-06-17);2019-06-11 14:16:04;original set-up
2020-08-16 17:20:06;SN19005;measure;9,54;8,80;8,35;31617,9;1383,4;535,9;99,7;105,9;68,5;31,2;12,5;12,5;6,2;0,0;0,0;0,0;0,0;0,0;0,0;0,0;0,0;0,0;0,0;0,0;0,0;0,0;0,0;177340902;32,7;47,5;16,7;2020-08-16 15:20:06;E10,888285;N48,360913;505,400;300;SW V1-11 (2020-06-17);2019-06-11 14:16:04;original set-up
2020-08-16 17:25:06;SN19005;measure;11,31;10,53;9,83;37598,7;1555,8;387,4;63,5;127,0;101,6;69,9;12,7;25,4;0,0;0,0;0,0;0,0;0,0;0,0;0,0;0,0;0,0;0,0;0,0;0,0;0,0;0,0;0,0;177340902;32,1;47,3;16,8;2020-08-16 15:25:06;E10,888207;N48,360843;506,600;300;SW V1-11 (2020-06-17);2019-06-11 14:16:04;original set-up
2020-08-16 17:30:06;SN19005;measure;11,72;9,92;9,32;35574,7;1652,0;384,5;132,2;138,2;78,1;48,1;18,0;18,0;6,0;0,0;0,0;6,0;0,0;0,0;0,0;0,0;0,0;0,0;0,0;0,0;0,0;0,0;0,0;177340902;31,6;46,9;16,8;2020-08-16 15:30:06;E10,888248;N48,360873;506,900;300;SW V1-11 (2020-06-17);2019-06-11 14:16:04;original set-up
2020-08-16 17:35:06;SN19005;measure;11,52;8,93;8,52;32720,0;1590,4;440,4;79,5;128,5;91,8;12,2;18,4;6,1;6,1;24,5;0,0;0,0;0,0;0,0;0,0;0,0;0,0;0,0;0,0;0,0;0,0;0,0;0,0;177340902;31,2;46,5;17,4;2020-08-16 15:35:06;E10,888163;N48,360830;507,100;300;SW V1-11 (2020-06-17);2019-06-11 14:16:04;original set-up
2020-08-16 17:40:06;SN19005;measure;10,58;9,22;8,68;33312,1;1500,2;371,8;134,6;96,2;70,5;57,7;12,8;0,0;6,4;0,0;0,0;6,4;0,0;0,0;0,0;0,0;0,0;0,0;0,0;0,0;0,0;0,0;0,0;177340902;30,9;46,1;17,5;2020-08-16 15:40:06;E10,888150;N48,360803;507,100;300;SW V1-11 (2020-06-17);2019-06-11 14:16:04;original set-up
2020-08-16 17:45:06;SN19005;measure;10,41;8,68;8,15;31612,7;1517,8;342,9;63,5;108,0;95,3;44,5;6,4;19,1;6,4;0,0;0,0;6,4;0,0;0,0;0,0;6,4;0,0;0,0;0,0;0,0;0,0;0,0;0,0;177340902;29,9;45,5;17,9;2020-08-16 15:45:06;E10,888215;N48,360895;507,300;300;SW V1-11 (2020-06-17);2019-06-11 14:16:04;original set-up
2020-08-16 17:50:06;SN19005;measure;10,67;9,69;9,27;35809,8;1604,0;585,0;144,7;106,9;88,1;12,6;6,3;25,2;6,3;0,0;0,0;0,0;0,0;0,0;0,0;0,0;0,0;0,0;0,0;0,0;0,0;0,0;0,0;177340902;29,8;44,8;18,3;2020-08-16 15:50:06;E10,888163;N48,360890;507,200;300;SW V1-11 (2020-06-17);2019-06-11 14:16:04;original set-up
2020-08-16 17:55:06;SN19005;measure;9,91;9,15;8,69;33597,4;1655,3;397,7;99,4;157,9;40,9;52,6;5,8;5,8;0,0;0,0;5,8;0,0;0,0;0,0;0,0;0,0;0,0;0,0;0,0;0,0;0,0;0,0;0,0;177340902;29,8;44,2;19,0;2020-08-16 15:55:06;E10,888178;N48,360870;507,200;300;SW V1-11 (2020-06-17);2019-06-11 14:16:04;original set-up
2020-08-16 18:00:06;SN19005;measure;10,87;9,49;8,87;34472,9;1906,6;424,3;77,1;143,3;77,1;77,1;5,5;5,5;5,5;5,5;5,5;0,0;0,0;0,0;0,0;0,0;0,0;0,0;0,0;0,0;0,0;0,0;0,0;177340902;29,4;43,5;19,8;2020-08-16 16:00:06;E10,888248;N48,360828;506,800;300;SW V1-11 (2020-06-17);2019-06-11 14:16:04;original set-up
2020-08-16 18:05:06;SN19005;measure;10,61;9,49;9,07;35391,0;1693,3;407,5;95,3;132,3;63,5;42,3;0,0;5,3;5,3;0,0;0,0;5,3;0,0;0,0;0,0;0,0;0,0;0,0;0,0;0,0;0,0;0,0;0,0;177340902;29,2;43,0;20,2;2020-08-16 16:05:06;E10,888183;N48,360805;505,900;300;SW V1-11 (2020-06-17);2019-06-11 14:16:04;original set-up
2020-08-16 18:10:06;SN19005;measure;9,97;8,55;8,18;32106,2;1338,9;367,5;105,0;110,3;63,0;21,0;15,8;5,3;15,8;5,3;0,0;0,0;0,0;0,0;0,0;0,0;0,0;0,0;0,0;0,0;0,0;0,0;0,0;177340902;28,8;42,6;20,7;2020-08-16 16:10:06;E10,888247;N48,360880;505,300;300;SW V1-11 (2020-06-17);2019-06-11 14:16:04;original set-up
2020-08-16 18:15:06;SN19005;measure;9,93;8,39;7,98;31257,5;1557,5;373,4;101,3;154,7;58,7;32,0;5,3;10,7;5,3;0,0;10,7;0,0;0,0;0,0;0,0;0,0;0,0;0,0;0,0;0,0;0,0;0,0;0,0;177340902;28,6;42,1;21,1;2020-08-16 16:15:06;E10,888257;N48,360867;504,800;300;SW V1-11 (2020-06-17);2019-06-11 14:16:04;original set-up
2020-08-16 18:20:06;SN19005;measure;12,23;10,48;9,90;38833,1;2220,7;494,7;91,4;96,8;102,2;43,0;16,1;26,9;0,0;5,4;5,4;0,0;0,0;5,4;0,0;0,0;0,0;0,0;0,0;0,0;0,0;0,0;0,0;177340902;28,6;41,7;21,6;2020-08-16 16:20:06;E10,888260;N48,360887;505,200;300;SW V1-11 (2020-06-17);2019-06-11 14:16:04;original set-up
2020-08-16 18:25:06;SN19005;measure;11,22;9,14;8,39;32852,1;1756,4;433,7;119,3;135,5;81,3;81,3;32,5;5,4;5,4;10,8;5,4;0,0;0,0;0,0;0,0;0,0;0,0;0,0;0,0;0,0;0,0;0,0;0,0;177340902;28,5;41,3;21,8;2020-08-16 16:25:06;E10,888240;N48,360928;506,000;300;SW V1-11 (2020-06-17);2019-06-11 14:16:04;original set-up
2020-08-16 18:30:06;SN19005;measure;10,31;8,59;8,10;31852,5;1653,3;336,1;103,0;162,6;97,6;21,7;16,3;16,3;16,3;5,4;0,0;0,0;0,0;0,0;0,0;0,0;0,0;0,0;0,0;0,0;0,0;0,0;0,0;177340902;28,2;41,0;22,2;2020-08-16 16:30:06;E10,888270;N48,360825;509,200;300;SW V1-11 (2020-06-17);2019-06-11 14:16:04;original set-up
2020-08-16 18:35:06;SN19005;measure;9,99;8,83;8,14;31806,9;1738,9;480,1;165,4;165,4;117,3;42,7;26,7;16,0;10,7;0,0;0,0;0,0;0,0;5,3;0,0;0,0;0,0;0,0;0,0;0,0;0,0;0,0;0,0;177340902;28,2;40,7;22,4;2020-08-16 16:35:06;E10,888273;N48,360932;509,300;300;SW V1-11 (2020-06-17);2019-06-11 14:16:04;original set-up
2020-08-16 18:40:06;SN19005;measure;12,62;9,20;8,24;32146,0;1884,8;582,8;173,3;231,0;115,5;78,8;36,8;42,0;15,8;10,5;5,3;0,0;0,0;5,3;0,0;0,0;0,0;0,0;0,0;0,0;0,0;0,0;0,0;177340902;28,1;40,5;22,7;2020-08-16 16:40:06;E10,888210;N48,360857;508,000;300;SW V1-11 (2020-06-17);2019-06-11 14:16:04;original set-up
2020-08-16 18:45:06;SN19005;measure;9,10;8,15;7,69;30326,1;1402,9;373,4;138,7;112,0;74,7;32,0;16,0;5,3;5,3;5,3;0,0;0,0;0,0;0,0;0,0;0,0;0,0;0,0;0,0;0,0;0,0;0,0;0,0;177340902;27,6;40,2;22,6;2020-08-16 16:45:06;E10,888368;N48,360945;495,900;300;SW V1-11 (2020-06-17);2019-06-11 14:16:04;original set-up
2020-08-16 18:50:06;SN19005;measure;8,84;8,07;7,58;29912,4;1348,8;346,1;122,2;137,4;86,5;40,7;5,1;10,2;0,0;0,0;5,1;0,0;0,0;0,0;0,0;0,0;0,0;0,0;0,0;0,0;0,0;0,0;0,0;177340902;27,6;39,9;22,9;2020-08-16 16:50:06;E10,888262;N48,360802;491,600;300;SW V1-11 (2020-06-17);2019-06-11 14:16:04;original set-up
2020-08-16 18:55:06;SN19005;measure;9,84;8,66;8,03;31577,4;1747,1;361,8;149,9;191,3;87,9;51,7;15,5;15,5;5,2;5,2;0,0;0,0;0,0;0,0;0,0;0,0;0,0;0,0;0,0;0,0;0,0;0,0;0,0;177340902;27,5;39,6;23,1;2020-08-16 16:55:06;E10,888332;N48,360877;495,600;300;SW V1-11 (2020-06-17);2019-06-11 14:16:04;original set-up
2020-08-16 19:00:06;SN19005;measure;10,01;7,94;7,38;29278,1;1481,2;397,0;101,8;101,8;86,5;45,8;25,5;10,2;10,2;5,1;0,0;5,1;0,0;0,0;0,0;0,0;0,0;0,0;0,0;0,0;0,0;0,0;0,0;177340902;27,2;39,3;23,6;2020-08-16 17:00:06;E10,888423;N48,360862;491,300;300;SW V1-11 (2020-06-17);2019-06-11 14:16:04;original set-up
2020-08-16 19:05:06;SN19005;measure;10,31;8,24;7,64;30376,1;1509,2;356,6;93,0;87,9;82,7;67,2;15,5;10,3;10,3;15,5;0,0;0,0;0,0;0,0;0,0;0,0;0,0;5,2;0,0;0,0;0,0;0,0;0,0;177340902;27,2;39,1;24,1;2020-08-16 17:05:06;E10,888345;N48,360957;488,200;300;SW V1-11 (2020-06-17);2019-06-11 14:16:04;original set-up
2020-08-16 19:10:06;SN19005;measure;11,77;8,71;8,03;31836,3;2030,8;432,6;117,1;198,5;96,7;45,8;25,4;35,6;5,1;10,2;10,2;0,0;0,0;0,0;0,0;0,0;0,0;0,0;0,0;0,0;0,0;0,0;0,0;177340902;27,0;38,9;24,4;2020-08-16 17:10:06;E10,888237;N48,360890;497,000;300;SW V1-11 (2020-06-17);2019-06-11 14:16:04;original set-up
2020-08-16 19:15:06;SN19005;measure;9,89;8,37;7,74;30910,2;1454,8;353,6;161,6;197,0;90,9;50,5;20,2;10,1;5,1;5,1;5,1;0,0;0,0;0,0;0,0;0,0;0,0;0,0;0,0;0,0;0,0;0,0;0,0;177340902;26,8;38,7;24,7;2020-08-16 17:15:06;E10,888382;N48,360943;493,600;300;SW V1-11 (2020-06-17);2019-06-11 14:16:04;original set-up
2020-08-16 19:20:06;SN19005;measure;10,72;9,45;8,85;35439,1;1767,9;388,9;141,4;197,0;65,7;45,5;40,4;0,0;5,1;0,0;5,1;0,0;5,1;0,0;0,0;0,0;0,0;0,0;0,0;0,0;5,1;0,0;0,0;177340902;26,8;38,5;24,9;2020-08-16 17:20:06;E10,888333;N48,360970;494,700;300;SW V1-11 (2020-06-17);2019-06-11 14:16:04;original set-up
2020-08-16 19:25:06;SN19005;measure;9,15;8,22;7,69;30949,8;1513,1;369,3;97,5;138,5;66,7;51,3;20,5;10,3;0,0;0,0;5,1;0,0;0,0;0,0;0,0;0,0;0,0;0,0;0,0;0,0;0,0;0,0;0,0;177340902;26,5;38,3;25,2;2020-08-16 17:25:06;E10,888358;N48,360913;493,900;300;SW V1-11 (2020-06-17);2019-06-11 14:16:04;original set-up
2020-08-16 19:30:06;SN19005;measure;9,92;8,47;7,72;30874,8;1885,8;447,8;129,4;134,3;119,4;69,7;24,9;14,9;0,0;5,0;5,0;0,0;0,0;0,0;0,0;0,0;0,0;0,0;0,0;0,0;0,0;0,0;0,0;177340902;26,5;38,2;25,4;2020-08-16 17:30:06;E10,888300;N48,360925;497,200;300;SW V1-11 (2020-06-17);2019-06-11 14:16:04;original set-up
2020-08-16 19:35:06;SN19005;measure;9,29;8,21;7,62;30682,6;1505,2;382,4;112,8;68,6;117,7;44,1;24,5;9,8;4,9;4,9;0,0;0,0;0,0;0,0;0,0;0,0;0,0;0,0;0,0;0,0;0,0;0,0;0,0;177340902;26,4;38,0;25,6;2020-08-16 17:35:06;E10,888280;N48,360922;497,700;300;SW V1-11 (2020-06-17);2019-06-11 14:16:04;original set-up
2020-08-16 19:40:06;SN19005;measure;14,46;11,19;10,02;39049,8;3633,0;1291,5;488,3;252,0;147,0;73,5;57,8;31,5;5,3;0,0;10,5;5,3;0,0;0,0;0,0;0,0;0,0;0,0;0,0;0,0;0,0;0,0;0,0;177340902;26,5;37,9;25,8;2020-08-16 17:40:06;E10,888270;N48,360925;497,500;300;SW V1-11 (2020-06-17);2019-06-11 14:16:04;original set-up
2020-08-16 19:45:06;SN19005;measure;9,52;8,67;8,05;32577,2;1692,3;429,4;111,1;146,5;111,1;45,5;25,3;15,2;5,1;0,0;0,0;0,0;0,0;0,0;0,0;0,0;0,0;0,0;0,0;0,0;0,0;0,0;0,0;177340902;26,2;37,8;26,1;2020-08-16 17:45:06;E10,888193;N48,360827;498,400;300;SW V1-11 (2020-06-17);2019-06-11 14:16:04;original set-up
2020-08-16 19:50:06;SN19005;measure;10,29;9,02;8,38;34068,4;1918,3;436,0;118,0;169,3;112,8;41,0;35,9;5,1;0,0;10,3;0,0;0,0;0,0;0,0;0,0;0,0;0,0;5,1;0,0;0,0;0,0;0,0;0,0;177340902;26,0;37,7;26,4;2020-08-16 17:50:06;E10,888235;N48,360867;498,900;300;SW V1-11 (2020-06-17);2019-06-11 14:16:04;original set-up
2020-08-16 19:55:06;SN19005;measure;12,26;10,04;9,20;36859,9;2845,2;880,5;208,7;188,3;208,7;56,0;10,2;10,2;15,3;10,2;5,1;0,0;0,0;0,0;0,0;0,0;0,0;0,0;0,0;0,0;0,0;0,0;0,0;177340902;26,1;37,6;26,6;2020-08-16 17:55:06;E10,888138;N48,360887;500,400;300;SW V1-11 (2020-06-17);2019-06-11 14:16:04;original set-up
2020-08-16 20:00:06;SN19005;measure;10,29;9,25;8,76;35383,5;2121,5;520,3;161,6;176,8;70,7;35,4;20,2;0,0;10,1;5,1;0,0;0,0;0,0;5,1;0,0;0,0;0,0;0,0;0,0;0,0;0,0;0,0;0,0;177340902;26,2;37,4;26,9;2020-08-16 18:00:06;E10,888265;N48,360868;500,300;300;SW V1-11 (2020-06-17);2019-06-11 14:16:04;original set-up
2020-08-16 20:05:06;SN19005;measure;9,73;8,42;7,84;31945,0;1748,4;439,6;118,5;177,8;88,9;44,5;29,6;4,9;4,9;0,0;0,0;4,9;0,0;0,0;0,0;0,0;0,0;0,0;0,0;0,0;0,0;0,0;0,0;177340902;25,9;37,3;27,1;2020-08-16 18:05:06;E10,888255;N48,360848;499,500;300;SW V1-11 (2020-06-17);2019-06-11 14:16:04;original set-up
2020-08-16 20:10:06;SN19005;measure;9,71;8,33;7,82;31761,3;1760,2;441,3;122,6;83,4;58,8;53,9;24,5;4,9;14,7;4,9;0,0;0,0;0,0;0,0;0,0;0,0;0,0;0,0;0,0;0,0;0,0;0,0;0,0;177340902;26,1;37,2;27,2;2020-08-16 18:10:06;E10,887957;N48,360838;499,600;300;SW V1-11 (2020-06-17);2019-06-11 14:16:04;original set-up
2020-08-16 20:15:06;SN19005;measure;12,97;11,21;10,72;43869,6;2876,3;569,4;121,7;136,3;68,1;38,9;19,5;14,6;9,7;0,0;0,0;4,9;4,9;0,0;0,0;0,0;0,0;0,0;0,0;0,0;0,0;0,0;0,0;177340902;25,8;37,1;27,4;2020-08-16 18:15:06;E10,888245;N48,360863;499,500;300;SW V1-11 (2020-06-17);2019-06-11 14:16:04;original set-up
2020-08-16 20:20:06;SN19005;measure;10,62;8,88;8,44;34514,1;1961,7;507,3;149,8;125,6;87,0;29,0;4,8;9,7;14,5;0,0;9,7;0,0;0,0;4,8;0,0;0,0;0,0;0,0;0,0;0,0;0,0;0,0;0,0;177340902;25,8;37,0;27,6;2020-08-16 18:20:06;E10,888100;N48,360898;501,200;300;SW V1-11 (2020-06-17);2019-06-11 14:16:04;original set-up
2020-08-16 20:25:06;SN19005;measure;9,41;8,54;7,99;32816,0;1869,8;459,0;96,6;106,3;120,8;48,3;9,7;4,8;0,0;0,0;0,0;4,8;0,0;0,0;0,0;0,0;0,0;0,0;0,0;0,0;0,0;0,0;0,0;177340902;25,6;36,9;27,7;2020-08-16 18:25:06;E10,888172;N48,360848;504,900;300;SW V1-11 (2020-06-17);2019-06-11 14:16:04;original set-up
2020-08-16 20:30:06;SN19005;measure;10,70;8,57;8,08;33581,6;1633,2;449,4;87,0;135,3;116,0;29,0;14,5;9,7;4,8;9,7;9,7;0,0;0,0;0,0;0,0;0,0;0,0;0,0;0,0;0,0;0,0;0,0;0,0;177340902;25,2;36,8;28,0;2020-08-16 18:30:06;E10,888208;N48,360897;508,300;300;SW V1-11 (2020-06-17);2019-06-11 14:16:04;original set-up
2020-08-16 20:35:06;SN19005;measure;10,95;8,79;8,24;34366,9;1894,0;449,3;135,3;120,8;111,1;33,8;29,0;4,8;9,7;9,7;0,0;4,8;0,0;4,8;0,0;0,0;0,0;0,0;0,0;0,0;0,0;0,0;0,0;177340902;25,1;36,6;28,4;2020-08-16 18:35:06;E10,888280;N48,360872;515,000;300;SW V1-11 (2020-06-17);2019-06-11 14:16:04;original set-up
2020-08-16 20:40:06;SN19005;measure;10,96;9,10;8,46;35552,8;1941,1;469,2;113,6;182,8;103,7;49,4;34,6;9,9;4,9;14,8;0,0;0,0;0,0;0,0;0,0;0,0;0,0;0,0;0,0;0,0;0,0;0,0;0,0;177340902;24,9;36,5;28,8;2020-08-16 18:40:06;E10,888168;N48,360888;519,800;300;SW V1-11 (2020-06-17);2019-06-11 14:16:04;original set-up
2020-08-16 20:45:06;SN19005;measure;10,64;8,75;8,21;34476,6;1825,1;467,2;131,4;116,8;73,0;53,5;24,3;4,9;9,7;9,7;4,9;0,0;0,0;0,0;0,0;0,0;0,0;0,0;0,0;0,0;0,0;0,0;0,0;177340902;24,9;36,3;28,9;2020-08-16 18:45:06;E10,888140;N48,360927;519,800;300;SW V1-11 (2020-06-17);2019-06-11 14:16:04;original set-up
2020-08-16 20:50:06;SN19005;measure;11,83;9,83;9,19;38755,4;2267,1;528,7;161,9;171,5;90,5;61,9;19,1;14,3;19,1;9,5;0,0;0,0;0,0;0,0;0,0;0,0;0,0;0,0;0,0;0,0;0,0;0,0;0,0;177340902;24,8;36,2;29,4;2020-08-16 18:50:06;E10,888073;N48,360873;521,800;300;SW V1-11 (2020-06-17);2019-06-11 14:16:04;original set-up
2020-08-16 20:55:06;SN19005;measure;9,25;8,71;8,18;34582,1;1727,9;460,2;150,3;145,6;93,9;37,6;23,5;4,7;4,7;0,0;0,0;0,0;0,0;0,0;0,0;0,0;0,0;0,0;0,0;0,0;0,0;0,0;0,0;177340902;24,8;36,0;29,7;2020-08-16 18:55:06;E10,888138;N48,360897;522,400;300;SW V1-11 (2020-06-17);2019-06-11 14:16:04;original set-up
2020-08-16 21:00:06;SN19005;measure;10,56;9,17;8,63;36618,0;2005,1;391,7;200,5;149,2;83,9;32,6;28,0;14,0;4,7;0,0;0,0;4,7;0,0;0,0;0,0;0,0;0,0;0,0;0,0;0,0;0,0;0,0;0,0;177340902;24,6;35,9;29,9;2020-08-16 19:00:06;E10,888227;N48,360915;521,300;300;SW V1-11 (2020-06-17);2019-06-11 14:16:04;original set-up
2020-08-16 21:05:06;SN19005;measure;11,68;8,97;8,31;35367,8;2096,3;452,1;164,4;155,3;59,4;68,5;32,0;22,8;9,1;4,6;0,0;9,1;0,0;0,0;0,0;4,6;0,0;0,0;0,0;0,0;0,0;0,0;0,0;177340902;24,6;35,8;30,3;2020-08-16 19:05:06;E10,888215;N48,360893;518,000;300;SW V1-11 (2020-06-17);2019-06-11 14:16:04;original set-up
2020-08-16 21:10:06;SN19005;measure;11,72;9,04;8,46;36305,3;1943,9;422,6;108,0;150,3;51,7;65,7;28,2;14,1;23,5;4,7;9,4;0,0;0,0;0,0;4,7;0,0;0,0;0,0;0,0;0,0;0,0;0,0;0,0;177340902;24,4;35,7;30,6;2020-08-16 19:10:06;E10,888227;N48,360915;516,800;300;SW V1-11 (2020-06-17);2019-06-11 14:16:04;original set-up
2020-08-16 21:15:06;SN19005;measure;10,57;8,92;8,39;36123,9;1938,4;485,8;114,3;138,1;61,9;66,7;19,1;0,0;9,5;9,5;4,8;0,0;0,0;0,0;0,0;0,0;0,0;0,0;0,0;0,0;0,0;0,0;0,0;177340902;24,3;35,6;30,8;2020-08-16 19:15:06;E10,888197;N48,360932;515,700;300;SW V1-11 (2020-06-17);2019-06-11 14:16:04;original set-up
2020-08-16 21:20:06;SN19005;measure;12,29;9,59;8,84;38098,2;1926,7;524,6;166,7;176,5;88,2;93,1;14,7;19,6;19,6;9,8;0,0;4,9;0,0;0,0;0,0;0,0;0,0;0,0;0,0;0,0;0,0;0,0;0,0;177340902;24,3;35,5;31,1;2020-08-16 19:20:06;E10,888040;N48,360843;515,900;300;SW V1-11 (2020-06-17);2019-06-11 14:16:04;original set-up
2020-08-16 21:25:06;SN19005;measure;13,05;11,27;10,60;46013,9;2713,8;592,2;135,2;163,2;139,9;60,6;9,3;18,7;14,0;4,7;4,7;0,0;0,0;0,0;0,0;0,0;0,0;0,0;0,0;0,0;0,0;0,0;0,0;177340902;24,1;35,3;31,4;2020-08-16 19:25:06;E10,888055;N48,360925;514,800;300;SW V1-11 (2020-06-17);2019-06-11 14:16:04;original set-up
2020-08-16 21:30:06;SN19005;measure;11,85;10,04;9,35;40625,5;2471,2;433,6;167,9;135,2;93,3;83,9;18,7;9,3;9,3;4,7;0,0;4,7;4,7;0,0;0,0;0,0;0,0;0,0;0,0;0,0;0,0;0,0;0,0;177340902;24,1;35,2;31,6;2020-08-16 19:30:06;E10,887935;N48,360893;517,500;300;SW V1-11 (2020-06-17);2019-06-11 14:16:04;original set-up
2020-08-16 21:35:06;SN19005;measure;10,76;9,20;8,76;38413,3;2196,2;517,6;144,6;139,9;51,3;42,0;14,0;18,7;9,3;9,3;0,0;0,0;0,0;4,7;0,0;0,0;0,0;0,0;0,0;0,0;0,0;0,0;0,0;177340902;23,8;35,1;31,8;2020-08-16 19:35:06;E10,888130;N48,360905;519,900;300;SW V1-11 (2020-06-17);2019-06-11 14:16:04;original set-up
2020-08-16 21:45:06;SN19005;measure;13,74;10,46;9,61;42652,2;2423,5;634,6;151,8;239,1;142,6;101,2;18,4;9,2;18,4;4,6;23,0;0,0;0,0;0,0;0,0;0,0;0,0;0,0;0,0;0,0;0,0;0,0;0,0;177340902;23,6;35,0;32,4;2020-08-16 19:45:06;E10,888210;N48,360850;516,100;300;SW V1-11 (2020-06-17);2019-06-11 14:16:04;original set-up
2020-08-16 21:50:06;SN19005;measure;10,71;9,56;8,96;39755,3;2157,7;379,7;125,0;138,9;74,1;78,7;13,9;9,3;4,6;9,3;0,0;0,0;0,0;0,0;0,0;0,0;0,0;0,0;0,0;0,0;0,0;4,6;0,0;177340902;23,8;34,9;32,6;2020-08-16 19:50:06;E10,888232;N48,360815;516,800;300;SW V1-11 (2020-06-17);2019-06-11 14:16:04;original set-up
2020-08-16 21:55:06;SN19005;measure;10,54;9,52;8,99;39685,8;2060,5;467,7;157,4;138,9;78,7;41,7;32,4;9,3;4,6;4,6;0,0;0,0;0,0;0,0;0,0;0,0;0,0;0,0;0,0;0,0;0,0;0,0;0,0;177340902;23,9;34,8;32,8;2020-08-16 19:55:06;E10,888335;N48,360975;511,200;300;SW V1-11 (2020-06-17);2019-06-11 14:16:04;original set-up
2020-08-16 22:00:06;SN19005;measure;11,32;9,30;8,64;38629,0;2200,0;417,3;113,4;131,5;99,8;72,6;22,7;27,2;9,1;4,5;0,0;4,5;0,0;0,0;0,0;0,0;4,5;0,0;0,0;0,0;0,0;0,0;0,0;177340902;23,6;34,7;33,0;2020-08-16 20:00:06;E10,888165;N48,360863;507,100;300;SW V1-11 (2020-06-17);2019-06-11 14:16:04;original set-up
2020-08-16 22:05:06;SN19005;measure;12,30;10,01;9,33;41599,1;2589,0;501,2;128,8;193,1;110,4;59,8;36,8;18,4;13,8;9,2;4,6;0,0;0,0;0,0;0,0;0,0;0,0;0,0;0,0;0,0;0,0;0,0;0,0;177340902;23,6;34,6;33,2;2020-08-16 20:05:06;E10,888218;N48,360763;497,000;300;SW V1-11 (2020-06-17);2019-06-11 14:16:04;original set-up
2020-08-16 22:10:06;SN19005;measure;10,57;9,69;9,11;41019,4;2329,0;426,0;138,9;120,4;125,0;64,8;4,6;4,6;9,3;0,0;4,6;0,0;0,0;0,0;0,0;0,0;0,0;0,0;0,0;0,0;0,0;4,6;0,0;177340902;23,4;34,6;33,4;2020-08-16 20:10:06;E10,888400;N48,361020;494,900;300;SW V1-11 (2020-06-17);2019-06-11 14:16:04;original set-up
2020-08-16 22:15:06;SN19005;measure;13,05;11,72;11,27;51136,4;2574,4;495,4;106,5;125,0;69,5;46,3;18,5;4,6;4,6;4,6;0,0;4,6;0,0;0,0;0,0;0,0;0,0;0,0;0,0;0,0;0,0;0,0;0,0;177340902;23,4;34,5;33,6;2020-08-16 20:15:06;E10,888188;N48,360785;494,400;300;SW V1-11 (2020-06-17);2019-06-11 14:16:04;original set-up
2020-08-16 22:20:06;SN19005;measure;12,16;10,07;9,46;42813,0;2530,9;444,5;117,9;145,1;145,1;54,4;13,6;9,1;0,0;4,5;4,5;9,1;0,0;0,0;0,0;0,0;4,5;0,0;0,0;0,0;0,0;0,0;0,0;177340902;23,3;34,4;33,7;2020-08-16 20:20:06;E10,888253;N48,360882;495,800;300;SW V1-11 (2020-06-17);2019-06-11 14:16:04;original set-up
2020-08-16 22:25:06;SN19005;measure;11,22;9,71;9,22;42716,6;2345,3;533,4;119,6;142,6;73,6;69,0;0,0;9,2;4,6;0,0;4,6;4,6;9,2;0,0;0,0;0,0;0,0;0,0;0,0;0,0;0,0;0,0;0,0;177340902;22,8;34,3;33,9;2020-08-16 20:25:06;E10,888252;N48,360817;488,500;300;SW V1-11 (2020-06-17);2019-06-11 14:16:04;original set-up
2020-08-16 22:30:06;SN19005;measure;12,27;10,24;9,67;44395,9;2490,1;462,6;154,2;131,5;99,8;40,8;40,8;13,6;9,1;4,5;9,1;0,0;0,0;0,0;0,0;0,0;0,0;0,0;0,0;0,0;0,0;0,0;0,0;177340902;23,0;34,2;34,1;2020-08-16 20:30:06;E10,888288;N48,360798;489,500;300;SW V1-11 (2020-06-17);2019-06-11 14:16:04;original set-up
2020-08-16 22:35:06;SN19005;measure;11,04;10,52;10,01;46047,5;3480,9;731,1;124,2;174,7;101,2;36,8;32,2;4,6;0,0;0,0;0,0;0,0;4,6;0,0;4,6;0,0;0,0;0,0;0,0;0,0;0,0;0,0;0,0;177340902;22,8;34,1;34,3;2020-08-16 20:35:06;E10,888233;N48,360767;490,000;300;SW V1-11 (2020-06-17);2019-06-11 14:16:04;original set-up
2020-08-16 22:40:06;SN19005;measure;11,80;10,15;9,57;44490,4;2394,0;504,7;129,7;185,2;111,1;60,2;18,5;4,6;13,9;4,6;0,0;4,6;0,0;0,0;0,0;0,0;0,0;0,0;0,0;0,0;0,0;0,0;0,0;177340902;22,8;34,0;34,5;2020-08-16 20:40:06;E10,888140;N48,360783;490,000;300;SW V1-11 (2020-06-17);2019-06-11 14:16:04;original set-up
2020-08-16 22:45:06;SN19005;measure;10,92;10,29;9,74;45205,1;2745,7;416,7;162,1;106,5;92,6;64,8;18,5;4,6;0,0;0,0;4,6;0,0;0,0;0,0;0,0;0,0;0,0;0,0;0,0;0,0;0,0;0,0;0,0;177340902;22,8;33,9;34,7;2020-08-16 20:45:06;E10,888110;N48,360758;490,600;300;SW V1-11 (2020-06-17);2019-06-11 14:16:04;original set-up
2020-08-16 22:50:06;SN19005;measure;11,08;9,79;9,20;43135,0;2299,6;458,1;136,1;163,3;81,6;72,6;13,6;22,7;4,5;0,0;0,0;4,5;0,0;0,0;0,0;0,0;0,0;0,0;0,0;0,0;0,0;0,0;0,0;177340902;22,6;33,8;35,0;2020-08-16 20:50:06;E10,888137;N48,360810;492,000;300;SW V1-11 (2020-06-17);2019-06-11 14:16:04;original set-up
2020-08-16 22:55:06;SN19005;measure;9,94;9,68;9,28;43612,3;2568,1;482,1;103,6;144,2;94,6;27,0;18,0;4,5;0,0;0,0;0,0;0,0;0,0;0,0;0,0;0,0;0,0;0,0;0,0;0,0;0,0;0,0;0,0;177340902;22,6;33,7;35,2;2020-08-16 20:55:06;E10,888033;N48,360745;492,200;300;SW V1-11 (2020-06-17);2019-06-11 14:16:04;original set-up
2020-08-16 23:00:06;SN19005;measure;12,69;10,12;9,63;45088,2;2525,5;461,2;141,6;155,3;91,3;36,5;32,0;4,6;9,1;22,8;4,6;0,0;0,0;0,0;0,0;0,0;0,0;0,0;0,0;0,0;0,0;0,0;0,0;177340902;22,6;33,6;35,3;2020-08-16 21:00:06;E10,888363;N48,360842;496,000;300;SW V1-11 (2020-06-17);2019-06-11 14:16:04;original set-up
2020-08-16 23:05:06;SN19005;measure;10,89;9,94;9,49;44986,5;2527,5;464,1;103,6;135,2;85,6;40,5;18,0;13,5;4,5;0,0;4,5;0,0;0,0;0,0;0,0;0,0;0,0;0,0;0,0;0,0;0,0;0,0;0,0;177340902;22,4;33,5;35,6;2020-08-16 21:05:06;E10,888137;N48,360775;494,500;300;SW V1-11 (2020-06-17);2019-06-11 14:16:04;original set-up
2020-08-16 23:10:06;SN19005;measure;12,01;10,29;9,70;45634,7;2711,8;510,1;102,9;147,7;107,4;58,2;22,4;26,8;8,9;4,5;4,5;0,0;0,0;0,0;0,0;0,0;0,0;0,0;0,0;0,0;0,0;0,0;0,0;177340902;22,5;33,4;35,6;2020-08-16 21:10:06;E10,888105;N48,360775;501,400;300;SW V1-11 (2020-06-17);2019-06-11 14:16:04;original set-up
2020-08-16 23:15:06;SN19005;measure;10,77;9,88;9,50;45759,5;3073,5;493,2;105,0;146,1;73,1;27,4;22,8;9,1;4,6;0,0;4,6;0,0;0,0;0,0;0,0;0,0;0,0;0,0;0,0;0,0;0,0;0,0;0,0;177340902;22,1;33,4;35,8;2020-08-16 21:15:06;E10,888160;N48,360767;503,000;300;SW V1-11 (2020-06-17);2019-06-11 14:16:04;original set-up
2020-08-16 23:20:06;SN19005;measure;11,23;10,29;9,80;47036,4;2775,3;405,5;108,1;139,7;99,1;40,5;18,0;22,5;9,0;0,0;0,0;0,0;0,0;0,0;0,0;0,0;0,0;0,0;0,0;0,0;0,0;0,0;0,0;177340902;22,2;33,3;35,9;2020-08-16 21:20:06;E10,888033;N48,360755;508,000;300;SW V1-11 (2020-06-17);2019-06-11 14:16:04;original set-up
2020-08-16 23:25:06;SN19005;measure;13,05;10,93;10,41;48914,8;3002,6;523,6;196,9;165,6;85,0;40,3;31,3;8,9;22,4;4,5;0,0;4,5;0,0;0,0;0,0;0,0;0,0;0,0;0,0;0,0;0,0;0,0;0,0;177340902;22,5;33,3;35,9;2020-08-16 21:25:06;E10,888207;N48,360773;508,700;300;SW V1-11 (2020-06-17);2019-06-11 14:16:04;original set-up
2020-08-16 23:30:06;SN19005;measure;12,53;10,94;10,44;49198,3;2863,4;525,2;159,8;169,0;82,2;45,7;18,3;18,3;4,6;0,0;4,6;4,6;0,0;0,0;0,0;0,0;0,0;0,0;0,0;0,0;0,0;0,0;0,0;177340902;22,5;33,2;36,1;2020-08-16 21:30:06;E10,888210;N48,360745;509,800;300;SW V1-11 (2020-06-17);2019-06-11 14:16:04;original set-up
2020-08-16 23:35:06;SN19005;measure;12,35;10,91;10,46;49724,9;3035,1;538,0;105,8;138,0;50,6;64,4;0,0;23,0;9,2;4,6;4,6;0,0;0,0;0,0;0,0;0,0;0,0;0,0;0,0;0,0;0,0;0,0;0,0;177340902;22,4;33,2;36,2;2020-08-16 21:35:06;E10,888072;N48,360808;511,000;300;SW V1-11 (2020-06-17);2019-06-11 14:16:04;original set-up
2020-08-16 23:40:06;SN19005;measure;11,67;10,63;10,11;49095,0;3070,7;503,5;113,4;140,6;86,2;72,6;4,5;13,6;0,0;4,5;4,5;0,0;4,5;0,0;0,0;0,0;0,0;0,0;0,0;0,0;0,0;0,0;0,0;177340902;21,9;33,1;36,3;2020-08-16 21:40:06;E10,888315;N48,360783;511,400;300;SW V1-11 (2020-06-17);2019-06-11 14:16:04;original set-up
2020-08-16 23:45:06;SN19005;measure;10,85;10,33;9,77;48717,0;3041,1;608,2;126,2;112,6;103,6;72,1;22,5;9,0;4,5;0,0;0,0;0,0;0,0;0,0;0,0;0,0;0,0;0,0;0,0;0,0;0,0;0,0;0,0;177340902;21,5;33,1;36,4;2020-08-16 21:45:06;E10,888273;N48,360782;513,100;300;SW V1-11 (2020-06-17);2019-06-11 14:16:04;original set-up
2020-08-16 23:50:06;SN19005;measure;11,31;10,13;9,70;50098,0;2973,0;538,9;100,5;150,7;77,6;45,7;18,3;18,3;4,6;9,1;0,0;0,0;0,0;0,0;0,0;0,0;0,0;0,0;0,0;0,0;0,0;0,0;0,0;177340902;21,2;33,0;36,8;2020-08-16 21:50:06;E10,888222;N48,360793;514,100;300;SW V1-11 (2020-06-17);2019-06-11 14:16:04;original set-up
2020-08-16 23:55:06;SN19005;measure;10,48;9,49;9,06;47007,1;2630,4;501,2;119,6;151,8;69,0;36,8;36,8;13,8;4,6;4,6;0,0;0,0;0,0;0,0;0,0;0,0;0,0;0,0;4,6;0,0;0,0;0,0;0,0;177340902;21,1;33,0;36,7;2020-08-16 21:55:06;E10,888000;N48,360643;514,200;300;SW V1-11 (2020-06-17);2019-06-11 14:16:04;original set-up
