***begin of header***
date&time [local time];serial-no;type;PM10 [ug/m3];PM2.5 [ug/m3];PM1 [ug/m3];0,35 [um];0,46 [um];0,66 [um];1,0 [um];1,3 [um];1,7 [um];2,3 [um];3,0 [um];4,0 [um];5,2 [um];6,5 [um];8,0 [um];10 [um];12 [um];14 [um];16 [um];18 [um];20 [um];22 [um];25 [um];28 [um];31 [um];34 [um];37 [um];serial-OPC;T-out [°C];T-aerosol [°C];rH [%];date&time [UTC];longitude [°];latitude [°];height [m];time-resolution [s];software-version;last calibration [local time];configuration version
***end of header***
2020-08-17 00:00:06;SN19011;measure;9,54;8,61;8,26;37018,7;2887,6;553,8;118,7;62,2;50,9;45,2;0,0;11,3;0,0;0,0;0,0;5,7;0,0;0,0;0,0;0,0;0,0;0,0;0,0;0,0;0,0;0,0;0,0;177340907;23,2;33,8;34,5;2020-08-16 22:00:06;E10,897880;N48,366650;529,100;300;SW V1-11 (2020-06-17);2019-06-11 14:16:04;original set-up
2020-08-17 00:05:06;SN19011;measure;8,17;7,37;6,91;30413,0;2644,6;280,1;100,9;100,9;50,4;61,6;11,2;11,2;0,0;0,0;5,6;0,0;0,0;0,0;0,0;0,0;0,0;0,0;0,0;0,0;0,0;0,0;0,0;177340907;23,3;33,5;34,3;2020-08-16 22:05:06;E10,897928;N48,366622;526,800;300;SW V1-11 (2020-06-17);2019-06-11 14:16:04;original set-up
2020-08-17 00:10:06;SN19011;measure;8,31;7,16;6,79;29441,8;1943,4;353,3;102,6;108,3;68,4;39,9;0,0;5,7;5,7;11,4;0,0;0,0;0,0;0,0;0,0;0,0;0,0;0,0;0,0;0,0;0,0;5,7;0,0;177340907;23,4;33,2;33,8;2020-08-16 22:10:06;E10,897925;N48,366625;526,400;300;SW V1-11 (2020-06-17);2019-06-11 14:16:04;original set-up
2020-08-17 00:15:06;SN19011;measure;7,71;6,83;6,43;27580,2;2144,1;373,6;103,5;46,0;63,2;46,0;11,5;5,7;5,7;5,7;0,0;0,0;0,0;0,0;0,0;0,0;0,0;0,0;0,0;0,0;0,0;0,0;0,0;177340907;23,4;33,1;33,6;2020-08-16 22:15:06;E10,897912;N48,366630;526,100;300;SW V1-11 (2020-06-17);2019-06-11 14:16:04;original set-up
2020-08-17 00:20:06;SN19011;measure;8,82;6,65;6,37;27244,2;1907,5;411,6;69,6;46,4;58,0;17,4;17,4;5,8;17,4;5,8;0,0;5,8;0,0;0,0;0,0;0,0;0,0;0,0;0,0;0,0;0,0;0,0;0,0;177340907;23,3;33,0;33,3;2020-08-16 22:20:06;E10,897888;N48,366633;526,600;300;SW V1-11 (2020-06-17);2019-06-11 14:16:04;original set-up
2020-08-17 00:25:06;SN19011;measure;7,63;6,85;6,45;27464,2;2091,6;341,9;102,6;102,6;28,5;57,0;5,7;11,4;11,4;0,0;0,0;0,0;0,0;0,0;0,0;0,0;0,0;0,0;0,0;0,0;0,0;0,0;0,0;177340907;23,2;32,9;33,2;2020-08-16 22:25:06;E10,897785;N48,366553;544,200;300;SW V1-11 (2020-06-17);2019-06-11 14:16:04;original set-up
2020-08-17 00:30:06;SN19011;measure;7,37;6,71;6,31;26818,9;2006,1;276,9;62,2;96,1;67,8;33,9;17,0;11,3;5,7;0,0;0,0;0,0;0,0;0,0;0,0;0,0;0,0;0,0;0,0;0,0;0,0;0,0;0,0;177340907;23,4;32,8;33,3;2020-08-16 22:30:06;E10,897708;N48,366575;545,000;300;SW V1-11 (2020-06-17);2019-06-11 14:16:04;original set-up
2020-08-17 00:35:06;SN19011;measure;7,58;6,06;5,77;24581,9;1709,0;269,0;100,9;56,0;39,2;33,6;5,6;5,6;11,2;5,6;5,6;0,0;0,0;0,0;0,0;0,0;0,0;0,0;0,0;0,0;0,0;0,0;0,0;177340907;23,2;32,7;33,4;2020-08-16 22:35:06;E10,897720;N48,366560;543,400;300;SW V1-11 (2020-06-17);2019-06-11 14:16:04;original set-up
2020-08-17 00:40:06;SN19011;measure;5,03;4,91;4,64;19625,8;1466,9;226,1;98,6;81,2;23,2;29,0;11,6;0,0;0,0;0,0;0,0;0,0;0,0;0,0;0,0;0,0;0,0;0,0;0,0;0,0;0,0;0,0;0,0;177340907;23,2;32,7;33,0;2020-08-16 22:40:06;E10,897852;N48,366523;524,500;300;SW V1-11 (2020-06-17);2019-06-11 14:16:04;original set-up
2020-08-17 00:45:06;SN19011;measure;5,22;4,40;4,07;16855,5;1333,6;214,5;98,6;92,8;23,2;29,0;17,4;17,4;5,8;0,0;0,0;0,0;0,0;0,0;0,0;0,0;0,0;0,0;0,0;0,0;0,0;0,0;0,0;177340907;23,3;32,6;32,0;2020-08-16 22:45:06;E10,897905;N48,366667;521,400;300;SW V1-11 (2020-06-17);2019-06-11 14:16:04;original set-up
2020-08-17 00:50:06;SN19011;measure;4,92;4,31;4,06;16624,4;1128,4;279,3;79,8;51,3;62,7;11,4;11,4;0,0;11,4;0,0;0,0;0,0;0,0;0,0;0,0;0,0;0,0;0,0;0,0;0,0;0,0;0,0;0,0;177340907;23,5;32,6;31,3;2020-08-16 22:50:06;E10,897860;N48,366718;521,700;300;SW V1-11 (2020-06-17);2019-06-11 14:16:04;original set-up
2020-08-17 00:55:06;SN19011;measure;4,60;4,18;3,92;15990,8;1209,2;288,2;67,8;62,2;45,2;17,0;17,0;0,0;5,7;0,0;0,0;0,0;0,0;0,0;0,0;0,0;0,0;0,0;0,0;0,0;0,0;0,0;0,0;177340907;23,4;32,6;31,1;2020-08-16 22:55:06;E10,897878;N48,366633;522,000;300;SW V1-11 (2020-06-17);2019-06-11 14:16:04;original set-up
2020-08-17 01:00:06;SN19011;measure;5,59;4,34;3,99;16312,5;1149,6;252,9;74,7;46,0;46,0;40,2;11,5;5,7;11,5;0,0;5,7;0,0;0,0;0,0;0,0;0,0;0,0;0,0;0,0;0,0;0,0;0,0;0,0;177340907;23,4;32,7;30,9;2020-08-16 23:00:06;E10,897872;N48,366738;525,300;300;SW V1-11 (2020-06-17);2019-06-11 14:16:04;original set-up
2020-08-17 01:05:06;SN19011;measure;4,86;4,45;4,13;17026,0;1231,9;276,9;73,5;79,1;22,6;39,6;11,3;5,7;0,0;0,0;0,0;0,0;5,7;0,0;0,0;0,0;0,0;0,0;0,0;0,0;0,0;0,0;0,0;177340907;23,2;32,7;31,2;2020-08-16 23:05:06;E10,897843;N48,366687;520,000;300;SW V1-11 (2020-06-17);2019-06-11 14:16:04;original set-up
2020-08-17 01:10:06;SN19011;measure;4,94;4,55;4,34;17756,8;1251,6;233,9;52,6;99,4;35,1;17,5;0,0;5,8;5,8;0,0;0,0;0,0;0,0;0,0;0,0;0,0;0,0;0,0;0,0;0,0;0,0;0,0;0,0;177340907;23,6;32,7;31,0;2020-08-16 23:10:06;E10,898053;N48,366865;515,700;300;SW V1-11 (2020-06-17);2019-06-11 14:16:04;original set-up
2020-08-17 01:15:06;SN19011;measure;5,27;4,50;4,15;16924,0;1379,9;295,7;81,2;116,0;40,6;34,8;11,6;5,8;0,0;0,0;5,8;0,0;0,0;0,0;0,0;0,0;0,0;0,0;0,0;0,0;0,0;0,0;0,0;177340907;23,4;32,8;30,8;2020-08-16 23:15:06;E10,897937;N48,366602;512,500;300;SW V1-11 (2020-06-17);2019-06-11 14:16:04;original set-up
2020-08-17 01:20:06;SN19011;measure;4,57;4,19;3,94;15922,4;1379,1;273,5;91,2;91,2;34,2;22,8;0,0;5,7;5,7;0,0;0,0;0,0;0,0;0,0;0,0;0,0;0,0;0,0;0,0;0,0;0,0;0,0;0,0;177340907;23,6;32,8;30,5;2020-08-16 23:20:06;E10,897858;N48,366532;510,400;300;SW V1-11 (2020-06-17);2019-06-11 14:16:04;original set-up
2020-08-17 01:25:06;SN19011;measure;4,20;4,01;3,83;15629,9;1194,6;250,0;55,6;33,3;38,9;11,1;5,6;5,6;0,0;0,0;0,0;0,0;0,0;0,0;0,0;0,0;0,0;0,0;0,0;0,0;0,0;0,0;0,0;177340907;23,4;32,8;30,4;2020-08-16 23:25:06;E10,897895;N48,366607;511,800;300;SW V1-11 (2020-06-17);2019-06-11 14:16:04;original set-up
2020-08-17 01:30:06;SN19011;measure;4,88;4,13;3,88;15997,7;1120,4;191,3;43,7;82,0;21,9;32,8;5,5;0,0;16,4;0,0;0,0;0,0;0,0;0,0;0,0;0,0;0,0;0,0;0,0;0,0;0,0;0,0;0,0;177340907;23,1;32,9;30,3;2020-08-16 23:30:06;E10,897927;N48,366665;512,600;300;SW V1-11 (2020-06-17);2019-06-11 14:16:04;original set-up
2020-08-17 01:35:06;SN19011;measure;5,06;4,76;4,40;17951,5;1452,2;316,4;96,1;73,5;45,2;45,2;5,7;0,0;5,7;0,0;0,0;0,0;0,0;0,0;0,0;0,0;0,0;0,0;0,0;0,0;0,0;0,0;0,0;177340907;23,2;32,9;30,3;2020-08-16 23:35:06;E10,897952;N48,366707;511,700;300;SW V1-11 (2020-06-17);2019-06-11 14:16:04;original set-up
2020-08-17 01:40:06;SN19011;measure;6,55;5,25;4,89;20216,9;1557,7;263,4;78,4;61,6;56,0;39,2;11,2;5,6;5,6;11,2;0,0;0,0;0,0;0,0;0,0;0,0;0,0;0,0;0,0;0,0;0,0;0,0;0,0;177340907;22,9;32,9;30,6;2020-08-16 23:40:06;E10,897983;N48,366713;511,600;300;SW V1-11 (2020-06-17);2019-06-11 14:16:04;original set-up
2020-08-17 01:45:06;SN19011;measure;6,79;5,60;5,17;21645,4;1664,2;324,9;39,9;91,2;62,7;51,3;5,7;17,1;0,0;0,0;0,0;5,7;0,0;0,0;0,0;0,0;0,0;0,0;0,0;0,0;0,0;0,0;0,0;177340907;22,8;32,8;31,1;2020-08-16 23:45:06;E10,898058;N48,366773;511,300;300;SW V1-11 (2020-06-17);2019-06-11 14:16:04;original set-up
2020-08-17 01:50:06;SN19011;measure;7,41;6,21;5,85;24664,2;1735,9;356,4;63,2;86,2;57,5;34,5;17,2;5,7;11,5;5,7;0,0;0,0;0,0;0,0;0,0;0,0;0,0;0,0;0,0;0,0;0,0;0,0;0,0;177340907;22,8;32,8;31,5;2020-08-16 23:50:06;E10,898050;N48,366763;511,000;300;SW V1-11 (2020-06-17);2019-06-11 14:16:04;original set-up
2020-08-17 01:55:06;SN19011;measure;7,49;6,54;5,99;25310,1;1864,8;344,7;56,5;79,1;62,2;56,5;45,2;11,3;5,7;0,0;0,0;0,0;0,0;0,0;5,7;0,0;0,0;0,0;0,0;0,0;0,0;0,0;0,0;177340907;22,8;32,7;31,9;2020-08-16 23:55:06;E10,898072;N48,366790;492,400;300;SW V1-11 (2020-06-17);2019-06-11 14:16:04;original set-up
2020-08-17 02:00:06;SN19011;measure;8,38;7,01;6,41;27195,7;2034,2;395,5;79,1;107,4;90,4;62,2;22,6;22,6;5,7;5,7;0,0;0,0;0,0;0,0;0,0;0,0;0,0;0,0;0,0;0,0;0,0;0,0;0,0;177340907;22,8;32,7;32,4;2020-08-17 00:00:06;E10,898065;N48,366780;493,700;300;SW V1-11 (2020-06-17);2019-06-11 14:16:04;original set-up
2020-08-17 02:05:06;SN19011;measure;8,15;6,74;6,43;27887,9;2078,8;336,2;84,1;112,1;67,2;16,8;16,8;0,0;0,0;11,2;5,6;0,0;0,0;0,0;0,0;0,0;0,0;0,0;0,0;0,0;0,0;0,0;0,0;177340907;22,3;32,6;33,0;2020-08-17 00:05:06;E10,898052;N48,366770;494,600;300;SW V1-11 (2020-06-17);2019-06-11 14:16:04;original set-up
2020-08-17 02:10:06;SN19011;measure;7,24;6,62;6,31;27462,1;2213,3;274,6;100,9;112,1;39,2;28,0;11,2;5,6;0,0;5,6;0,0;0,0;0,0;0,0;0,0;0,0;0,0;0,0;0,0;0,0;0,0;0,0;0,0;177340907;22,4;32,5;33,5;2020-08-17 00:10:06;E10,898025;N48,366762;495,100;300;SW V1-11 (2020-06-17);2019-06-11 14:16:04;original set-up
2020-08-17 02:15:06;SN19011;measure;7,89;6,61;6,20;26972,8;2179,6;302,6;100,9;67,2;72,8;33,6;28,0;0,0;5,6;11,2;0,0;0,0;0,0;0,0;0,0;0,0;0,0;0,0;0,0;0,0;0,0;0,0;0,0;177340907;22,4;32,4;33,7;2020-08-17 00:15:06;E10,898022;N48,366748;495,200;300;SW V1-11 (2020-06-17);2019-06-11 14:16:04;original set-up
2020-08-17 02:20:06;SN19011;measure;8,26;6,63;6,16;26989,4;1909,1;359,0;79,8;102,6;51,3;57,0;22,8;11,4;5,7;0,0;11,4;0,0;0,0;0,0;0,0;0,0;0,0;0,0;0,0;0,0;0,0;0,0;0,0;177340907;22,2;32,3;33,9;2020-08-17 00:20:06;E10,897997;N48,366712;491,500;300;SW V1-11 (2020-06-17);2019-06-11 14:16:04;original set-up
2020-08-17 02:25:06;SN19011;measure;7,88;6,89;6,58;28794,6;2139,3;333,4;61,1;88,9;61,1;16,7;16,7;16,7;0,0;0,0;5,6;0,0;0,0;0,0;0,0;0,0;0,0;0,0;0,0;0,0;0,0;0,0;0,0;177340907;22,2;32,2;33,9;2020-08-17 00:25:06;E10,897997;N48,366722;492,500;300;SW V1-11 (2020-06-17);2019-06-11 14:16:04;original set-up
2020-08-17 02:30:06;SN19011;measure;8,39;7,35;6,95;30387,4;2255,9;383,4;61,1;44,5;66,7;38,9;16,7;22,2;0,0;5,6;0,0;0,0;0,0;0,0;0,0;0,0;0,0;0,0;0,0;0,0;0,0;0,0;0,0;177340907;22,3;32,1;34,3;2020-08-17 00:30:06;E10,898005;N48,366725;492,800;300;SW V1-11 (2020-06-17);2019-06-11 14:16:04;original set-up
2020-08-17 02:35:06;SN19011;measure;8,25;7,46;7,08;31211,8;2361,6;539,0;61,1;72,2;33,3;44,5;22,2;16,7;5,6;0,0;0,0;0,0;0,0;0,0;0,0;0,0;0,0;0,0;0,0;0,0;0,0;0,0;0,0;177340907;22,1;32,0;34,7;2020-08-17 00:35:06;E10,898008;N48,366723;492,900;300;SW V1-11 (2020-06-17);2019-06-11 14:16:04;original set-up
2020-08-17 02:40:06;SN19011;measure;8,21;7,74;7,45;33007,2;2868,7;414,6;67,2;100,9;44,8;22,4;11,2;16,8;0,0;0,0;0,0;0,0;0,0;0,0;0,0;0,0;0,0;0,0;0,0;0,0;0,0;0,0;0,0;177340907;22,0;31,9;35,0;2020-08-17 00:40:06;E10,898027;N48,366717;493,900;300;SW V1-11 (2020-06-17);2019-06-11 14:16:04;original set-up
2020-08-17 02:45:06;SN19011;measure;9,26;7,78;7,40;32935,4;2541,8;444,5;142,5;85,5;51,3;34,2;22,8;5,7;5,7;0,0;11,4;0,0;0,0;5,7;0,0;0,0;0,0;0,0;0,0;0,0;0,0;0,0;0,0;177340907;21,9;31,8;35,4;2020-08-17 00:45:06;E10,898003;N48,366703;496,500;300;SW V1-11 (2020-06-17);2019-06-11 14:16:04;original set-up
2020-08-17 02:50:06;SN19011;measure;7,83;5,94;5,63;25443,7;2164,2;374,3;111,1;93,6;58,5;29,2;5,8;5,8;0,0;11,7;11,7;0,0;0,0;0,0;0,0;0,0;0,0;0,0;0,0;0,0;0,0;0,0;0,0;177340907;21,4;31,6;35,5;2020-08-17 00:50:06;E10,897992;N48,366688;498,500;300;SW V1-11 (2020-06-17);2019-06-11 14:16:04;original set-up
2020-08-17 02:55:06;SN19011;measure;6,76;5,66;5,23;23393,9;1833,6;356,4;92,0;109,2;46,0;46,0;17,2;23,0;11,5;0,0;0,0;0,0;0,0;0,0;0,0;0,0;0,0;0,0;0,0;0,0;0,0;0,0;0,0;177340907;21,6;31,5;35,5;2020-08-17 00:55:06;E10,898015;N48,366682;500,600;300;SW V1-11 (2020-06-17);2019-06-11 14:16:04;original set-up
2020-08-17 03:00:06;SN19011;measure;6,31;5,80;5,29;23533,4;1707,2;408,1;143,7;120,7;86,2;51,7;17,2;5,7;5,7;0,0;0,0;0,0;0,0;0,0;0,0;0,0;0,0;0,0;0,0;0,0;0,0;0,0;0,0;177340907;21,6;31,3;35,6;2020-08-17 01:00:06;E10,897992;N48,366662;502,900;300;SW V1-11 (2020-06-17);2019-06-11 14:16:04;original set-up
2020-08-17 03:05:06;SN19011;measure;7,32;5,94;5,52;24391,7;2046,6;417,4;110,2;87,0;46,4;52,2;17,4;5,8;5,8;5,8;5,8;0,0;0,0;0,0;0,0;0,0;0,0;0,0;0,0;0,0;0,0;0,0;0,0;177340907;21,7;31,2;35,8;2020-08-17 01:05:06;E10,897967;N48,366647;504,600;300;SW V1-11 (2020-06-17);2019-06-11 14:16:04;original set-up
2020-08-17 03:10:06;SN19011;measure;6,82;6,12;5,72;25442,9;2029,8;312,7;141,6;147,5;70,8;29,5;17,7;5,9;0,0;5,9;0,0;0,0;0,0;0,0;0,0;0,0;0,0;0,0;0,0;0,0;0,0;0,0;0,0;177340907;21,5;31,1;35,9;2020-08-17 01:10:06;E10,897950;N48,366658;505,200;300;SW V1-11 (2020-06-17);2019-06-11 14:16:04;original set-up
2020-08-17 03:15:06;SN19011;measure;8,63;6,12;5,71;25408,6;2140,8;427,0;64,3;99,4;111,1;17,5;23,4;11,7;11,7;23,4;0,0;0,0;0,0;0,0;0,0;0,0;0,0;0,0;0,0;0,0;0,0;0,0;0,0;177340907;21,5;31,1;36,0;2020-08-17 01:15:06;E10,897942;N48,366648;506,600;300;SW V1-11 (2020-06-17);2019-06-11 14:16:04;original set-up
2020-08-17 03:20:06;SN19011;measure;8,30;5,81;5,43;24271,1;2012,2;387,0;107,2;77,4;47,6;41,7;17,9;11,9;11,9;6,0;6,0;6,0;0,0;0,0;0,0;0,0;0,0;0,0;0,0;0,0;0,0;0,0;0,0;177340907;21,4;31,0;36,1;2020-08-17 01:20:06;E10,897925;N48,366645;508,600;300;SW V1-11 (2020-06-17);2019-06-11 14:16:04;original set-up
2020-08-17 03:25:06;SN19011;measure;7,08;5,89;5,51;24731,7;2162,6;384,5;60,1;120,1;78,1;24,0;18,0;18,0;6,0;6,0;0,0;0,0;0,0;0,0;0,0;0,0;0,0;0,0;0,0;0,0;0,0;0,0;0,0;177340907;21,2;30,9;36,2;2020-08-17 01:25:06;E10,897910;N48,366642;509,400;300;SW V1-11 (2020-06-17);2019-06-11 14:16:04;original set-up
2020-08-17 03:30:06;SN19011;measure;5,80;5,36;4,99;22734,6;1805,6;312,7;94,4;88,5;59,0;35,4;23,6;0,0;5,9;0,0;0,0;0,0;0,0;0,0;0,0;0,0;0,0;0,0;0,0;0,0;0,0;0,0;0,0;177340907;20,9;30,8;36,3;2020-08-17 01:30:06;E10,897905;N48,366650;511,000;300;SW V1-11 (2020-06-17);2019-06-11 14:16:04;original set-up
2020-08-17 03:35:06;SN19011;measure;6,28;5,21;4,80;21992,5;1744,4;375,1;95,3;101,2;41,7;41,7;35,7;6,0;6,0;6,0;0,0;0,0;0,0;0,0;0,0;0,0;0,0;0,0;0,0;0,0;0,0;0,0;0,0;177340907;20,6;30,7;36,1;2020-08-17 01:35:06;E10,897905;N48,366637;511,800;300;SW V1-11 (2020-06-17);2019-06-11 14:16:04;original set-up
2020-08-17 03:40:06;SN19011;measure;5,83;4,71;4,45;21007,4;1600,3;419,1;76,2;82,6;57,2;19,1;6,4;12,7;0,0;12,7;0,0;0,0;0,0;0,0;0,0;0,0;0,0;0,0;0,0;0,0;0,0;0,0;0,0;177340907;19,9;30,6;36,2;2020-08-17 01:40:06;E10,897893;N48,366632;513,600;300;SW V1-11 (2020-06-17);2019-06-11 14:16:04;original set-up
2020-08-17 03:45:06;SN19011;measure;5,77;5,11;4,68;21627,0;1654,4;434,0;113,2;81,8;106,9;25,2;31,5;6,3;6,3;0,0;0,0;0,0;0,0;0,0;0,0;0,0;0,0;0,0;0,0;0,0;0,0;0,0;0,0;177340907;20,1;30,3;36,5;2020-08-17 01:45:06;E10,897877;N48,366647;514,800;300;SW V1-11 (2020-06-17);2019-06-11 14:16:04;original set-up
2020-08-17 03:50:06;SN19011;measure;5,97;4,90;4,47;20580,5;1841,5;381,0;95,3;133,4;88,9;38,1;19,1;0,0;12,7;6,4;0,0;0,0;0,0;0,0;0,0;0,0;0,0;0,0;0,0;0,0;0,0;0,0;0,0;177340907;20,1;30,0;37,0;2020-08-17 01:50:06;E10,897877;N48,366665;515,700;300;SW V1-11 (2020-06-17);2019-06-11 14:16:04;original set-up
2020-08-17 03:55:06;SN19011;measure;5,70;4,68;4,34;19751,1;1773,8;358,5;75,5;125,8;56,6;37,7;12,6;0,0;12,6;6,3;0,0;0,0;0,0;0,0;0,0;0,0;0,0;0,0;0,0;0,0;0,0;0,0;0,0;177340907;20,3;29,8;37,3;2020-08-17 01:55:06;E10,897875;N48,366658;516,500;300;SW V1-11 (2020-06-17);2019-06-11 14:16:04;original set-up
2020-08-17 04:00:06;SN19011;measure;5,22;4,66;4,27;19497,5;1776,0;346,2;115,4;134,6;51,3;38,5;19,2;6,4;6,4;0,0;0,0;0,0;0,0;0,0;0,0;0,0;0,0;0,0;0,0;0,0;0,0;0,0;0,0;177340907;20,1;29,7;37,4;2020-08-17 02:00:06;E10,897868;N48,366640;517,600;300;SW V1-11 (2020-06-17);2019-06-11 14:16:04;original set-up
2020-08-17 04:05:06;SN19011;measure;6,49;4,37;4,06;18465,2;1538,8;416,8;147,5;83,4;44,9;19,2;25,6;6,4;12,8;0,0;6,4;6,4;0,0;0,0;0,0;0,0;0,0;0,0;0,0;0,0;0,0;0,0;0,0;177340907;20,1;29,6;37,4;2020-08-17 02:05:06;E10,897862;N48,366623;518,100;300;SW V1-11 (2020-06-17);2019-06-11 14:16:04;original set-up
2020-08-17 04:10:06;SN19011;measure;4,97;4,53;4,15;19012,2;1508,3;369,0;116,5;135,9;64,7;25,9;19,4;12,9;0,0;0,0;0,0;0,0;0,0;0,0;0,0;0,0;0,0;0,0;0,0;0,0;0,0;0,0;0,0;177340907;19,9;29,5;37,6;2020-08-17 02:10:06;E10,897862;N48,366608;518,200;300;SW V1-11 (2020-06-17);2019-06-11 14:16:04;original set-up
2020-08-17 04:15:06;SN19011;measure;6,11;4,64;4,22;19356,6;1501,9;479,1;110,1;123,0;77,7;38,8;12,9;12,9;6,5;12,9;0,0;0,0;0,0;0,0;0,0;0,0;0,0;0,0;0,0;0,0;0,0;0,0;0,0;177340907;19,9;29,4;37,8;2020-08-17 02:15:06;E10,897862;N48,366590;517,800;300;SW V1-11 (2020-06-17);2019-06-11 14:16:04;original set-up
2020-08-17 04:20:06;SN19011;measure;5,54;4,44;4,02;18709,2;1456,6;375,5;129,5;90,6;103,6;25,9;25,9;6,5;6,5;0,0;6,5;0,0;0,0;0,0;0,0;0,0;0,0;0,0;0,0;0,0;0,0;0,0;0,0;177340907;19,7;29,3;38,2;2020-08-17 02:20:06;E10,897873;N48,366585;517,500;300;SW V1-11 (2020-06-17);2019-06-11 14:16:04;original set-up
2020-08-17 04:25:06;SN19011;measure;5,12;4,46;4,00;18618,4;1435,1;400,1;127,0;88,9;69,9;63,5;12,7;6,4;0,0;6,4;0,0;0,0;0,0;0,0;0,0;0,0;0,0;0,0;0,0;0,0;0,0;0,0;0,0;177340907;19,6;29,2;38,2;2020-08-17 02:25:06;E10,897878;N48,366593;517,500;300;SW V1-11 (2020-06-17);2019-06-11 14:16:04;original set-up
2020-08-17 04:30:06;SN19011;measure;4,73;4,14;3,88;18343,5;1418,6;366,1;85,0;78,4;32,7;26,1;19,6;0,0;0,0;6,5;0,0;0,0;0,0;0,0;0,0;0,0;0,0;0,0;0,0;0,0;0,0;0,0;0,0;177340907;19,4;29,1;38,4;2020-08-17 02:30:06;E10,897882;N48,366600;517,500;300;SW V1-11 (2020-06-17);2019-06-11 14:16:04;original set-up
2020-08-17 04:35:06;SN19011;measure;5,71;4,31;3,92;18761,6;1491,9;323,5;125,4;105,6;92,4;19,8;26,4;13,2;0,0;6,6;6,6;0,0;0,0;0,0;0,0;0,0;0,0;0,0;0,0;0,0;0,0;0,0;0,0;177340907;19,2;29,0;38,8;2020-08-17 02:35:06;E10,897883;N48,366602;517,700;300;SW V1-11 (2020-06-17);2019-06-11 14:16:04;original set-up
2020-08-17 04:40:06;SN19011;measure;4,47;4,41;4,07;19485,6;1571,6;421,8;108,9;115,7;74,8;34,0;6,8;0,0;0,0;0,0;0,0;0,0;0,0;0,0;0,0;0,0;0,0;0,0;0,0;0,0;0,0;0,0;0,0;177340907;19,2;28,8;39,1;2020-08-17 02:40:06;E10,897868;N48,366600;519,100;300;SW V1-11 (2020-06-17);2019-06-11 14:16:04;original set-up
2020-08-17 04:45:06;SN19011;measure;5,47;4,42;4,07;19593,1;1710,8;282,9;121,2;107,8;53,9;33,7;20,2;6,7;6,7;0,0;6,7;0,0;0,0;0,0;0,0;0,0;0,0;0,0;0,0;0,0;0,0;0,0;0,0;177340907;19,1;28,7;39,5;2020-08-17 02:45:06;E10,897892;N48,366618;520,800;300;SW V1-11 (2020-06-17);2019-06-11 14:16:04;original set-up
2020-08-17 04:50:06;SN19011;measure;5,04;4,42;4,03;19256,7;1505,2;422,5;211,2;92,4;52,8;39,6;13,2;13,2;6,6;0,0;0,0;0,0;0,0;0,0;0,0;0,0;0,0;0,0;0,0;0,0;0,0;0,0;0,0;177340907;19,2;28,5;40,0;2020-08-17 02:50:06;E10,897935;N48,366608;521,700;300;SW V1-11 (2020-06-17);2019-06-11 14:16:04;original set-up
2020-08-17 04:55:06;SN19011;measure;5,22;4,46;3,96;19205,2;1549,2;431,4;104,6;111,1;78,4;85,0;0,0;6,5;6,5;6,5;0,0;0,0;0,0;0,0;0,0;0,0;0,0;0,0;0,0;0,0;0,0;0,0;0,0;177340907;19,1;28,5;40,4;2020-08-17 02:55:06;E10,897995;N48,366582;523,700;300;SW V1-11 (2020-06-17);2019-06-11 14:16:04;original set-up
2020-08-17 05:00:06;SN19011;measure;4,63;4,32;3,99;19469,2;1881,6;409,3;125,4;99,0;46,2;39,6;6,6;13,2;0,0;0,0;0,0;0,0;0,0;0,0;0,0;0,0;0,0;0,0;0,0;0,0;0,0;0,0;0,0;177340907;19,0;28,4;40,6;2020-08-17 03:00:06;E10,897858;N48,366638;527,100;300;SW V1-11 (2020-06-17);2019-06-11 14:16:04;original set-up
2020-08-17 05:05:06;SN19011;measure;5,27;4,41;3,92;19179,0;1634,2;294,2;104,6;71,9;85,0;52,3;26,1;32,7;0,0;0,0;0,0;0,0;0,0;0,0;0,0;0,0;0,0;0,0;0,0;0,0;0,0;0,0;0,0;177340907;19,1;28,4;40,7;2020-08-17 03:05:06;E10,897882;N48,366733;521,300;300;SW V1-11 (2020-06-17);2019-06-11 14:16:04;original set-up
2020-08-17 05:10:06;SN19011;measure;5,04;4,28;3,77;18644,3;1850,0;398,8;65,4;156,9;91,5;71,9;13,1;13,1;0,0;6,5;0,0;0,0;0,0;0,0;0,0;0,0;0,0;0,0;0,0;0,0;0,0;0,0;0,0;177340907;18,9;28,3;41,0;2020-08-17 03:10:06;E10,897888;N48,366708;521,600;300;SW V1-11 (2020-06-17);2019-06-11 14:16:04;original set-up
2020-08-17 05:15:06;SN19011;measure;5,49;4,31;3,87;19310,8;1505,3;402,7;105,6;151,8;59,4;39,6;33,0;26,4;0,0;6,6;0,0;0,0;0,0;0,0;0,0;0,0;0,0;0,0;0,0;0,0;0,0;0,0;0,0;177340907;18,8;28,2;41,2;2020-08-17 03:15:06;E10,897895;N48,366703;520,500;300;SW V1-11 (2020-06-17);2019-06-11 14:16:04;original set-up
2020-08-17 05:20:06;SN19011;measure;5,37;4,23;3,89;19284,6;1705,4;365,4;109,0;185,9;57,7;38,5;0,0;12,8;25,6;0,0;0,0;0,0;0,0;0,0;0,0;0,0;0,0;0,0;0,0;0,0;0,0;0,0;0,0;177340907;18,9;28,1;41,4;2020-08-17 03:20:06;E10,897895;N48,366702;518,100;300;SW V1-11 (2020-06-17);2019-06-11 14:16:04;original set-up
2020-08-17 05:25:06;SN19011;measure;4,36;4,24;3,77;18714,5;1514,8;401,3;168,3;71,2;135,9;45,3;12,9;0,0;0,0;0,0;0,0;0,0;0,0;0,0;0,0;0,0;0,0;0,0;0,0;0,0;0,0;0,0;0,0;177340907;18,9;28,1;41,6;2020-08-17 03:25:06;E10,897893;N48,366692;517,100;300;SW V1-11 (2020-06-17);2019-06-11 14:16:04;original set-up
2020-08-17 05:30:06;SN19011;measure;5,02;4,26;3,72;18478,9;1571,3;488,5;151,8;125,4;92,4;79,2;6,6;13,2;13,2;0,0;0,0;0,0;0,0;0,0;0,0;0,0;0,0;0,0;0,0;0,0;0,0;0,0;0,0;177340907;18,8;28,0;41,8;2020-08-17 03:30:06;E10,897885;N48,366678;514,800;300;SW V1-11 (2020-06-17);2019-06-11 14:16:04;original set-up
2020-08-17 05:35:06;SN19011;measure;4,88;4,10;3,67;18484,5;1513,1;448,8;160,3;128,2;76,9;32,1;38,5;12,8;6,4;0,0;0,0;0,0;0,0;0,0;0,0;0,0;0,0;0,0;0,0;0,0;0,0;0,0;0,0;177340907;18,7;28,0;42,0;2020-08-17 03:35:06;E10,897865;N48,366545;513,600;300;SW V1-11 (2020-06-17);2019-06-11 14:16:04;original set-up
2020-08-17 05:40:06;SN19011;measure;5,56;4,27;3,78;19172,5;1751,9;464,1;104,6;137,3;85,0;58,8;26,1;13,1;13,1;6,5;0,0;0,0;0,0;0,0;0,0;0,0;0,0;0,0;0,0;0,0;0,0;0,0;0,0;177340907;18,6;27,9;42,1;2020-08-17 03:40:06;E10,897882;N48,366625;512,300;300;SW V1-11 (2020-06-17);2019-06-11 14:16:04;original set-up
2020-08-17 05:45:06;SN19011;measure;5,13;4,25;3,67;18715,3;1609,3;416,8;96,2;109,0;121,8;70,5;32,1;12,8;0,0;6,4;0,0;0,0;0,0;0,0;0,0;0,0;0,0;0,0;0,0;0,0;0,0;0,0;0,0;177340907;18,6;27,9;42,2;2020-08-17 03:45:06;E10,897872;N48,366637;511,400;300;SW V1-11 (2020-06-17);2019-06-11 14:16:04;original set-up
2020-08-17 05:50:06;SN19011;measure;4,51;4,10;3,51;17958,7;1692,6;339,8;89,8;185,9;64,1;109,0;6,4;19,2;0,0;0,0;0,0;0,0;0,0;0,0;0,0;0,0;0,0;0,0;0,0;0,0;0,0;0,0;0,0;177340907;18,6;27,8;42,4;2020-08-17 03:50:06;E10,897873;N48,366652;510,100;300;SW V1-11 (2020-06-17);2019-06-11 14:16:04;original set-up
2020-08-17 05:55:06;SN19011;measure;4,77;4,04;3,45;17727,9;1614,6;503,3;91,5;150,3;98,1;98,1;13,1;13,1;0,0;6,5;0,0;0,0;0,0;0,0;0,0;0,0;0,0;0,0;0,0;0,0;0,0;0,0;0,0;177340907;18,5;27,8;42,6;2020-08-17 03:55:06;E10,897908;N48,366645;501,800;300;SW V1-11 (2020-06-17);2019-06-11 14:16:04;original set-up
2020-08-17 06:00:06;SN19011;measure;4,64;3,69;3,35;17369,5;1418,6;477,2;78,4;163,4;39,2;32,7;32,7;13,1;0,0;0,0;6,5;0,0;0,0;0,0;0,0;0,0;0,0;0,0;0,0;0,0;0,0;0,0;0,0;177340907;18,4;27,8;42,7;2020-08-17 04:00:06;E10,897685;N48,366762;520,700;300;SW V1-11 (2020-06-17);2019-06-11 14:16:04;original set-up
2020-08-17 06:05:06;SN19011;measure;4,92;3,77;3,31;17136,1;1482,5;369,0;161,8;116,5;84,2;45,3;25,9;19,4;6,5;6,5;0,0;0,0;0,0;0,0;0,0;0,0;0,0;0,0;0,0;0,0;0,0;0,0;0,0;177340907;18,4;27,7;42,9;2020-08-17 04:05:06;E10,897930;N48,366698;521,100;300;SW V1-11 (2020-06-17);2019-06-11 14:16:04;original set-up
2020-08-17 06:10:06;SN19011;measure;4,98;3,60;3,20;16412,5;1432,6;389,5;112,2;72,6;105,6;39,6;6,6;26,4;0,0;6,6;6,6;0,0;0,0;0,0;0,0;0,0;0,0;0,0;0,0;0,0;0,0;0,0;0,0;177340907;18,6;27,6;43,0;2020-08-17 04:10:06;E10,897935;N48,366517;504,600;300;SW V1-11 (2020-06-17);2019-06-11 14:16:04;original set-up
2020-08-17 06:15:06;SN19011;measure;5,20;3,89;3,21;16315,5;1460,2;480,1;153,4;146,7;80,0;86,7;53,3;26,7;6,7;0,0;0,0;0,0;6,7;0,0;0,0;0,0;0,0;0,0;0,0;0,0;0,0;0,0;0,0;177340907;18,6;27,6;43,2;2020-08-17 04:15:06;E10,897935;N48,366483;512,700;300;SW V1-11 (2020-06-17);2019-06-11 14:16:04;original set-up
2020-08-17 06:20:06;SN19011;measure;4,84;3,67;3,19;16382,4;1601,6;418,4;143,8;202,7;52,3;65,4;19,6;19,6;19,6;0,0;0,0;0,0;0,0;0,0;0,0;0,0;0,0;0,0;0,0;0,0;0,0;0,0;0,0;177340907;18,5;27,6;43,3;2020-08-17 04:20:06;E10,897863;N48,366763;520,600;300;SW V1-11 (2020-06-17);2019-06-11 14:16:04;original set-up
2020-08-17 06:25:06;SN19011;measure;4,29;3,70;3,21;16471,2;1461,8;480,9;109,0;96,2;89,8;76,9;12,8;6,4;0,0;6,4;0,0;0,0;0,0;0,0;0,0;0,0;0,0;0,0;0,0;0,0;0,0;0,0;0,0;177340907;18,6;27,6;43,2;2020-08-17 04:25:06;E10,898040;N48,366915;524,400;300;SW V1-11 (2020-06-17);2019-06-11 14:16:04;original set-up
2020-08-17 06:30:06;SN19011;measure;4,91;3,33;2,84;14822,5;1840,0;410,3;153,9;134,6;109,0;64,1;19,2;0,0;12,8;6,4;0,0;6,4;0,0;0,0;0,0;0,0;0,0;0,0;0,0;0,0;0,0;0,0;0,0;177340907;18,2;27,6;43,3;2020-08-17 04:30:06;E10,897958;N48,366960;522,200;300;SW V1-11 (2020-06-17);2019-06-11 14:16:04;original set-up
2020-08-17 06:35:06;SN19011;measure;3,72;3,18;2,86;14655,5;1438,1;438,0;130,7;124,2;85,0;26,1;13,1;0,0;13,1;0,0;0,0;0,0;0,0;0,0;0,0;0,0;0,0;0,0;0,0;0,0;0,0;0,0;0,0;177340907;18,5;27,6;43,3;2020-08-17 04:35:06;E10,898017;N48,366793;521,300;300;SW V1-11 (2020-06-17);2019-06-11 14:16:04;original set-up
2020-08-17 06:40:06;SN19011;measure;4,04;3,42;2,87;14735,0;1327,1;444,5;124,2;124,2;124,2;52,3;32,7;19,6;0,0;0,0;0,0;0,0;0,0;0,0;0,0;0,0;0,0;0,0;0,0;0,0;0,0;0,0;0,0;177340907;18,6;27,5;43,5;2020-08-17 04:40:06;E10,897920;N48,366700;520,400;300;SW V1-11 (2020-06-17);2019-06-11 14:16:04;original set-up
2020-08-17 06:45:06;SN19011;measure;3,86;3,22;2,67;13931,6;1249,4;427,3;129,5;135,9;77,7;97,1;12,9;6,5;12,9;0,0;0,0;0,0;0,0;0,0;0,0;0,0;0,0;0,0;0,0;0,0;0,0;0,0;0,0;177340907;18,4;27,5;43,6;2020-08-17 04:45:06;E10,897910;N48,366698;518,800;300;SW V1-11 (2020-06-17);2019-06-11 14:16:04;original set-up
2020-08-17 06:50:06;SN19011;measure;3,35;2,91;2,60;13568,2;1281,7;349,6;155,4;84,2;90,6;19,4;12,9;6,5;6,5;0,0;0,0;0,0;0,0;0,0;0,0;0,0;0,0;0,0;0,0;0,0;0,0;0,0;0,0;177340907;18,4;27,5;43,6;2020-08-17 04:50:06;E10,897905;N48,366690;518,600;300;SW V1-11 (2020-06-17);2019-06-11 14:16:04;original set-up
2020-08-17 06:55:06;SN19011;measure;3,12;2,85;2,50;12720,0;1117,7;431,8;108,0;101,6;95,3;25,4;19,1;6,4;0,0;0,0;0,0;0,0;0,0;0,0;0,0;0,0;0,0;0,0;0,0;0,0;0,0;0,0;0,0;177340907;18,7;27,5;43,7;2020-08-17 04:55:06;E10,897903;N48,366685;518,800;300;SW V1-11 (2020-06-17);2019-06-11 14:16:04;original set-up
2020-08-17 07:00:06;SN19011;measure;3,46;2,76;2,35;12196,6;1182,5;320,8;81,8;119,5;100,6;25,2;31,5;25,2;0,0;0,0;0,0;0,0;0,0;0,0;0,0;0,0;0,0;0,0;0,0;0,0;0,0;0,0;0,0;177340907;18,5;27,5;43,8;2020-08-17 05:00:06;E10,897905;N48,366683;519,000;300;SW V1-11 (2020-06-17);2019-06-11 14:16:04;original set-up
2020-08-17 07:05:06;SN19011;measure;5,40;2,98;2,52;12944,0;1250,2;307,7;83,3;102,6;76,9;51,3;32,1;25,6;6,4;6,4;6,4;6,4;0,0;0,0;0,0;0,0;0,0;0,0;0,0;0,0;0,0;0,0;0,0;177340907;18,6;27,5;43,6;2020-08-17 05:05:06;E10,897910;N48,366678;519,100;300;SW V1-11 (2020-06-17);2019-06-11 14:16:04;original set-up
2020-08-17 07:10:06;SN19011;measure;4,06;2,77;2,25;11483,1;1077,1;339,8;89,8;83,4;57,7;76,9;25,6;38,5;0,0;6,4;0,0;0,0;0,0;0,0;0,0;0,0;0,0;0,0;0,0;0,0;0,0;0,0;0,0;177340907;18,8;27,6;43,5;2020-08-17 05:10:06;E10,897912;N48,366677;519,500;300;SW V1-11 (2020-06-17);2019-06-11 14:16:04;original set-up
2020-08-17 07:15:06;SN19011;measure;3,92;2,83;2,29;11621,5;1096,7;299,1;74,8;99,7;74,8;74,8;37,4;18,7;0,0;0,0;6,2;0,0;0,0;0,0;0,0;0,0;0,0;0,0;0,0;0,0;0,0;0,0;0,0;177340907;18,9;27,7;43,3;2020-08-17 05:15:06;E10,897932;N48,366675;520,100;300;SW V1-11 (2020-06-17);2019-06-11 14:16:04;original set-up
2020-08-17 07:20:06;SN19011;measure;5,29;3,01;2,31;11458,6;1003,4;420,8;110,1;174,8;129,5;110,1;19,4;0,0;25,9;12,9;6,5;0,0;0,0;0,0;0,0;0,0;0,0;0,0;0,0;0,0;0,0;0,0;0,0;177340907;19,0;27,8;43,1;2020-08-17 05:20:06;E10,897940;N48,366668;521,400;300;SW V1-11 (2020-06-17);2019-06-11 14:16:04;original set-up
2020-08-17 07:25:06;SN19011;measure;3,10;2,78;2,25;11048,2;1208,9;398,8;118,4;143,3;74,8;74,8;24,9;6,2;0,0;0,0;0,0;0,0;0,0;0,0;0,0;0,0;0,0;0,0;0,0;0,0;0,0;0,0;0,0;177340907;19,1;27,9;43,0;2020-08-17 05:25:06;E10,897950;N48,366670;522,300;300;SW V1-11 (2020-06-17);2019-06-11 14:16:04;original set-up
2020-08-17 07:30:06;SN19011;measure;2,84;2,47;2,14;10760,6;1150,1;256,9;73,4;85,6;97,9;30,6;6,1;6,1;6,1;0,0;0,0;0,0;0,0;0,0;0,0;0,0;0,0;0,0;0,0;0,0;0,0;0,0;0,0;177340907;18,9;28,0;42,6;2020-08-17 05:30:06;E10,897867;N48,366687;532,800;300;SW V1-11 (2020-06-17);2019-06-11 14:16:04;original set-up
2020-08-17 07:35:06;SN19011;measure;3,80;2,63;2,18;10655,7;1061,9;271,6;111,1;135,8;80,3;37,0;30,9;24,7;0,0;0,0;6,2;0,0;0,0;0,0;0,0;0,0;0,0;0,0;0,0;0,0;0,0;0,0;0,0;177340907;19,2;28,2;42,3;2020-08-17 05:35:06;E10,897895;N48,366685;532,800;300;SW V1-11 (2020-06-17);2019-06-11 14:16:04;original set-up
2020-08-17 07:40:06;SN19011;measure;3,98;2,68;2,26;10934,8;997,0;349,3;108,0;152,4;44,5;44,5;38,1;6,4;0,0;6,4;6,4;0,0;0,0;0,0;0,0;0,0;0,0;0,0;0,0;0,0;0,0;0,0;0,0;177340907;19,4;28,3;42,1;2020-08-17 05:40:06;E10,897902;N48,366553;551,600;300;SW V1-11 (2020-06-17);2019-06-11 14:16:04;original set-up
2020-08-17 07:45:06;SN19011;measure;2,89;2,37;2,06;10217,7;1091,7;366,1;124,2;104,6;45,8;19,6;32,7;13,1;0,0;0,0;0,0;0,0;0,0;0,0;0,0;0,0;0,0;0,0;0,0;0,0;0,0;0,0;0,0;177340907;19,1;28,4;42,0;2020-08-17 05:45:06;E10,898005;N48,366662;577,400;300;SW V1-11 (2020-06-17);2019-06-11 14:16:04;original set-up
2020-08-17 07:50:06;SN19011;measure;3,53;2,33;2,07;10356,9;990,6;298,5;101,6;108,0;25,4;25,4;19,1;12,7;12,7;6,4;0,0;0,0;0,0;0,0;0,0;0,0;0,0;0,0;0,0;0,0;0,0;0,0;0,0;177340907;19,0;28,5;41,6;2020-08-17 05:50:06;E10,898000;N48,366768;585,700;300;SW V1-11 (2020-06-17);2019-06-11 14:16:04;original set-up
2020-08-17 07:55:06;SN19011;measure;2,87;2,42;2,08;10329,0;1045,1;230,8;134,6;76,9;51,3;44,9;12,8;6,4;6,4;0,0;0,0;0,0;0,0;0,0;0,0;0,0;0,0;0,0;0,0;0,0;0,0;0,0;0,0;177340907;19,0;28,5;41,4;2020-08-17 05:55:06;E10,898005;N48,366847;562,400;300;SW V1-11 (2020-06-17);2019-06-11 14:16:04;original set-up
2020-08-17 08:00:06;SN19011;measure;3,72;2,60;2,15;10820,5;1073,2;342,9;63,5;133,4;88,9;44,5;25,4;25,4;12,7;0,0;0,0;0,0;0,0;0,0;0,0;0,0;0,0;0,0;0,0;0,0;0,0;0,0;0,0;177340907;18,9;28,5;41,5;2020-08-17 06:00:06;E10,897907;N48,366680;535,500;300;SW V1-11 (2020-06-17);2019-06-11 14:16:04;original set-up
2020-08-17 08:05:06;SN19011;measure;3,13;2,48;2,10;10410,2;1044,2;257,9;113,2;113,2;62,9;44,0;18,9;6,3;0,0;6,3;0,0;0,0;0,0;0,0;0,0;0,0;0,0;0,0;0,0;0,0;0,0;0,0;0,0;177340907;19,1;28,5;41,6;2020-08-17 06:05:06;E10,897927;N48,366687;524,900;300;SW V1-11 (2020-06-17);2019-06-11 14:16:04;original set-up
2020-08-17 08:10:06;SN19011;measure;3,13;2,52;2,20;11050,8;977,5;304,3;58,3;135,9;51,8;38,8;19,4;0,0;12,9;0,0;0,0;0,0;0,0;0,0;0,0;0,0;0,0;0,0;0,0;0,0;0,0;0,0;0,0;177340907;19,1;28,5;41,6;2020-08-17 06:10:06;E10,897905;N48,366660;522,800;300;SW V1-11 (2020-06-17);2019-06-11 14:16:04;original set-up
2020-08-17 08:15:06;SN19011;measure;3,73;2,46;2,09;10474,9;934,7;286,6;149,6;74,8;56,1;43,6;18,7;12,5;6,2;0,0;0,0;6,2;0,0;0,0;0,0;0,0;0,0;0,0;0,0;0,0;0,0;0,0;0,0;177340907;19,1;28,5;41,6;2020-08-17 06:15:06;E10,897803;N48,366665;522,700;300;SW V1-11 (2020-06-17);2019-06-11 14:16:04;original set-up
2020-08-17 08:20:06;SN19011;measure;3,78;2,35;2,03;10148,1;889,1;336,6;108,0;76,2;69,9;25,4;19,1;12,7;6,4;6,4;6,4;0,0;0,0;0,0;0,0;0,0;0,0;0,0;0,0;0,0;0,0;0,0;0,0;177340907;19,0;28,5;41,5;2020-08-17 06:20:06;E10,897812;N48,366692;521,900;300;SW V1-11 (2020-06-17);2019-06-11 14:16:04;original set-up
2020-08-17 08:25:06;SN19011;measure;3,29;2,48;1,97;9750,4;931,0;377,4;88,1;119,5;56,6;75,5;37,7;6,3;0,0;6,3;0,0;0,0;0,0;0,0;0,0;0,0;0,0;0,0;0,0;0,0;0,0;0,0;0,0;177340907;19,1;28,5;41,7;2020-08-17 06:25:06;E10,897797;N48,366687;521,900;300;SW V1-11 (2020-06-17);2019-06-11 14:16:04;original set-up
2020-08-17 08:30:06;SN19011;measure;4,40;2,61;2,12;10438,0;1102,8;282,1;153,9;128,2;83,4;64,1;19,2;6,4;6,4;6,4;12,8;0,0;0,0;0,0;0,0;0,0;0,0;0,0;0,0;0,0;0,0;0,0;0,0;177340907;19,1;28,5;41,6;2020-08-17 06:30:06;E10,897812;N48,366677;522,100;300;SW V1-11 (2020-06-17);2019-06-11 14:16:04;original set-up
2020-08-17 08:35:06;SN19011;measure;3,68;2,46;1,92;9533,3;968,1;301,3;96,2;179,5;76,9;76,9;19,2;12,8;12,8;6,4;0,0;0,0;0,0;0,0;0,0;0,0;0,0;0,0;0,0;0,0;0,0;0,0;0,0;177340907;19,1;28,5;41,7;2020-08-17 06:35:06;E10,897833;N48,366647;522,300;300;SW V1-11 (2020-06-17);2019-06-11 14:16:04;original set-up
2020-08-17 08:40:06;SN19011;measure;3,65;2,26;1,96;9633,0;1047,8;311,2;88,9;127,0;57,2;6,4;31,8;19,1;0,0;12,7;0,0;0,0;0,0;0,0;0,0;0,0;0,0;0,0;0,0;0,0;0,0;0,0;0,0;177340907;19,2;28,5;41,6;2020-08-17 06:40:06;E10,897758;N48,366462;541,600;300;SW V1-11 (2020-06-17);2019-06-11 14:16:04;original set-up
2020-08-17 08:45:06;SN19011;measure;3,60;2,41;1,94;9568,0;918,4;301,9;81,8;94,4;94,4;50,3;18,9;31,5;12,6;0,0;0,0;0,0;0,0;0,0;0,0;0,0;0,0;0,0;0,0;0,0;0,0;0,0;0,0;177340907;19,1;28,5;41,5;2020-08-17 06:45:06;E10,897748;N48,366443;553,900;300;SW V1-11 (2020-06-17);2019-06-11 14:16:04;original set-up
2020-08-17 08:50:06;SN19011;measure;4,72;2,44;1,95;9340,9;958,9;368,3;139,7;146,1;76,2;44,5;31,8;25,4;12,7;6,4;0,0;6,4;0,0;0,0;0,0;0,0;0,0;0,0;0,0;0,0;0,0;0,0;0,0;177340907;19,3;28,5;41,4;2020-08-17 06:50:06;E10,897758;N48,366450;553,000;300;SW V1-11 (2020-06-17);2019-06-11 14:16:04;original set-up
2020-08-17 08:55:06;SN19011;measure;2,81;2,29;1,92;9745,5;987,4;211,6;32,1;96,2;51,3;51,3;19,2;19,2;0,0;0,0;0,0;0,0;0,0;0,0;0,0;0,0;0,0;0,0;0,0;0,0;0,0;0,0;0,0;177340907;18,9;28,5;41,5;2020-08-17 06:55:06;E10,897763;N48,366448;552,700;300;SW V1-11 (2020-06-17);2019-06-11 14:16:04;original set-up
2020-08-17 09:00:06;SN19011;measure;3,16;2,39;1,90;9633,0;831,9;254,0;57,2;139,7;88,9;69,9;19,1;12,7;0,0;6,4;0,0;0,0;0,0;0,0;0,0;0,0;0,0;0,0;0,0;0,0;0,0;0,0;0,0;177340907;18,9;28,5;41,6;2020-08-17 07:00:06;E10,897785;N48,366442;551,800;300;SW V1-11 (2020-06-17);2019-06-11 14:16:04;original set-up
2020-08-17 09:05:06;SN19011;measure;4,21;2,13;1,84;9303,1;942,5;288,5;64,1;121,8;51,3;32,1;12,8;6,4;6,4;12,8;12,8;0,0;0,0;0,0;0,0;0,0;0,0;0,0;0,0;0,0;0,0;0,0;0,0;177340907;18,9;28,4;41,9;2020-08-17 07:05:06;E10,897965;N48,366407;544,500;300;SW V1-11 (2020-06-17);2019-06-11 14:16:04;original set-up
2020-08-17 09:10:06;SN19011;measure;2,63;2,12;1,75;8998,1;841,2;236,8;99,7;130,9;68,5;31,2;37,4;0,0;6,2;0,0;0,0;0,0;0,0;0,0;0,0;0,0;0,0;0,0;0,0;0,0;0,0;0,0;0,0;177340907;18,8;28,3;42,2;2020-08-17 07:10:06;E10,897975;N48,366420;540,600;300;SW V1-11 (2020-06-17);2019-06-11 14:16:04;original set-up
2020-08-17 09:15:06;SN19011;measure;4,04;2,13;1,69;8992,3;876,4;342,9;127,0;184,2;88,9;50,8;12,7;25,4;12,7;6,4;0,0;6,4;0,0;0,0;0,0;6,4;0,0;0,0;0,0;0,0;0,0;0,0;0,0;177340907;18,2;28,2;42,5;2020-08-17 07:15:06;E10,898097;N48,366637;506,800;300;SW V1-11 (2020-06-17);2019-06-11 14:16:04;original set-up
2020-08-17 09:20:06;SN19011;measure;2,93;2,15;1,71;9282,3;1183,2;359,5;124,2;228,8;111,1;39,2;19,6;13,1;0,0;0,0;6,5;0,0;0,0;0,0;0,0;0,0;0,0;0,0;0,0;0,0;0,0;0,0;0,0;177340907;18,1;28,0;43,1;2020-08-17 07:20:06;E10,898073;N48,366677;502,000;300;SW V1-11 (2020-06-17);2019-06-11 14:16:04;original set-up
2020-08-17 09:25:06;SN19011;measure;3,07;2,19;1,73;9381,4;1221,4;415,9;165,0;171,7;85,8;59,4;19,8;19,8;13,2;0,0;0,0;0,0;0,0;0,0;6,6;0,0;0,0;0,0;0,0;0,0;0,0;0,0;0,0;177340907;18,2;27,7;44,4;2020-08-17 07:25:06;E10,898052;N48,366680;501,900;300;SW V1-11 (2020-06-17);2019-06-11 14:16:04;original set-up
