***begin of header***
date&time [local time];date&time [UTC];longitude [°];lattitude [°];height [m];PM10 [ug/m3];PM4 [ug/m3];PM2.5 [ug/m3];PM1 [ug/m3];0,25 µm;0,28 µm;0,30 µm;0,35 µm;0,40 µm;0,45 µm;0,50 µm;0,58 µm;0,65 µm;0,70 µm;0,80 µm;1,00 µm;1,30 µm;1,60 µm;2,00 µm;2,50 µm;3,00 µm;3,50 µm;4,00 µm;5,00 µm;6,50 µm;7,50 µm;8,50 µm;10,00 µm;12,50 µm;15,00 µm;17,50 µm;20,00 µm;25,00 µm;30,00 µm;32,00 µm;Temp. [°C]; humidity [%rH]; pressure [hPa];serial-No;software-version
***end of header***

2020-08-16 00:02:56;2020-08-15 22:02:36;E10,899806;N48,374250;H500,0;20,5;18,5;17,7;16,7;84363;64509;43165;22263;5252;1348;1115;277;115;127;105;69;30;36;32;14;6;7;4;1;1;0;1;0;0;0;0;0;0;0;0;19,0;86,9;NA;7H170026;SW V7-0 (2020-04-06)
2020-08-16 00:07:56;2020-08-15 22:07:36;E10,899806;N48,374250;H500,0;18,8;17,1;16,2;15,0;75305;56629;38754;20906;5222;1196;1050;243;105;118;105;79;32;37;36;23;7;5;4;3;0;1;0;0;0;0;0;0;0;0;0;19,0;87,7;NA;7H170026;SW V7-0 (2020-04-06)
2020-08-16 00:12:56;2020-08-15 22:12:37;E10,899806;N48,374250;H500,0;16,6;14,6;14,0;13,1;65790;47374;32982;19145;4700;1053;927;223;97;94;88;64;28;36;29;12;6;2;4;1;1;0;0;1;0;0;0;0;0;0;0;18,8;88,1;NA;7H170026;SW V7-0 (2020-04-06)
2020-08-16 00:17:56;2020-08-15 22:17:37;E10,899806;N48,374250;H500,0;14,5;14,0;13,4;12,7;63533;45142;31861;18921;4683;1163;1064;226;107;100;82;57;25;34;20;10;4;2;4;1;0;0;0;0;0;0;0;0;0;0;0;18,8;88,7;NA;7H170026;SW V7-0 (2020-04-06)
2020-08-16 00:22:56;2020-08-15 22:22:38;E10,899806;N48,374250;H500,0;14,9;13,8;13,2;12,4;61727;44252;31318;18959;4769;1182;1108;230;83;85;94;60;25;32;27;12;3;3;3;1;0;1;0;0;0;0;0;0;0;0;0;18,6;89,3;NA;7H170026;SW V7-0 (2020-04-06)
2020-08-16 00:27:56;2020-08-15 22:27:38;E10,899806;N48,374250;H500,0;14,6;13,6;13,1;12,3;61204;43486;30770;19078;4942;1205;1098;207;104;101;85;57;26;29;23;13;3;2;4;0;0;1;0;0;0;0;0;0;0;0;0;18,6;89,5;NA;7H170026;SW V7-0 (2020-04-06)
2020-08-16 00:32:56;2020-08-15 22:32:39;E10,899806;N48,374250;H500,0;15,2;13,7;13,1;12,3;60897;43170;30356;18903;4791;1104;1052;261;89;110;83;56;28;29;31;13;3;3;2;2;0;0;1;0;0;0;0;0;0;0;0;18,6;89,6;NA;7H170026;SW V7-0 (2020-04-06)
2020-08-16 00:37:56;2020-08-15 22:37:39;E10,899806;N48,374250;H500,0;14,8;14,2;13,6;12,8;63596;44812;31826;20063;5049;1236;1095;215;90;87;80;55;24;35;22;15;2;3;3;2;0;0;0;0;0;0;0;0;0;0;0;18,4;90,2;NA;7H170026;SW V7-0 (2020-04-06)
2020-08-16 00:42:56;2020-08-15 22:42:40;E10,899806;N48,374250;H500,0;15,3;14,3;13,7;12,9;63883;44782;31919;20445;5319;1301;1028;235;73;91;72;60;27;30;27;13;5;2;4;1;1;0;0;0;0;0;0;0;0;0;0;18,4;90,4;NA;7H170026;SW V7-0 (2020-04-06)
2020-08-16 00:47:56;2020-08-15 22:47:40;E10,899806;N48,374250;H500,0;15,5;14,4;13,8;13,0;64197;45619;32259;20778;5322;1296;1149;231;85;95;74;69;25;38;26;12;3;3;3;1;0;1;0;0;0;0;0;0;0;0;0;18,4;90,6;NA;7H170026;SW V7-0 (2020-04-06)
2020-08-16 00:52:56;2020-08-15 22:52:41;E10,899806;N48,374250;H500,0;16,2;14,3;13,7;13,0;64366;45335;32602;21013;5307;1299;1165;239;96;81;64;54;25;24;25;13;3;2;3;1;1;0;0;1;0;0;0;0;0;0;0;18,4;91,2;NA;7H170026;SW V7-0 (2020-04-06)
2020-08-16 00:57:56;2020-08-15 22:57:41;E10,899806;N48,374250;H500,0;14,2;13,9;13,5;12,7;63312;44653;31595;20297;5234;1239;1077;203;78;64;70;60;22;25;29;11;4;2;2;0;0;0;0;0;0;0;0;0;0;0;0;18,4;90,2;NA;7H170026;SW V7-0 (2020-04-06)
2020-08-16 01:02:56;2020-08-15 23:02:41;E10,899806;N48,374250;H500,0;16,0;14,2;13,8;13,1;64727;45747;32744;21326;5350;1291;1164;225;76;83;80;53;13;40;19;12;1;3;1;1;0;1;1;0;0;0;0;0;0;0;0;18,2;90,6;NA;7H170026;SW V7-0 (2020-04-06)
2020-08-16 01:07:56;2020-08-15 23:07:42;E10,899806;N48,374250;H500,0;14,8;14,3;13,7;12,9;63591;45018;32260;20763;5440;1309;1141;234;70;92;68;76;27;33;22;15;6;2;3;1;0;0;0;0;0;0;0;0;0;0;0;18,2;90,6;NA;7H170026;SW V7-0 (2020-04-06)
2020-08-16 01:12:56;2020-08-15 23:12:42;E10,899806;N48,374250;H500,0;15,0;14,3;13,9;13,0;64167;45243;32850;21489;5539;1383;1094;226;87;94;86;52;43;35;24;13;2;2;1;1;1;0;0;0;0;0;0;0;0;0;0;18,2;90,8;NA;7H170026;SW V7-0 (2020-04-06)
2020-08-16 01:17:56;2020-08-15 23:17:43;E10,899806;N48,374250;H500,0;15,2;14,4;13,9;13,2;64711;45842;32947;21785;5696;1409;1177;199;93;92;64;73;20;30;28;11;4;0;3;0;0;1;0;0;0;0;0;0;0;0;0;18,2;91,4;NA;7H170026;SW V7-0 (2020-04-06)
2020-08-16 01:22:56;2020-08-15 23:22:43;E10,899806;N48,374250;H500,0;16,0;14,7;14,3;13,8;67193;48508;35411;23462;6062;1535;1304;214;80;90;77;54;19;16;17;10;3;2;2;1;0;0;1;0;0;0;0;0;0;0;0;18,2;91,8;NA;7H170026;SW V7-0 (2020-04-06)
2020-08-16 01:27:56;2020-08-15 23:27:44;E10,899806;N48,374250;H500,0;15,8;15,0;14,5;13,8;67817;47995;34998;23228;6116;1485;1310;224;114;98;61;48;28;23;22;13;4;2;2;0;0;1;0;0;0;0;0;0;0;0;0;18,0;91,8;NA;7H170026;SW V7-0 (2020-04-06)
2020-08-16 01:32:56;2020-08-15 23:32:44;E10,899806;N48,374250;H500,0;16,5;15,7;15,1;14,3;69378;49916;37055;24392;6560;1629;1322;224;85;101;80;53;34;28;31;15;3;2;2;1;1;0;0;0;0;0;0;0;0;0;0;18,0;92,2;NA;7H170026;SW V7-0 (2020-04-06)
2020-08-16 01:37:57;2020-08-15 23:37:45;E10,899806;N48,374250;H500,0;16,9;15,2;14,7;14,0;67880;49468;36128;24099;6450;1507;1286;263;91;89;65;71;26;31;18;11;2;2;4;2;0;0;0;1;0;0;0;0;0;0;0;18,0;92,6;NA;7H170026;SW V7-0 (2020-04-06)
2020-08-16 01:42:57;2020-08-15 23:42:45;E10,899806;N48,374250;H500,0;16,1;15,2;14,8;14,1;68686;50112;36415;24718;6509;1670;1361;204;77;86;75;51;18;29;22;9;4;1;3;0;0;1;0;0;0;0;0;0;0;0;0;18,0;92,4;NA;7H170026;SW V7-0 (2020-04-06)
2020-08-16 01:47:57;2020-08-15 23:47:45;E10,899806;N48,374250;H500,0;16,5;15,6;15,0;14,3;68727;50594;37443;25434;6666;1580;1355;246;81;106;72;53;30;37;21;13;3;4;0;2;1;0;0;0;0;0;0;0;0;0;0;18,0;92,6;NA;7H170026;SW V7-0 (2020-04-06)
2020-08-16 01:52:57;2020-08-15 23:52:46;E10,899806;N48,374250;H500,0;16,7;15,5;14,9;14,1;67992;50036;37078;24966;6713;1569;1413;246;75;78;61;49;36;29;29;12;4;1;5;1;0;1;0;0;0;0;0;0;0;0;0;17,8;92,4;NA;7H170026;SW V7-0 (2020-04-06)
2020-08-16 01:57:57;2020-08-15 23:57:46;E10,899806;N48,374250;H500,0;17,8;16,2;15,5;14,5;70105;51915;38134;25497;6853;1655;1411;236;87;106;68;57;23;22;37;17;5;3;3;2;0;0;1;0;0;0;0;0;0;0;0;17,8;93,0;NA;7H170026;SW V7-0 (2020-04-06)
2020-08-16 02:02:57;2020-08-16 00:02:47;E10,899806;N48,374250;H500,0;16,7;16,0;15,5;14,9;71917;52858;38727;26463;6995;1762;1431;252;86;99;81;49;27;23;20;9;3;3;3;0;1;0;0;0;0;0;0;0;0;0;0;17,8;93,0;NA;7H170026;SW V7-0 (2020-04-06)
2020-08-16 02:07:57;2020-08-16 00:07:47;E10,899806;N48,374250;H500,0;17,0;16,3;15,8;14,9;71899;53466;39582;26404;7177;1796;1454;256;82;86;84;58;22;29;30;12;3;4;2;2;0;0;0;0;0;0;0;0;0;0;0;17,8;93,4;NA;7H170026;SW V7-0 (2020-04-06)
2020-08-16 02:12:57;2020-08-16 00:12:48;E10,899806;N48,374250;H500,0;17,6;16,1;15,6;14,8;71617;52583;38937;26447;6889;1746;1370;215;84;95;75;61;20;33;22;10;5;1;5;0;0;0;1;0;1;0;0;0;0;0;0;17,8;93,4;NA;7H170026;SW V7-0 (2020-04-06)
2020-08-16 02:17:57;2020-08-16 00:17:48;E10,899806;N48,374250;H500,0;16,5;15,7;15,3;14,5;69955;52024;38207;25978;6950;1715;1400;199;76;111;68;56;16;27;24;14;2;3;1;1;1;0;0;0;0;0;0;0;0;0;0;17,6;93,2;NA;7H170026;SW V7-0 (2020-04-06)
2020-08-16 02:22:57;2020-08-16 00:22:49;E10,899806;N48,374250;H500,0;16,4;16,0;15,5;14,8;71066;52751;39443;26818;7012;1835;1415;265;86;95;80;42;26;26;27;11;3;1;2;1;0;0;0;0;0;0;0;0;0;0;0;17,6;93,4;NA;7H170026;SW V7-0 (2020-04-06)
2020-08-16 02:27:57;2020-08-16 00:27:49;E10,899806;N48,374250;H500,0;17,2;16,1;15,5;14,6;69986;52054;38844;26198;7046;1731;1537;271;91;85;73;59;29;32;31;13;4;2;3;1;0;1;0;0;0;0;0;0;0;0;0;17,6;93,6;NA;7H170026;SW V7-0 (2020-04-06)
2020-08-16 02:32:57;2020-08-16 00:32:50;E10,899806;N48,374250;H500,0;17,3;15,8;15,3;14,5;69655;51216;38632;25971;6925;1716;1458;254;88;92;74;60;25;32;24;11;4;3;2;0;1;0;1;0;0;0;0;0;0;0;0;17,4;93,8;NA;7H170026;SW V7-0 (2020-04-06)
2020-08-16 02:37:57;2020-08-16 00:37:50;E10,899806;N48,374250;H500,0;16,4;15,6;15,1;14,3;68884;51043;38021;25667;7058;1663;1408;267;82;95;63;50;21;22;28;15;3;1;2;1;1;0;0;0;0;0;0;0;0;0;0;17,4;93,9;NA;7H170026;SW V7-0 (2020-04-06)
2020-08-16 02:42:57;2020-08-16 00:42:50;E10,899806;N48,374250;H500,0;15,6;15,4;15,0;14,4;68939;50828;38067;25479;6870;1711;1434;236;100;97;92;48;17;35;20;10;4;1;2;0;0;0;0;0;0;0;0;0;0;0;0;17,4;94,1;NA;7H170026;SW V7-0 (2020-04-06)
2020-08-16 02:47:57;2020-08-16 00:47:51;E10,899806;N48,374250;H500,0;16,5;15,7;15,3;14,4;68942;51256;38520;26213;7099;1735;1395;237;80;119;65;52;33;29;31;13;3;2;1;1;1;0;0;0;0;0;0;0;0;0;0;17,4;94,3;NA;7H170026;SW V7-0 (2020-04-06)
2020-08-16 02:52:57;2020-08-16 00:52:51;E10,899806;N48,374250;H500,0;17,0;15,8;15,2;14,4;68855;51101;38368;25690;6983;1771;1388;248;103;87;67;49;28;27;23;15;4;4;2;2;0;1;0;0;0;0;0;0;0;0;0;17,4;94,1;NA;7H170026;SW V7-0 (2020-04-06)
2020-08-16 02:57:58;2020-08-16 00:57:52;E10,899806;N48,374250;H500,0;16,0;15,6;15,3;14,6;69902;51590;38661;26440;6963;1788;1482;268;78;99;84;52;24;29;22;7;4;1;2;1;0;0;0;0;0;0;0;0;0;0;0;17,4;94,1;NA;7H170026;SW V7-0 (2020-04-06)
2020-08-16 03:02:58;2020-08-16 01:02:52;E10,899806;N48,374250;H500,0;17,7;16,0;15,4;14,6;69369;51871;38957;26453;7193;1807;1482;242;103;99;84;55;33;34;25;16;4;3;2;0;1;0;0;1;0;0;0;0;0;0;0;17,4;94,3;NA;7H170026;SW V7-0 (2020-04-06)
2020-08-16 03:07:58;2020-08-16 01:07:53;E10,899806;N48,374250;H500,0;16,4;15,9;15,4;14,5;69358;51457;38354;26253;7013;1785;1437;257;86;108;79;63;29;31;25;16;3;2;3;1;0;0;0;0;0;0;0;0;0;0;0;17,4;94,5;NA;7H170026;SW V7-0 (2020-04-06)
2020-08-16 03:12:58;2020-08-16 01:12:53;E10,899806;N48,374250;H500,0;16,4;15,5;15,1;14,3;68991;50574;37820;25736;6789;1712;1391;227;81;77;92;58;15;35;22;10;3;2;3;0;0;1;0;0;0;0;0;0;0;0;0;17,2;94,5;NA;7H170026;SW V7-0 (2020-04-06)
2020-08-16 03:17:58;2020-08-16 01:17:54;E10,899806;N48,374250;H500,0;16,7;15,7;15,2;14,4;69066;51104;38094;25803;7021;1730;1374;234;96;99;73;51;25;29;23;16;3;2;2;2;1;0;0;0;0;0;0;0;0;0;0;17,2;94,3;NA;7H170026;SW V7-0 (2020-04-06)
2020-08-16 03:22:58;2020-08-16 01:22:54;E10,899806;N48,374250;H500,0;17,0;15,6;15,1;14,3;68605;51409;37867;25385;6863;1723;1372;231;83;77;75;55;27;35;26;11;4;1;2;2;0;0;1;0;0;0;0;0;0;0;0;17,0;94,3;NA;7H170026;SW V7-0 (2020-04-06)
2020-08-16 03:27:58;2020-08-16 01:27:54;E10,899806;N48,374250;H500,0;16,5;15,7;15,2;14,5;69127;51889;38449;25957;6923;1790;1515;242;95;76;78;66;34;30;22;13;4;1;2;1;1;0;0;0;0;0;0;0;0;0;0;17,0;94,5;NA;7H170026;SW V7-0 (2020-04-06)
2020-08-16 03:32:58;2020-08-16 01:32:55;E10,899806;N48,374250;H500,0;16,7;15,8;15,2;14,5;69407;51392;38169;26207;7055;1749;1519;227;91;81;75;52;20;30;22;13;5;2;3;0;0;1;0;0;0;0;0;0;0;0;0;17,0;94,5;NA;7H170026;SW V7-0 (2020-04-06)
2020-08-16 03:37:58;2020-08-16 01:37:55;E10,899806;N48,374250;H500,0;15,5;15,2;14,8;14,3;68509;51429;37898;25726;6877;1800;1426;220;79;77;63;51;28;19;14;10;4;2;0;1;0;0;0;0;0;0;0;0;0;0;0;17,0;94,7;NA;7H170026;SW V7-0 (2020-04-06)
2020-08-16 03:42:58;2020-08-16 01:42:56;E10,899806;N48,374250;H500,0;16,5;15,9;15,3;14,5;69287;51949;38858;26076;7056;1713;1393;222;87;82;88;58;22;30;26;16;5;1;4;1;0;0;0;0;0;0;0;0;0;0;0;17,0;94,9;NA;7H170026;SW V7-0 (2020-04-06)
2020-08-16 03:47:58;2020-08-16 01:47:56;E10,899806;N48,374250;H500,0;16,4;15,8;15,3;14,4;68964;51424;38091;25603;6845;1675;1385;245;78;107;91;56;26;32;34;12;2;4;2;0;1;0;0;0;0;0;0;0;0;0;0;17,0;95,1;NA;7H170026;SW V7-0 (2020-04-06)
2020-08-16 03:52:58;2020-08-16 01:52:57;E10,899806;N48,374250;H500,0;16,0;15,2;14,9;14,3;68968;51646;37548;25652;6920;1711;1422;218;78;85;68;58;21;25;18;6;2;2;2;0;0;1;0;0;0;0;0;0;0;0;0;16,8;94,9;NA;7H170026;SW V7-0 (2020-04-06)
2020-08-16 03:57:58;2020-08-16 01:57:57;E10,899806;N48,374250;H500,0;16,5;16,0;15,5;14,8;70841;53091;39534;26708;7363;1827;1501;263;90;91;72;52;22;27;23;11;4;2;1;2;0;0;0;0;0;0;0;0;0;0;0;16,8;95,1;NA;7H170026;SW V7-0 (2020-04-06)
2020-08-16 04:02:58;2020-08-16 02:02:58;E10,899806;N48,374250;H500,0;17,0;16,5;16,0;15,3;73150;55209;41042;27914;7637;1890;1505;255;83;102;81;61;28;17;19;10;3;2;4;1;0;0;0;0;0;0;0;0;0;0;0;16,8;95,1;NA;7H170026;SW V7-0 (2020-04-06)
2020-08-16 04:07:58;2020-08-16 02:07:58;E10,899806;N48,374250;H500,0;18,4;16,7;16,2;15,5;73352;55040;41371;28465;7976;2005;1598;271;82;81;71;71;24;32;23;11;3;2;2;1;1;0;1;0;0;0;0;0;0;0;0;16,8;95,5;NA;7H170026;SW V7-0 (2020-04-06)
2020-08-16 04:12:58;2020-08-16 02:12:58;E10,899806;N48,374250;H500,0;17,8;16,8;16,2;15,3;72907;54522;41035;28097;7775;1910;1561;284;89;101;68;49;14;37;30;16;3;2;3;1;0;1;0;0;0;0;0;0;0;0;0;16,8;95,7;NA;7H170026;SW V7-0 (2020-04-06)
2020-08-16 04:17:58;2020-08-16 02:16:59;E10,899806;N48,374250;H500,0;16,9;16,3;15,8;15,1;71892;54253;40814;27969;7494;1933;1488;243;95;101;69;55;23;26;22;13;3;2;2;0;1;0;0;0;0;0;0;0;0;0;0;16,6;95,5;NA;7H170026;SW V7-0 (2020-04-06)
2020-08-16 04:22:59;2020-08-16 02:21:59;E10,899806;N48,374250;H500,0;16,2;15,8;15,4;14,7;70549;53152;39650;26634;7220;1805;1442;241;88;83;72;46;22;23;26;12;2;1;2;1;0;0;0;0;0;0;0;0;0;0;0;16,6;95,5;NA;7H170026;SW V7-0 (2020-04-06)
2020-08-16 04:27:59;2020-08-16 02:27:00;E10,899806;N48,374250;H500,0;16,4;15,9;15,5;14,7;70407;53058;39031;26605;7248;1794;1457;237;81;100;57;42;28;26;28;12;4;3;1;1;0;0;0;0;0;0;0;0;0;0;0;16,6;95,7;NA;7H170026;SW V7-0 (2020-04-06)
2020-08-16 04:32:59;2020-08-16 02:32:00;E10,899806;N48,374250;H500,0;16,4;15,6;15,2;14,5;69407;51811;38696;26516;7386;1796;1444;222;73;83;65;51;24;16;30;11;2;1;2;0;0;1;0;0;0;0;0;0;0;0;0;16,6;95,5;NA;7H170026;SW V7-0 (2020-04-06)
2020-08-16 04:37:59;2020-08-16 02:37:01;E10,899806;N48,374250;H500,0;16,3;16,0;15,6;14,9;70990;53136;39964;27613;7424;1941;1539;267;74;94;85;49;27;25;21;11;4;1;1;1;0;0;0;0;0;0;0;0;0;0;0;16,4;95,7;NA;7H170026;SW V7-0 (2020-04-06)
2020-08-16 04:42:59;2020-08-16 02:42:01;E10,899806;N48,374250;H500,0;17,0;16,5;15,9;15,1;70905;53810;41380;28677;7947;1981;1564;257;70;82;86;57;26;31;28;12;4;3;3;1;0;0;0;0;0;0;0;0;0;0;0;16,6;96,3;NA;7H170026;SW V7-0 (2020-04-06)
2020-08-16 04:47:59;2020-08-16 02:47:01;E10,899806;N48,374250;H500,0;17,1;16,4;15,9;15,1;70803;54021;41651;29314;8188;2134;1705;237;52;99;69;57;23;35;21;13;3;2;3;0;1;0;0;0;0;0;0;0;0;0;0;16,6;96,3;NA;7H170026;SW V7-0 (2020-04-06)
2020-08-16 04:52:59;2020-08-16 02:52:02;E10,899806;N48,374250;H500,0;17,6;16,5;16,0;15,2;71016;54008;41622;29596;8426;2133;1690;275;81;86;75;59;16;30;24;16;2;3;2;0;0;0;1;0;0;0;0;0;0;0;0;16,6;96,1;NA;7H170026;SW V7-0 (2020-04-06)
2020-08-16 04:57:59;2020-08-16 02:57:02;E10,899806;N48,374250;H500,0;17,3;16,4;15,9;15,3;70723;54408;42307;30337;8762;2253;1787;295;77;112;71;45;23;20;20;8;5;2;3;0;0;1;0;0;0;0;0;0;0;0;0;16,6;96,7;NA;7H170026;SW V7-0 (2020-04-06)
2020-08-16 05:02:59;2020-08-16 03:02:03;E10,899806;N48,374250;H500,0;17,2;16,7;16,2;15,4;70822;54750;42967;30690;8928;2334;1814;286;99;95;81;54;25;22;27;14;4;3;2;1;0;0;0;0;0;0;0;0;0;0;0;16,8;96,5;NA;7H170026;SW V7-0 (2020-04-06)
2020-08-16 05:07:59;2020-08-16 03:07:03;E10,899806;N48,374250;H500,0;17,8;17,0;16,4;15,5;71164;55156;43139;31616;9126;2385;1939;276;77;95;59;47;30;30;31;17;5;1;2;1;1;0;0;0;0;0;0;0;0;0;0;16,6;96,1;NA;7H170026;SW V7-0 (2020-04-06)
2020-08-16 05:12:59;2020-08-16 03:12:04;E10,899806;N48,374250;H500,0;17,7;16,7;16,2;15,5;70665;55008;43897;31979;9376;2547;1923;298;102;95;55;52;23;27;20;10;3;3;2;1;0;1;0;0;0;0;0;0;0;0;0;16,6;96,1;NA;7H170026;SW V7-0 (2020-04-06)
2020-08-16 05:17:59;2020-08-16 03:17:04;E10,899806;N48,374250;H500,0;18,9;17,0;16,5;15,7;70639;55902;44314;32909;9661;2601;1954;291;92;98;76;53;20;33;24;15;5;2;2;1;1;0;0;1;0;0;0;0;0;0;0;16,6;96,1;NA;7H170026;SW V7-0 (2020-04-06)
2020-08-16 05:22:59;2020-08-16 03:22:05;E10,899806;N48,374250;H500,0;17,3;17,0;16,5;15,8;71121;55612;45326;33438;9711;2634;2060;318;91;94;78;42;35;35;18;10;1;3;4;0;0;0;0;0;0;0;0;0;0;0;0;16,6;96,3;NA;7H170026;SW V7-0 (2020-04-06)
2020-08-16 05:27:59;2020-08-16 03:27:05;E10,899806;N48,374250;H500,0;18,9;17,8;17,1;16,2;72115;56901;46761;34728;10233;2976;2291;295;100;96;93;60;20;25;35;16;6;2;3;1;0;1;0;0;0;0;0;0;0;0;0;16,4;96,1;NA;7H170026;SW V7-0 (2020-04-06)
2020-08-16 05:32:59;2020-08-16 03:32:05;E10,899806;N48,374250;H500,0;18,8;17,9;17,2;16,4;72465;57563;46837;35743;10524;2993;2309;341;108;89;71;60;30;22;26;20;6;3;2;1;1;0;0;0;0;0;0;0;0;0;0;16,6;96,7;NA;7H170026;SW V7-0 (2020-04-06)
2020-08-16 05:37:59;2020-08-16 03:37:06;E10,899806;N48,374250;H500,0;20,0;18,2;17,6;16,8;73224;58421;48926;37670;11602;3165;2446;343;90;90;64;52;21;27;30;15;4;1;4;1;1;0;1;0;0;0;0;0;0;0;0;16,6;96,9;NA;7H170026;SW V7-0 (2020-04-06)
2020-08-16 05:42:59;2020-08-16 03:42:06;E10,899806;N48,374250;H500,0;18,6;18,1;17,7;17,0;73689;59329;49698;38512;11835;3373;2589;351;124;85;98;63;33;24;23;9;3;2;2;1;0;0;0;0;0;0;0;0;0;0;0;16,8;96,9;NA;7H170026;SW V7-0 (2020-04-06)
2020-08-16 05:47:59;2020-08-16 03:47:07;E10,899806;N48,374250;H500,0;19,6;18,4;17,9;17,0;73770;59249;49671;38974;11752;3441;2641;322;101;98;66;56;28;32;24;16;5;2;1;1;0;0;1;0;0;0;0;0;0;0;0;16,8;96,5;NA;7H170026;SW V7-0 (2020-04-06)
2020-08-16 05:52:59;2020-08-16 03:52:07;E10,899806;N48,374250;H500,0;18,8;18,3;17,8;17,0;73456;59762;49710;38810;11947;3467;2647;363;83;90;66;55;16;34;24;14;3;1;4;1;0;0;0;0;0;0;0;0;0;0;0;16,8;96,3;NA;7H170026;SW V7-0 (2020-04-06)
2020-08-16 05:57:59;2020-08-16 03:57:08;E10,899806;N48,374250;H500,0;19,0;18,1;17,7;17,0;73910;59233;49735;39044;12056;3473;2618;316;84;86;57;47;29;21;20;12;2;3;2;0;0;1;0;0;0;0;0;0;0;0;0;16,6;95,9;NA;7H170026;SW V7-0 (2020-04-06)
2020-08-16 06:02:59;2020-08-16 04:02:08;E10,899806;N48,374250;H500,0;18,5;18,1;17,8;17,1;73890;59647;50096;39308;11951;3514;2722;344;83;77;63;52;22;23;23;9;4;2;1;1;0;0;0;0;0;0;0;0;0;0;0;16,6;95,9;NA;7H170026;SW V7-0 (2020-04-06)
2020-08-16 06:07:59;2020-08-16 04:07:09;E10,899806;N48,374250;H500,0;19,0;18,0;17,5;16,8;72855;59135;48876;38231;11772;3328;2574;344;100;80;66;42;27;26;23;14;3;1;2;1;0;1;0;0;0;0;0;0;0;0;0;16,4;95,9;NA;7H170026;SW V7-0 (2020-04-06)
2020-08-16 06:12:59;2020-08-16 04:12:09;E10,899806;N48,374250;H500,0;18,2;17,9;17,5;16,8;73133;58597;48965;38168;11769;3356;2601;361;98;88;60;47;20;18;24;12;1;3;1;1;0;0;0;0;0;0;0;0;0;0;0;16,4;96,3;NA;7H170026;SW V7-0 (2020-04-06)
2020-08-16 06:18:00;2020-08-16 04:17:09;E10,899806;N48,374250;H500,0;18,5;17,9;17,5;16,8;73168;58096;48619;37794;11810;3393;2648;349;93;87;49;60;30;27;18;12;4;0;2;0;1;0;0;0;0;0;0;0;0;0;0;16,2;96,1;NA;7H170026;SW V7-0 (2020-04-06)
2020-08-16 06:23:00;2020-08-16 04:22:10;E10,899806;N48,374250;H500,0;18,3;17,9;17,5;16,9;73190;58916;49573;38661;12128;3492;2622;340;74;93;67;37;15;24;18;10;2;3;1;1;0;0;0;0;0;0;0;0;0;0;0;16,2;96,1;NA;7H170026;SW V7-0 (2020-04-06)
2020-08-16 06:28:00;2020-08-16 04:27:10;E10,899806;N48,374250;H500,0;18,3;17,9;17,5;16,8;72790;58341;49131;38100;11615;3488;2745;345;89;75;77;48;19;29;26;10;2;1;2;1;0;0;0;0;0;0;0;0;0;0;0;16,2;96,3;NA;7H170026;SW V7-0 (2020-04-06)
2020-08-16 06:33:00;2020-08-16 04:32:11;E10,899806;N48,374250;H500,0;18,8;18,0;17,5;16,8;73299;58688;48685;38032;11891;3380;2611;340;85;76;60;52;21;23;18;12;3;4;2;0;0;1;0;0;0;0;0;0;0;0;0;16,1;96,1;NA;7H170026;SW V7-0 (2020-04-06)
2020-08-16 06:38:00;2020-08-16 04:37:11;E10,899806;N48,374250;H500,0;19,8;18,3;17,8;16,9;73251;58595;49013;38105;11990;3461;2718;380;86;79;68;55;19;32;29;17;2;3;1;2;0;0;1;0;0;0;0;0;0;0;0;16,1;96,3;NA;7H170026;SW V7-0 (2020-04-06)
2020-08-16 06:43:00;2020-08-16 04:42:12;E10,899806;N48,374250;H500,0;18,3;18,0;17,6;17,0;73354;58789;49184;38545;11992;3699;2901;373;93;77;79;47;18;28;17;9;3;2;3;0;0;0;0;0;0;0;0;0;0;0;0;16,2;96,9;NA;7H170026;SW V7-0 (2020-04-06)
2020-08-16 06:48:00;2020-08-16 04:47:12;E10,899806;N48,374250;H500,0;18,8;18,1;17,6;16,8;72832;58405;48613;38140;11857;3424;2815;346;111;87;67;40;25;23;22;16;3;3;1;1;1;0;0;0;0;0;0;0;0;0;0;16,2;96,5;NA;7H170026;SW V7-0 (2020-04-06)
2020-08-16 06:53:00;2020-08-16 04:52:13;E10,899806;N48,374250;H500,0;18,5;18,1;17,7;17,0;73326;58752;49055;38216;12086;3621;2774;386;107;86;66;60;19;33;22;6;4;1;3;1;0;0;0;0;0;0;0;0;0;0;0;16,4;97,3;NA;7H170026;SW V7-0 (2020-04-06)
2020-08-16 06:58:00;2020-08-16 04:57:13;E10,899806;N48,374250;H500,0;19,2;18,6;18,1;17,2;73959;59521;49701;39506;12410;3782;2991;372;89;90;71;48;22;23;38;14;2;3;3;1;0;0;0;0;0;0;0;0;0;0;0;16,6;96,9;NA;7H170026;SW V7-0 (2020-04-06)
2020-08-16 07:03:00;2020-08-16 05:02:13;E10,899806;N48,374250;H500,0;18,9;18,5;18,0;17,3;74106;59371;50031;39668;12605;3687;2979;398;94;82;84;49;26;33;19;11;6;1;2;1;0;0;0;0;0;0;0;0;0;0;0;16,8;97,1;NA;7H170026;SW V7-0 (2020-04-06)
2020-08-16 07:08:00;2020-08-16 05:07:14;E10,899806;N48,374250;H500,0;19,2;18,7;18,2;17,4;74234;59493;50416;40141;12749;3739;2910;373;103;101;72;73;23;23;33;14;5;3;1;1;0;0;0;0;0;0;0;0;0;0;0;17,0;96,5;NA;7H170026;SW V7-0 (2020-04-06)
2020-08-16 07:13:00;2020-08-16 05:12:14;E10,899806;N48,374250;H500,0;19,8;18,8;18,2;17,4;74902;60132;49688;39955;12614;3757;3023;394;105;83;44;53;18;27;25;16;3;4;2;1;0;1;0;0;0;0;0;0;0;0;0;17,2;96,1;NA;7H170026;SW V7-0 (2020-04-06)
2020-08-16 07:18:00;2020-08-16 05:17:15;E10,899806;N48,374250;H500,0;19,7;19,0;18,5;17,6;75058;60384;50939;40911;13109;4131;3176;403;110;97;63;41;22;30;30;14;3;3;3;0;1;0;0;0;0;0;0;0;0;0;0;17,2;95,3;NA;7H170026;SW V7-0 (2020-04-06)
2020-08-16 07:23:00;2020-08-16 05:22:15;E10,899806;N48,374250;H500,0;19,8;19,3;18,7;17,9;75474;59990;51700;42302;13678;4235;3391;434;119;112;74;60;19;30;26;14;3;3;3;1;0;0;0;0;0;0;0;0;0;0;0;17,2;94,9;NA;7H170026;SW V7-0 (2020-04-06)
2020-08-16 07:28:00;2020-08-16 05:27:16;E10,899806;N48,374250;H500,0;19,3;19,0;18,5;17,8;74670;59952;51012;41808;13510;4289;3323;470;89;75;82;73;22;24;23;14;2;2;4;0;0;0;0;0;0;0;0;0;0;0;0;17,4;94,9;NA;7H170026;SW V7-0 (2020-04-06)
2020-08-16 07:33:00;2020-08-16 05:32:16;E10,899806;N48,374250;H500,0;19,3;18,8;18,3;17,5;74673;59410;50339;40397;13100;4007;3097;411;112;102;76;52;26;25;25;16;3;3;2;1;0;0;0;0;0;0;0;0;0;0;0;17,4;94,7;NA;7H170026;SW V7-0 (2020-04-06)
2020-08-16 07:38:01;2020-08-16 05:37:17;E10,899806;N48,374250;H500,0;20,2;19,2;18,5;17,7;75373;60078;50766;40579;13191;4079;3158;442;128;107;64;57;21;28;25;14;7;2;4;1;1;0;0;0;0;0;0;0;0;0;0;17,4;94,5;NA;7H170026;SW V7-0 (2020-04-06)
2020-08-16 07:43:01;2020-08-16 05:42:17;E10,899806;N48,374250;H500,0;20,8;19,2;18,7;17,8;75162;59935;50819;41341;13416;4264;3410;452;119;105;84;61;29;28;25;17;6;2;1;2;0;0;0;1;0;0;0;0;0;0;0;17,4;94,5;NA;7H170026;SW V7-0 (2020-04-06)
2020-08-16 07:48:01;2020-08-16 05:47:17;E10,899806;N48,374250;H500,0;20,0;19,5;19,0;18,2;75855;60255;51509;42585;14264;4599;3741;491;108;89;88;77;18;28;29;10;5;3;2;1;0;0;0;0;0;0;0;0;0;0;0;17,4;94,3;NA;7H170026;SW V7-0 (2020-04-06)
2020-08-16 07:53:01;2020-08-16 05:52:18;E10,899806;N48,374250;H500,0;20,6;19,6;18,9;18,0;75367;59329;51257;41718;14184;4510;3777;496;119;119;76;58;27;27;28;18;5;3;4;0;0;1;0;0;0;0;0;0;0;0;0;17,6;93,8;NA;7H170026;SW V7-0 (2020-04-06)
2020-08-16 07:58:01;2020-08-16 05:57:18;E10,899806;N48,374250;H500,0;19,8;19,2;18,6;17,8;74746;58712;49976;41441;14000;4429;3632;502;130;85;78;64;31;26;21;12;8;2;2;2;0;0;0;0;0;0;0;0;0;0;0;17,8;93,4;NA;7H170026;SW V7-0 (2020-04-06)
2020-08-16 08:03:01;2020-08-16 06:02:19;E10,899806;N48,374250;H500,0;20,2;19,3;18,6;17,8;75156;58158;49453;40948;13520;4406;3612;494;107;110;73;71;22;40;27;12;4;2;4;1;1;0;0;0;0;0;0;0;0;0;0;17,8;93,0;NA;7H170026;SW V7-0 (2020-04-06)
2020-08-16 08:08:01;2020-08-16 06:07:19;E10,899806;N48,374250;H500,0;19,2;18,6;18,1;17,1;73154;56555;47617;38340;12827;4217;3410;471;118;98;75;62;19;38;29;18;4;2;1;2;0;0;0;0;0;0;0;0;0;0;0;18,0;92,6;NA;7H170026;SW V7-0 (2020-04-06)
2020-08-16 08:13:01;2020-08-16 06:12:20;E10,899806;N48,374250;H500,0;19,4;18,3;17,7;16,9;72757;55609;46262;37404;12170;3953;3245;443;100;105;84;61;25;33;24;16;3;1;4;1;0;1;0;0;0;0;0;0;0;0;0;18,2;91,2;NA;7H170026;SW V7-0 (2020-04-06)
2020-08-16 08:18:01;2020-08-16 06:17:20;E10,899806;N48,374250;H500,0;18,6;18,0;17,4;16,5;70657;54703;45134;36949;12109;3844;3199;483;133;106;73;67;29;33;32;16;4;3;3;1;0;0;0;0;0;0;0;0;0;0;0;18,4;90,6;NA;7H170026;SW V7-0 (2020-04-06)
2020-08-16 08:23:01;2020-08-16 06:22:21;E10,899806;N48,374250;H500,0;18,6;18,1;17,5;16,6;71121;54752;45834;36904;12040;3799;3271;453;136;96;73;80;28;29;30;16;6;1;3;1;0;0;0;0;0;0;0;0;0;0;0;18,4;89,5;NA;7H170026;SW V7-0 (2020-04-06)
2020-08-16 08:28:01;2020-08-16 06:27:21;E10,899806;N48,374250;H500,0;18,7;18,0;17,4;16,6;71392;54893;46030;37098;11942;3990;3258;476;113;106;73;65;23;29;25;14;3;3;3;0;1;0;0;0;0;0;0;0;0;0;0;18,8;88,3;NA;7H170026;SW V7-0 (2020-04-06)
2020-08-16 08:33:01;2020-08-16 06:32:22;E10,899806;N48,374250;H500,0;19,6;18,1;17,4;16,5;70724;54472;45646;36981;12108;3827;3205;435;110;123;81;61;24;32;32;13;4;4;4;1;0;0;1;0;0;0;0;0;0;0;0;18,8;87,7;NA;7H170026;SW V7-0 (2020-04-06)
2020-08-16 08:38:01;2020-08-16 06:37:22;E10,899806;N48,374250;H500,0;18,4;17,6;17,1;16,4;70683;54222;44773;36586;11882;3747;3155;431;97;101;76;60;30;29;18;15;4;1;1;3;0;0;0;0;0;0;0;0;0;0;0;19,0;87,3;NA;7H170026;SW V7-0 (2020-04-06)
2020-08-16 08:43:01;2020-08-16 06:42:22;E10,899806;N48,374250;H500,0;18,8;17,8;17,2;16,4;70616;53889;45225;36264;11743;3788;3055;461;112;92;86;62;23;32;28;14;4;3;4;0;0;1;0;0;0;0;0;0;0;0;0;19,2;87,5;NA;7H170026;SW V7-0 (2020-04-06)
2020-08-16 08:48:01;2020-08-16 06:47:23;E10,899806;N48,374250;H500,0;18,9;18,1;17,3;16,4;70502;53783;45005;35977;11942;3861;3151;441;127;93;79;56;26;33;32;17;4;3;5;2;0;0;0;0;0;0;0;0;0;0;0;19,2;86,5;NA;7H170026;SW V7-0 (2020-04-06)
2020-08-16 08:53:02;2020-08-16 06:52:23;E10,899806;N48,374250;H500,0;18,2;17,5;16,9;16,1;69304;52571;44292;35838;11920;3644;3114;441;104;111;80;60;25;36;26;7;3;2;5;2;0;0;0;0;0;0;0;0;0;0;0;19,6;85,9;NA;7H170026;SW V7-0 (2020-04-06)
2020-08-16 08:58:02;2020-08-16 06:57:24;E10,899806;N48,374250;H500,0;19,7;17,7;16,9;15,8;67873;52292;43382;35371;11547;3722;3144;422;111;111;86;58;25;32;41;19;7;4;3;1;1;0;0;1;0;0;0;0;0;0;0;19,8;85,0;NA;7H170026;SW V7-0 (2020-04-06)
2020-08-16 09:03:02;2020-08-16 07:02:24;E10,899806;N48,374250;H500,0;18,2;16,9;16,2;15,4;66724;50515;41937;33958;10835;3437;2981;357;116;108;72;61;23;42;23;13;3;1;5;2;0;1;0;0;0;0;0;0;0;0;0;20,0;84,0;NA;7H170026;SW V7-0 (2020-04-06)
2020-08-16 09:08:02;2020-08-16 07:07:25;E10,899806;N48,374250;H500,0;19,7;17,0;16,2;15,1;65426;49587;41418;33138;10932;3432;2933;390;125;110;64;54;32;46;34;15;5;5;2;3;2;0;1;0;1;0;0;0;0;0;0;20,2;83,2;NA;7H170026;SW V7-0 (2020-04-06)
2020-08-16 09:13:02;2020-08-16 07:12:25;E10,899806;N48,374250;H500,0;17,7;17,0;16,3;15,3;65169;49962;42145;34377;11463;3667;3181;414;107;88;90;53;35;32;30;18;5;3;5;1;0;0;0;0;0;0;0;0;0;0;0;20,4;82,8;NA;7H170026;SW V7-0 (2020-04-06)
2020-08-16 09:18:02;2020-08-16 07:17:26;E10,899806;N48,374250;H500,0;17,9;16,8;16,2;15,4;64851;49421;42256;34627;11762;3772;3271;431;119;124;88;74;27;27;24;15;6;3;2;1;0;1;0;0;0;0;0;0;0;0;0;20,5;81,4;NA;7H170026;SW V7-0 (2020-04-06)
2020-08-16 09:23:02;2020-08-16 07:22:26;E10,899806;N48,374250;H500,0;17,5;16,3;15,7;14,8;63282;47629;40251;32486;10745;3519;3105;447;114;114;71;68;20;30;27;18;4;4;3;1;0;1;0;0;0;0;0;0;0;0;0;20,7;81,1;NA;7H170026;SW V7-0 (2020-04-06)
2020-08-16 09:28:02;2020-08-16 07:27:27;E10,899806;N48,374250;H500,0;17,7;16,0;15,4;14,5;62228;47317;39348;32408;10472;3396;2928;385;106;110;78;63;35;41;27;11;3;1;3;3;0;0;1;0;0;0;0;0;0;0;0;20,9;79,9;NA;7H170026;SW V7-0 (2020-04-06)
2020-08-16 09:33:02;2020-08-16 07:32:27;E10,899806;N48,374250;H500,0;16,8;16,1;15,6;14,8;63663;47796;40379;32827;10889;3471;3095;420;90;92;66;62;28;26;23;12;6;2;3;0;1;0;0;0;0;0;0;0;0;0;0;21,3;78,5;NA;7H170026;SW V7-0 (2020-04-06)
2020-08-16 09:38:02;2020-08-16 07:37:27;E10,899806;N48,374250;H500,0;16,9;16,2;15,6;14,7;63284;48081;39516;32599;10873;3365;3041;406;123;88;91;72;25;25;30;12;4;4;3;2;0;0;0;0;0;0;0;0;0;0;0;21,1;78,3;NA;7H170026;SW V7-0 (2020-04-06)
2020-08-16 09:43:02;2020-08-16 07:42:28;E10,899806;N48,374250;H500,0;18,4;16,3;15,7;14,8;63131;47501;39552;32311;10849;3501;3154;466;143;145;80;64;16;28;32;19;3;2;3;1;0;1;0;1;0;0;0;0;0;0;0;21,3;79,3;NA;7H170026;SW V7-0 (2020-04-06)
2020-08-16 09:48:02;2020-08-16 07:47:28;E10,899806;N48,374250;H500,0;16,3;15,9;15,5;14,7;62731;48023;40083;32538;10847;3473;3007;392;107;103;79;67;30;22;30;13;4;2;1;1;0;0;0;0;0;0;0;0;0;0;0;21,5;78,1;NA;7H170026;SW V7-0 (2020-04-06)
2020-08-16 09:53:02;2020-08-16 07:52:29;E10,899806;N48,374250;H500,0;16,8;15,4;14,9;14,2;61144;46275;38902;30762;10186;3187;2798;385;90;104;78;82;24;34;19;11;4;2;3;1;0;0;1;0;0;0;0;0;0;0;0;21,5;78,7;NA;7H170026;SW V7-0 (2020-04-06)
2020-08-16 09:58:02;2020-08-16 07:57:29;E10,899806;N48,374250;H500,0;15,8;15,2;14,7;13,8;60038;44404;37165;29540;9738;2997;2832;372;120;108;72;71;26;34;28;11;4;3;2;2;0;0;0;0;0;0;0;0;0;0;0;21,9;76,4;NA;7H170026;SW V7-0 (2020-04-06)
2020-08-16 10:03:02;2020-08-16 08:02:30;E10,899806;N48,374250;H500,0;16,7;14,5;13,7;12,8;57497;41431;33683;26077;8290;2524;2316;313;105;88;75;54;23;31;26;17;6;2;5;2;1;0;0;1;0;0;0;0;0;0;0;22,3;75,8;NA;7H170026;SW V7-0 (2020-04-06)
2020-08-16 10:08:02;2020-08-16 08:07:30;E10,899806;N48,374250;H500,0;14,7;13,8;13,3;12,4;56884;40503;32116;24144;7633;2157;2017;314;106;100;84;62;12;31;32;13;2;3;3;1;1;0;0;0;0;0;0;0;0;0;0;22,5;75,0;NA;7H170026;SW V7-0 (2020-04-06)
2020-08-16 10:13:02;2020-08-16 08:12:31;E10,899806;N48,374250;H500,0;14,0;13,0;12,4;11,4;53343;37549;28877;20706;6387;1855;1770;286;87;88;73;61;24;36;35;14;4;3;2;1;0;1;0;0;0;0;0;1;0;0;0;22,5;73,6;NA;7H170026;SW V7-0 (2020-04-06)
2020-08-16 10:18:02;2020-08-16 08:17:31;E10,899806;N48,374250;H500,0;13,9;12,3;11,8;11,0;52047;35972;27166;19536;5852;1585;1582;289;99;119;83;61;29;39;26;9;3;0;2;1;1;0;1;0;0;0;0;0;0;0;0;22,5;71,9;NA;7H170026;SW V7-0 (2020-04-06)
2020-08-16 10:23:02;2020-08-16 08:22:32;E10,899806;N48,374250;H500,0;12,0;11,6;11,3;10,5;50876;34716;25600;17471;5127;1415;1396;230;96;83;69;51;33;26;26;11;2;1;1;1;0;0;0;0;0;0;0;0;0;0;0;22,7;71,7;NA;7H170026;SW V7-0 (2020-04-06)
2020-08-16 10:28:03;2020-08-16 08:27:32;E10,899806;N48,374250;H500,0;14,3;12,5;11,8;11,0;52722;36593;26927;18529;5545;1532;1493;231;79;92;92;63;30;33;23;13;3;3;5;0;1;0;0;1;0;0;0;0;0;0;0;22,9;71,5;NA;7H170026;SW V7-0 (2020-04-06)
2020-08-16 10:33:03;2020-08-16 08:32:32;E10,899806;N48,374250;H500,0;12,7;11,5;11,1;10,4;50366;34260;25071;16841;4798;1235;1349;254;82;90;71;59;22;31;17;13;3;0;3;1;0;1;0;0;1;0;0;0;0;0;0;23,3;68,6;NA;7H170026;SW V7-0 (2020-04-06)
2020-08-16 10:38:03;2020-08-16 08:37:33;E10,899806;N48,374250;H500,0;13,1;11,7;11,2;10,5;50815;34657;25240;17310;4991;1342;1303;249;85;86;72;47;20;39;22;9;3;3;1;2;0;0;1;0;0;0;0;0;0;0;0;23,9;66,4;NA;7H170026;SW V7-0 (2020-04-06)
2020-08-16 10:43:03;2020-08-16 08:42:33;E10,899806;N48,374250;H500,0;13,3;11,6;11,2;10,5;50799;34283;25528;17641;5077;1412;1343;252;87;91;78;46;19;26;21;10;2;3;3;0;1;0;0;1;0;0;0;0;0;0;0;23,7;66,6;NA;7H170026;SW V7-0 (2020-04-06)
2020-08-16 10:48:03;2020-08-16 08:47:34;E10,899806;N48,374250;H500,0;13,5;11,7;11,2;10,4;50481;34333;25216;17403;5113;1287;1359;268;100;74;62;55;31;27;25;11;3;2;4;0;1;0;0;1;0;0;0;0;0;0;0;23,9;65,4;NA;7H170026;SW V7-0 (2020-04-06)
2020-08-16 10:53:03;2020-08-16 08:52:34;E10,899806;N48,374250;H500,0;13,2;11,7;11,2;10,6;50910;34196;25661;17775;5160;1336;1394;233;90;89;88;64;26;24;21;9;3;2;2;2;0;0;1;0;0;0;0;0;0;0;0;24,1;65,2;NA;7H170026;SW V7-0 (2020-04-06)
2020-08-16 10:58:03;2020-08-16 08:57:35;E10,899806;N48,374250;H500,0;12,9;11,5;11,0;10,3;50201;33463;24382;16753;4950;1299;1295;227;89;98;64;55;30;36;19;10;3;2;2;1;1;1;0;0;0;1;0;0;0;0;0;24,5;64,5;NA;7H170026;SW V7-0 (2020-04-06)
2020-08-16 11:03:03;2020-08-16 09:02:35;E10,899806;N48,374250;H500,0;11,7;11,1;10,7;10,0;48450;32576;23914;16349;4704;1276;1300;225;97;77;54;67;22;29;20;12;2;1;2;2;0;0;0;0;0;0;0;0;0;0;0;24,5;63,1;NA;7H170026;SW V7-0 (2020-04-06)
2020-08-16 11:08:03;2020-08-16 09:07:36;E10,899806;N48,374250;H500,0;13,3;11,7;11,2;10,5;50381;34199;25226;17319;5344;1447;1496;229;60;92;56;58;24;30;27;9;2;3;3;0;1;0;1;0;0;0;0;0;0;0;0;24,6;63,3;NA;7H170026;SW V7-0 (2020-04-06)
2020-08-16 11:13:03;2020-08-16 09:12:36;E10,899806;N48,374250;H500,0;12,5;11,2;10,8;10,1;49515;33029;23922;15850;4646;1218;1222;237;79;90;73;59;20;32;23;10;2;2;2;1;0;0;1;0;0;0;0;0;0;0;0;24,6;63,3;NA;7H170026;SW V7-0 (2020-04-06)
2020-08-16 11:18:03;2020-08-16 09:17:37;E10,899806;N48,374250;H500,0;14,3;12,1;11,5;10,7;51062;34230;25733;18158;5399;1489;1570;237;89;77;76;52;28;36;28;10;3;2;3;2;0;1;0;1;0;0;0;0;0;0;0;24,3;65,2;NA;7H170026;SW V7-0 (2020-04-06)
2020-08-16 11:23:03;2020-08-16 09:22:37;E10,899806;N48,374250;H500,0;13,4;11,3;10,7;10,0;48690;32225;23692;16333;4741;1289;1230;186;81;74;58;54;25;21;28;15;2;1;2;1;2;0;1;0;1;0;0;0;0;0;0;24,1;64,5;NA;7H170026;SW V7-0 (2020-04-06)
2020-08-16 11:28:03;2020-08-16 09:27:37;E10,899806;N48,374250;H500,0;12,9;11,1;10,7;10,0;49198;32287;23366;15835;4606;1227;1358;221;68;85;69;48;26;21;24;10;3;3;1;0;0;1;0;1;0;0;0;0;0;0;0;24,1;64,6;NA;7H170026;SW V7-0 (2020-04-06)
2020-08-16 11:33:03;2020-08-16 09:32:38;E10,899806;N48,374250;H500,0;12,8;11,3;10,8;10,1;49643;32463;23949;16192;4771;1286;1242;228;73;104;62;56;19;26;19;10;4;0;4;0;1;0;1;0;0;0;0;0;0;0;0;24,3;65,2;NA;7H170026;SW V7-0 (2020-04-06)
2020-08-16 11:38:03;2020-08-16 09:37:38;E10,899806;N48,374250;H500,0;11,5;10,4;9,9;9,2;45965;29849;20697;13704;3839;1000;1028;170;65;97;66;40;21;24;24;13;3;3;2;1;0;1;0;0;0;0;0;0;0;0;0;24,5;63,7;NA;7H170026;SW V7-0 (2020-04-06)
2020-08-16 11:43:03;2020-08-16 09:42:39;E10,899806;N48,374250;H500,0;12,8;10,5;10,0;9,2;46461;29560;21053;13554;3615;996;997;194;84;71;53;41;25;28;24;12;3;1;2;3;0;1;0;1;0;0;0;0;0;0;0;24,8;61,9;NA;7H170026;SW V7-0 (2020-04-06)
2020-08-16 11:48:03;2020-08-16 09:47:39;E10,899806;N48,374250;H500,0;10,8;10,4;10,0;9,4;47031;30280;21542;14153;4053;1003;1014;204;66;71;67;50;18;21;19;10;3;2;2;1;0;0;0;0;0;0;0;0;0;0;0;25,6;58,8;NA;7H170026;SW V7-0 (2020-04-06)
2020-08-16 11:53:03;2020-08-16 09:52:40;E10,899806;N48,374250;H500,0;11,0;10,4;9,9;9,3;46577;29864;21198;13490;3648;926;934;184;80;85;72;61;25;19;23;11;3;2;2;0;1;0;0;0;0;0;0;0;0;0;0;25,6;58,8;NA;7H170026;SW V7-0 (2020-04-06)
2020-08-16 11:58:04;2020-08-16 09:57:40;E10,899806;N48,374250;H500,0;11,7;10,3;9,9;9,4;47139;30450;21144;13692;3669;939;1006;209;80;94;51;41;21;13;17;8;2;2;2;2;0;0;1;0;0;0;0;0;0;0;0;26,0;57,6;NA;7H170026;SW V7-0 (2020-04-06)
2020-08-16 12:03:04;2020-08-16 10:02:41;E10,899806;N48,374250;H500,0;10,9;10,1;9,8;9,2;46724;29812;21218;13108;3433;839;894;170;57;76;55;47;28;16;19;11;3;1;1;0;0;1;0;0;0;0;0;0;0;0;0;25,6;59,4;NA;7H170026;SW V7-0 (2020-04-06)
2020-08-16 12:08:04;2020-08-16 10:07:41;E10,899806;N48,374250;H500,0;11,3;10,4;9,8;9,0;46164;29325;20229;12580;3304;850;852;167;57;68;64;45;16;31;27;12;3;2;2;2;1;0;0;0;0;0;0;0;0;0;0;25,4;60,0;NA;7H170026;SW V7-0 (2020-04-06)
2020-08-16 12:13:04;2020-08-16 10:12:41;E10,899806;N48,374250;H500,0;10,7;9,9;9,6;9,0;46436;28874;20163;12326;3133;798;779;170;64;77;58;45;16;20;18;11;1;1;2;0;0;1;0;0;0;0;0;0;0;0;0;25,8;57,8;NA;7H170026;SW V7-0 (2020-04-06)
2020-08-16 12:18:04;2020-08-16 10:17:42;E10,899806;N48,374250;H500,0;10,5;9,4;9,1;8,5;43663;27534;18793;11535;2923;659;799;163;62;68;46;52;18;21;19;9;3;1;0;1;0;0;1;0;0;0;0;0;0;0;0;26,0;55,9;NA;7H170026;SW V7-0 (2020-04-06)
2020-08-16 12:23:04;2020-08-16 10:22:42;E10,899806;N48,374250;H500,0;10,0;9,2;8,9;8,4;43294;26716;18293;11141;2890;689;771;167;73;69;54;40;20;23;13;7;3;1;2;0;0;1;0;0;0;0;0;0;0;0;0;25,4;57,8;NA;7H170026;SW V7-0 (2020-04-06)
2020-08-16 12:28:04;2020-08-16 10:27:43;E10,899806;N48,374250;H500,0;9,9;9,0;8,6;8,1;41688;25247;17504;10464;2684;628;738;175;70;81;56;45;20;19;17;11;2;2;1;1;1;0;0;0;1;0;1;0;0;0;0;25,6;58,4;NA;7H170026;SW V7-0 (2020-04-06)
2020-08-16 12:33:04;2020-08-16 10:32:43;E10,899806;N48,374250;H500,0;9,3;8,5;8,2;7,7;39817;23911;16486;9564;2434;593;720;125;66;78;58;31;20;15;18;8;0;2;2;1;1;0;0;0;0;0;0;0;0;0;0;25,6;57,6;NA;7H170026;SW V7-0 (2020-04-06)
2020-08-16 12:38:04;2020-08-16 10:37:44;E10,899806;N48,374250;H500,0;9,6;8,4;8,1;7,6;39723;24046;16419;9623;2308;538;593;159;60;72;63;44;19;19;14;8;3;0;1;1;0;0;1;0;0;0;0;0;0;0;0;25,6;57,4;NA;7H170026;SW V7-0 (2020-04-06)
2020-08-16 12:43:04;2020-08-16 10:42:44;E10,899806;N48,374250;H500,0;8,9;8,4;8,1;7,6;39744;23814;15856;9132;2273;499;619;136;62;72;46;34;13;22;18;8;2;1;1;0;1;0;0;0;0;0;0;0;0;0;0;25,6;55,5;NA;7H170026;SW V7-0 (2020-04-06)
2020-08-16 12:48:04;2020-08-16 10:47:45;E10,899806;N48,374250;H500,0;9,3;8,8;8,5;8,0;41476;25149;16810;9753;2492;608;681;145;60;67;56;44;17;15;19;9;0;1;2;0;1;0;0;0;0;0;0;0;0;0;0;25,6;55,9;NA;7H170026;SW V7-0 (2020-04-06)
2020-08-16 12:53:04;2020-08-16 10:52:45;E10,899806;N48,374250;H500,0;9,9;9,0;8,7;8,1;42374;26065;17450;10111;2546;620;686;133;59;58;48;37;14;24;19;12;3;0;0;1;0;1;0;0;0;0;0;0;0;0;0;25,4;56,4;NA;7H170026;SW V7-0 (2020-04-06)
2020-08-16 12:58:04;2020-08-16 10:57:45;E10,899806;N48,374250;H500,0;11,4;9,9;9,4;8,7;45522;27354;18252;10661;2770;671;767;182;79;73;50;32;13;35;25;10;2;2;3;0;1;0;1;0;0;0;0;0;0;0;0;26,2;55,9;NA;7H170026;SW V7-0 (2020-04-06)
2020-08-16 13:03:04;2020-08-16 11:02:46;E10,899806;N48,374250;H500,0;11,7;9,8;9,4;8,8;46249;28172;18637;11163;2797;670;719;142;47;64;65;38;21;23;16;8;2;2;1;1;0;1;0;1;0;1;0;0;0;0;0;26,4;54,7;NA;7H170026;SW V7-0 (2020-04-06)
2020-08-16 13:08:04;2020-08-16 11:07:46;E10,899806;N48,374250;H500,0;11,4;9,8;9,4;9,0;46997;27948;19012;11060;2804;667;744;135;59;63;47;39;15;27;15;5;1;1;1;1;1;0;1;0;1;0;0;0;0;0;0;27,6;51,4;NA;7H170026;SW V7-0 (2020-04-06)
2020-08-16 13:13:04;2020-08-16 11:12:47;E10,899806;N48,374250;H500,0;11,3;10,3;10,0;9,5;49610;29560;20187;11663;2977;731;797;145;45;67;44;45;18;23;19;9;1;1;1;0;0;0;1;0;0;0;0;0;0;0;0;28,4;50,0;NA;7H170026;SW V7-0 (2020-04-06)
2020-08-16 13:18:04;2020-08-16 11:17:47;E10,899806;N48,374250;H500,0;12,5;10,7;10,3;9,6;49833;30210;20391;12023;3026;788;866;173;80;87;48;35;18;21;29;14;1;1;2;1;1;0;0;1;0;0;0;0;0;0;0;27,6;51,4;NA;7H170026;SW V7-0 (2020-04-06)
2020-08-16 13:23:04;2020-08-16 11:22:48;E10,899806;N48,374250;H500,0;11,8;10,5;10,2;9,7;50453;30555;20406;12089;3184;765;890;168;61;71;59;38;17;17;19;7;1;1;1;2;0;0;1;0;0;0;0;0;0;0;0;27,4;51,6;NA;7H170026;SW V7-0 (2020-04-06)
2020-08-16 13:28:05;2020-08-16 11:27:48;E10,899806;N48,374250;H500,0;11,8;10,7;10,3;9,7;50991;31063;20767;12257;3144;782;787;147;67;59;45;41;13;21;18;10;3;1;2;1;0;1;0;0;1;0;0;0;1;0;0;27,8;51,0;NA;7H170026;SW V7-0 (2020-04-06)
2020-08-16 13:33:05;2020-08-16 11:32:49;E10,899806;N48,374250;H500,0;12,2;10,5;10,1;9,5;48888;29926;20353;12540;3366;777;924;157;62;78;51;38;12;22;22;11;2;1;3;1;1;0;1;0;0;0;0;0;0;0;0;28,4;49,8;NA;7H170026;SW V7-0 (2020-04-06)
2020-08-16 13:38:05;2020-08-16 11:37:49;E10,899806;N48,374250;H500,0;11,0;10,1;9,7;9,2;47667;29087;19571;11557;3052;762;843;173;58;79;57;42;15;18;20;7;2;1;2;1;0;1;0;0;0;0;0;0;0;0;0;28,8;49,6;NA;7H170026;SW V7-0 (2020-04-06)
2020-08-16 13:43:05;2020-08-16 11:42:49;E10,899806;N48,374250;H500,0;10,5;9,8;9,5;8,9;46395;28698;19360;11311;2894;688;773;166;74;63;56;36;18;32;17;6;2;1;1;1;1;0;0;0;0;0;0;0;0;0;0;29,1;48,6;NA;7H170026;SW V7-0 (2020-04-06)
2020-08-16 13:48:05;2020-08-16 11:47:50;E10,899806;N48,374250;H500,0;12,5;10,3;9,7;9,1;47226;28684;19474;11814;3117;788;869;181;73;73;54;24;13;21;18;12;4;2;3;2;0;1;0;1;0;0;0;0;0;0;0;28,6;49,8;NA;7H170026;SW V7-0 (2020-04-06)
2020-08-16 13:53:05;2020-08-16 11:52:50;E10,899806;N48,374250;H500,0;10,2;9,7;9,4;8,9;46091;28168;18965;11327;2997;768;916;209;52;67;67;47;17;20;15;6;1;1;2;0;1;0;0;0;0;0;0;0;0;0;0;28,8;49,8;NA;7H170026;SW V7-0 (2020-04-06)
2020-08-16 13:58:05;2020-08-16 11:57:51;E10,899806;N48,374250;H500,0;9,9;9,6;9,3;8,8;44989;27493;18860;11414;3074;780;877;196;81;67;65;46;13;15;19;10;1;1;1;1;0;0;0;0;0;1;0;0;0;0;0;28,9;48,4;NA;7H170026;SW V7-0 (2020-04-06)
2020-08-16 14:03:05;2020-08-16 12:02:51;E10,899806;N48,374250;H500,0;10,4;9,8;9,4;8,7;44694;27211;18726;11214;2920;703;843;181;80;83;71;58;24;28;25;10;3;1;2;0;1;0;0;0;0;0;0;0;0;0;0;28,8;49,6;NA;7H170026;SW V7-0 (2020-04-06)
2020-08-16 14:08:05;2020-08-16 12:07:52;E10,899806;N48,374250;H500,0;11,0;9,8;9,3;8,6;44429;27162;18380;11037;3004;745;952;209;86;75;54;39;25;17;28;12;2;1;2;2;0;1;0;0;0;0;0;0;0;0;0;29,1;48,0;NA;7H170026;SW V7-0 (2020-04-06)
2020-08-16 14:13:05;2020-08-16 12:12:52;E10,899806;N48,374250;H500,0;11,3;9,8;9,4;8,6;44180;26741;18548;11279;3026;760;979;189;73;72;65;56;16;28;26;12;2;2;2;0;1;0;1;0;0;0;0;0;0;0;0;29,3;47,1;NA;7H170026;SW V7-0 (2020-04-06)
2020-08-16 14:18:05;2020-08-16 12:17:53;E10,899806;N48,374250;H500,0;10,7;9,5;9,1;8,6;43915;26764;18705;11201;2986;745;937;197;68;76;56;40;18;19;18;6;3;2;2;2;0;1;0;0;0;0;1;0;0;0;0;29,3;47,3;NA;7H170026;SW V7-0 (2020-04-06)
2020-08-16 14:23:05;2020-08-16 12:22:53;E10,899806;N48,374250;H500,0;11,1;9,3;8,9;8,3;42511;26182;18013;10852;2782;706;862;160;93;77;56;45;14;23;23;8;1;1;1;2;1;0;0;1;0;0;0;0;0;0;0;29,3;46,9;NA;7H170026;SW V7-0 (2020-04-06)
2020-08-16 14:28:05;2020-08-16 12:27:53;E10,899806;N48,374250;H500,0;10,7;9,6;9,1;8,3;42650;26349;18174;10828;2878;712;857;169;58;81;53;34;19;21;28;17;3;1;3;1;0;1;0;0;0;0;0;0;0;0;0;29,5;46,3;NA;7H170026;SW V7-0 (2020-04-06)
2020-08-16 14:33:05;2020-08-16 12:32:54;E10,899806;N48,374250;H500,0;10,1;9,2;8,8;8,2;42166;25760;18049;10477;2820;661;898;211;49;70;48;40;17;25;20;11;1;2;1;0;2;0;0;0;0;0;0;0;0;0;0;29,3;46,5;NA;7H170026;SW V7-0 (2020-04-06)
2020-08-16 14:38:05;2020-08-16 12:37:54;E10,899806;N48,374250;H500,0;10,6;9,2;8,7;8,2;41813;25811;17998;10715;2948;775;915;162;76;60;49;45;11;18;19;9;2;1;3;2;0;0;1;0;0;0;0;0;0;0;0;29,3;47,7;NA;7H170026;SW V7-0 (2020-04-06)
2020-08-16 14:43:05;2020-08-16 12:42:55;E10,899806;N48,374250;H500,0;11,0;8,8;8,5;7,8;40115;24723;17242;10616;2814;703;867;170;64;67;45;34;12;26;26;8;1;1;2;0;1;1;0;1;0;0;0;0;0;0;0;29,3;46,5;NA;7H170026;SW V7-0 (2020-04-06)
2020-08-16 14:48:05;2020-08-16 12:47:55;E10,899806;N48,374250;H500,0;10,5;9,0;8,5;7,8;39868;24815;17199;10365;2754;731;852;169;81;75;53;37;12;18;34;13;1;1;1;2;0;0;1;0;1;0;0;0;0;0;0;28,9;46,5;NA;7H170026;SW V7-0 (2020-04-06)
2020-08-16 14:53:05;2020-08-16 12:52:56;E10,899806;N48,374250;H500,0;9,1;8,6;8,3;7,7;39418;24563;17014;10354;2743;725;869;171;61;60;42;45;15;18;21;7;2;1;2;0;1;0;0;0;0;0;0;0;0;0;0;29,1;46,1;NA;7H170026;SW V7-0 (2020-04-06)
2020-08-16 14:58:05;2020-08-16 12:57:56;E10,899806;N48,374250;H500,0;10,4;8,8;8,4;7,8;39729;24723;17353;10585;2849;735;842;191;58;80;44;32;15;15;25;10;2;2;2;2;0;0;0;1;0;0;0;0;0;0;0;29,7;45,3;NA;7H170026;SW V7-0 (2020-04-06)
2020-08-16 15:03:05;2020-08-16 13:02:57;E10,899806;N48,374250;H500,0;10,7;9,4;8,9;8,2;41301;25964;18422;11302;3052;745;925;193;85;83;69;50;11;24;26;15;1;4;2;0;1;1;0;0;0;0;0;0;0;0;0;29,5;47,7;NA;7H170026;SW V7-0 (2020-04-06)
2020-08-16 15:08:05;2020-08-16 13:07:57;E10,899806;N48,374250;H500,0;10,6;9,2;8,8;8,1;41259;25725;18122;10897;2942;727;926;210;79;90;40;39;19;20;23;12;2;2;2;1;0;0;0;1;0;0;0;0;0;0;0;29,7;48,2;NA;7H170026;SW V7-0 (2020-04-06)
2020-08-16 15:13:05;2020-08-16 13:12:57;E10,899806;N48,374250;H500,0;9,6;8,7;8,2;7,6;38705;23966;16813;10253;2706;657;821;171;86;84;63;30;16;13;23;12;2;1;2;2;1;0;0;0;0;1;0;0;0;0;0;29,5;46,5;NA;7H170026;SW V7-0 (2020-04-06)
2020-08-16 15:18:05;2020-08-16 13:17:58;E10,899806;N48,374250;H500,0;9,0;7,8;7,5;6,9;35293;21609;14923;8946;2457;599;786;162;91;78;51;36;16;24;17;12;2;0;0;1;0;0;1;0;1;0;0;0;0;0;0;29,9;43,0;NA;7H170026;SW V7-0 (2020-04-06)
2020-08-16 15:23:05;2020-08-16 13:22:58;E10,899806;N48,374250;H500,0;10,4;8,2;7,7;7,2;36839;22534;15547;9193;2387;573;742;153;63;71;52;31;14;16;21;10;1;1;4;0;1;1;0;1;0;0;0;0;0;1;0;29,7;44,3;NA;7H170026;SW V7-0 (2020-04-06)
2020-08-16 15:28:06;2020-08-16 13:27:59;E10,899806;N48,374250;H500,0;9,3;8,1;7,8;7,2;37170;22716;15973;9347;2373;597;700;145;45;79;55;40;20;15;21;9;3;1;1;1;0;0;1;0;0;0;0;0;0;0;0;29,3;46,5;NA;7H170026;SW V7-0 (2020-04-06)
2020-08-16 15:33:06;2020-08-16 13:32:59;E10,899806;N48,374250;H500,0;9,7;8,1;7,7;7,1;37069;22175;15178;9220;2318;586;624;153;56;46;49;45;21;13;21;13;2;1;1;2;0;0;0;1;0;0;0;0;0;0;0;29,7;46,5;NA;7H170026;SW V7-0 (2020-04-06)
2020-08-16 15:38:06;2020-08-16 13:38:00;E10,899806;N48,374250;H500,0;9,0;8,2;7,9;7,3;37470;22947;16158;9452;2432;610;643;145;51;75;47;36;13;26;19;10;2;2;2;0;0;1;0;0;0;0;1;0;0;0;0;29,9;45,5;NA;7H170026;SW V7-0 (2020-04-06)
2020-08-16 15:43:06;2020-08-16 13:43:00;E10,899806;N48,374250;H500,0;8,9;8,2;7,8;7,2;37383;22560;15756;9159;2351;559;659;152;64;67;56;24;15;22;19;12;2;2;1;1;1;0;0;0;0;0;0;0;0;0;0;29,9;44,9;NA;7H170026;SW V7-0 (2020-04-06)
2020-08-16 15:48:06;2020-08-16 13:48:01;E10,899806;N48,374250;H500,0;9,0;7,8;7,5;7,0;36383;22136;15429;8672;2154;516;612;131;51;70;57;38;12;27;18;7;1;1;2;0;0;0;0;1;0;0;0;1;0;0;0;30,1;44,5;NA;7H170026;SW V7-0 (2020-04-06)
2020-08-16 15:53:06;2020-08-16 13:53:01;E10,899806;N48,374250;H500,0;9,2;7,7;7,4;6,8;35439;21245;14468;8420;2035;518;555;117;64;66;41;33;11;28;21;9;2;1;0;1;1;0;1;0;0;0;0;0;0;0;0;30,1;44,3;NA;7H170026;SW V7-0 (2020-04-06)
2020-08-16 15:58:06;2020-08-16 13:58:01;E10,899806;N48,374250;H500,0;9,0;7,8;7,3;6,6;34889;20297;14201;8040;1979;484;497;117;51;52;47;31;20;25;23;12;2;1;3;2;0;1;0;0;0;1;0;0;0;0;1;29,7;43,9;NA;7H170026;SW V7-0 (2020-04-06)
2020-08-16 16:03:06;2020-08-16 14:03:02;E10,899806;N48,374250;H500,0;8,4;7,2;6,8;6,4;33806;19960;13482;7709;1807;441;458;102;51;52;52;32;12;12;16;7;3;1;1;1;0;0;1;0;0;0;0;0;0;0;0;30,1;44,5;NA;7H170026;SW V7-0 (2020-04-06)
2020-08-16 16:08:06;2020-08-16 14:08:02;E10,899806;N48,374250;H500,0;7,8;7,2;6,8;6,3;32971;19564;13361;7391;1724;413;468;115;59;62;51;38;12;17;20;13;2;0;2;0;1;0;0;0;0;0;0;0;0;0;0;29,7;44,1;NA;7H170026;SW V7-0 (2020-04-06)
2020-08-16 16:13:06;2020-08-16 14:13:03;E10,899806;N48,374250;H500,0;8,5;7,2;6,8;6,3;32877;19540;13175;7466;1756;398;453;114;44;62;53;44;20;14;18;9;2;1;1;2;0;0;1;0;0;0;0;0;0;0;0;29,1;44,3;NA;7H170026;SW V7-0 (2020-04-06)
2020-08-16 16:18:06;2020-08-16 14:18:03;E10,899806;N48,374250;H500,0;7,9;7,2;6,8;6,2;32953;19001;12818;7166;1706;391;447;110;47;60;46;35;13;17;22;10;2;1;2;1;1;0;0;0;0;0;0;0;0;0;0;29,7;44,1;NA;7H170026;SW V7-0 (2020-04-06)
2020-08-16 16:23:06;2020-08-16 14:23:04;E10,899806;N48,374250;H500,0;7,8;7,0;6,7;6,2;32698;19073;12788;7142;1597;389;419;102;49;60;54;35;18;17;19;11;1;2;1;0;0;1;0;0;0;0;0;0;0;0;0;29,7;44,3;NA;7H170026;SW V7-0 (2020-04-06)
2020-08-16 16:28:06;2020-08-16 14:28:04;E10,899806;N48,374250;H500,0;8,1;7,0;6,5;6,0;31573;18423;12181;6681;1520;352;449;84;55;58;49;29;11;26;19;9;3;1;2;2;1;0;0;0;1;0;0;0;0;0;0;29,5;42,8;NA;7H170026;SW V7-0 (2020-04-06)
2020-08-16 16:33:06;2020-08-16 14:33:05;E10,899806;N48,374250;H500,0;7,7;6,8;6,4;5,9;31176;18510;12297;6612;1572;371;406;95;41;66;42;30;14;14;16;13;2;2;3;0;0;1;0;0;0;0;0;0;0;0;0;29,5;42,6;NA;7H170026;SW V7-0 (2020-04-06)
2020-08-16 16:38:06;2020-08-16 14:38:05;E10,899806;N48,374250;H500,0;8,3;6,8;6,5;6,0;31567;18576;12139;6732;1578;322;415;93;58;54;46;36;14;22;16;9;2;1;0;1;1;0;1;0;0;0;0;0;0;0;0;30,1;42,0;NA;7H170026;SW V7-0 (2020-04-06)
2020-08-16 16:43:06;2020-08-16 14:43:06;E10,899806;N48,374250;H500,0;7,9;6,9;6,5;5,9;31082;18335;12099;6632;1561;359;413;102;60;65;53;27;18;17;22;10;2;2;2;1;0;1;0;0;0;0;0;0;0;0;0;29,9;41,6;NA;7H170026;SW V7-0 (2020-04-06)
2020-08-16 16:48:06;2020-08-16 14:48:06;E10,899806;N48,374250;H500,0;8,2;6,7;6,3;5,8;30596;18054;12043;6582;1469;382;435;99;48;54;44;36;21;15;18;9;2;1;3;1;0;0;0;1;0;0;0;0;0;0;0;30,3;40,0;NA;7H170026;SW V7-0 (2020-04-06)
2020-08-16 16:53:06;2020-08-16 14:52:06;E10,899806;N48,374250;H500,0;8,0;7,1;6,7;6,1;32124;18919;12693;6875;1580;381;391;94;56;57;41;25;16;22;24;12;2;2;1;1;0;1;0;0;0;0;1;0;0;0;0;30,5;40,8;NA;7H170026;SW V7-0 (2020-04-06)
2020-08-16 16:58:06;2020-08-16 14:57:07;E10,899806;N48,374250;H500,0;9,3;8,1;7,7;7,2;35729;21754;15264;9377;2822;872;1236;283;103;106;81;42;20;19;18;7;1;1;2;1;0;0;1;0;0;0;0;0;0;0;0;30,1;41,2;NA;7H170026;SW V7-0 (2020-04-06)
2020-08-16 17:03:07;2020-08-16 15:02:07;E10,899806;N48,374250;H500,0;9,4;8,0;7,7;7,0;35597;21179;14317;8543;2266;658;872;218;85;92;64;55;19;30;22;12;1;0;2;1;0;0;0;1;0;0;0;0;0;0;0;30,1;41,4;NA;7H170026;SW V7-0 (2020-04-06)
2020-08-16 17:08:07;2020-08-16 15:07:08;E10,899806;N48,374250;H500,0;8,9;7,8;7,4;6,8;35367;20406;13638;7744;1870;503;631;160;63;70;62;45;17;28;19;11;1;3;2;0;0;0;1;0;0;0;0;0;0;0;0;29,7;42,6;NA;7H170026;SW V7-0 (2020-04-06)
2020-08-16 17:13:07;2020-08-16 15:12:08;E10,899806;N48,374250;H500,0;8,6;7,5;7,1;6,5;34484;201