***begin of header***
date&time [local time];serial-no;type;PM10 [ug/m3];PM2.5 [ug/m3];PM1 [ug/m3];0,35 [um];0,46 [um];0,66 [um];1,0 [um];1,3 [um];1,7 [um];2,3 [um];3,0 [um];4,0 [um];5,2 [um];6,5 [um];8,0 [um];10 [um];12 [um];14 [um];16 [um];18 [um];20 [um];22 [um];25 [um];28 [um];31 [um];34 [um];37 [um];serial-OPC;T-out [°C];T-aerosol [°C];rH [%];date&time [UTC];longitude [°];latitude [°];height [m];time-resolution [s];software-version;last calibration [local time];configuration version
***end of header***
2020-08-17 00:00:06;SN19020;measure;11,57;10,29;9,91;47904,6;3589,8;648,5;59,4;95,9;91,3;27,4;13,7;27,4;9,1;4,6;0,0;0,0;0,0;0,0;0,0;0,0;0,0;0,0;0,0;0,0;0,0;0,0;0,0;177340612;22,4;31,6;40,6;2020-08-16 22:00:06;E10,933545;N48,400142;482,400;300;SW V1-11 (2020-06-17);2019-06-11 14:16:04;original set-up
2020-08-17 00:05:06;SN19020;measure;11,81;9,33;8,71;41083,1;3023,2;561,7;105,0;146,1;105,0;77,6;13,7;22,8;27,4;0,0;4,6;4,6;0,0;0,0;0,0;0,0;0,0;0,0;0,0;0,0;0,0;0,0;0,0;177340612;22,6;31,6;40,3;2020-08-16 22:05:06;E10,933450;N48,400142;480,400;300;SW V1-11 (2020-06-17);2019-06-11 14:16:04;original set-up
2020-08-17 00:10:06;SN19020;measure;12,21;10,09;9,50;43656,2;3110,0;536,2;107,2;130,6;97,9;74,6;14,0;14,0;14,0;4,7;9,3;0,0;4,7;0,0;0,0;0,0;0,0;0,0;0,0;0,0;0,0;0,0;0,0;177340612;23,0;31,5;39,9;2020-08-16 22:10:06;E10,933413;N48,400315;484,100;300;SW V1-11 (2020-06-17);2019-06-11 14:16:04;original set-up
2020-08-17 00:15:06;SN19020;measure;10,57;9,13;8,71;40008,0;3023,8;537,1;138,9;143,5;50,9;46,3;9,3;13,9;18,5;0,0;4,6;0,0;0,0;0,0;0,0;0,0;0,0;0,0;0,0;0,0;0,0;0,0;0,0;177340612;23,1;31,6;39,9;2020-08-16 22:15:06;E10,933513;N48,400208;487,600;300;SW V1-11 (2020-06-17);2019-06-11 14:16:04;original set-up
2020-08-17 00:20:06;SN19020;measure;10,12;8,79;8,25;37492,6;2414,3;482,9;115,0;96,6;73,6;55,2;27,6;27,6;4,6;4,6;0,0;0,0;0,0;0,0;0,0;0,0;0,0;0,0;0,0;0,0;0,0;0,0;0,0;177340612;23,2;31,7;39,2;2020-08-16 22:20:06;E10,933452;N48,400125;485,700;300;SW V1-11 (2020-06-17);2019-06-11 14:16:04;original set-up
2020-08-17 00:25:06;SN19020;measure;8,94;7,77;7,38;33689,5;2221,1;459,9;138,0;73,6;73,6;32,2;13,8;18,4;9,2;4,6;0,0;0,0;0,0;4,6;0,0;4,6;0,0;0,0;0,0;0,0;0,0;0,0;0,0;177340612;23,1;31,9;38,9;2020-08-16 22:25:06;E10,933447;N48,400125;480,900;300;SW V1-11 (2020-06-17);2019-06-11 14:16:04;original set-up
2020-08-17 00:30:06;SN19020;measure;7,58;6,75;6,30;28410,3;1839,4;344,9;96,6;101,2;82,8;32,2;27,6;18,4;4,6;0,0;0,0;0,0;0,0;0,0;0,0;0,0;0,0;0,0;0,0;0,0;0,0;0,0;0,0;177340612;23,1;32,0;38,0;2020-08-16 22:30:06;E10,933560;N48,400208;482,600;300;SW V1-11 (2020-06-17);2019-06-11 14:16:04;original set-up
2020-08-17 00:35:06;SN19020;measure;7,43;5,70;5,30;23681,3;1632,4;271,3;87,4;73,6;50,6;46,0;9,2;27,6;0,0;4,6;9,2;0,0;0,0;0,0;0,0;0,0;0,0;0,0;0,0;0,0;0,0;0,0;0,0;177340612;22,9;32,1;37,0;2020-08-16 22:35:06;E10,933510;N48,400150;481,500;300;SW V1-11 (2020-06-17);2019-06-11 14:16:04;original set-up
2020-08-17 00:40:06;SN19020;measure;6,48;4,79;4,45;19538,2;1218,6;317,3;41,4;115,0;64,4;27,6;18,4;0,0;4,6;13,8;4,6;0,0;0,0;0,0;0,0;0,0;0,0;0,0;0,0;0,0;0,0;0,0;0,0;177340612;23,0;32,1;35,9;2020-08-16 22:40:06;E10,933460;N48,400152;481,100;300;SW V1-11 (2020-06-17);2019-06-11 14:16:04;original set-up
2020-08-17 00:45:06;SN19020;measure;5,14;4,30;3,93;16941,3;1149,7;266,7;92,0;78,2;46,0;41,4;13,8;9,2;9,2;0,0;0,0;0,0;4,6;0,0;0,0;0,0;0,0;0,0;0,0;0,0;0,0;0,0;0,0;177340612;23,1;32,2;35,1;2020-08-16 22:45:06;E10,933427;N48,400148;480,000;300;SW V1-11 (2020-06-17);2019-06-11 14:16:04;original set-up
2020-08-17 00:50:06;SN19020;measure;5,71;4,41;3,99;17061,7;993,2;275,1;69,9;79,3;56,0;46,6;18,7;9,3;14,0;4,7;0,0;0,0;0,0;0,0;0,0;0,0;0,0;0,0;0,0;0,0;0,0;0,0;0,0;177340612;23,1;32,3;34,1;2020-08-16 22:50:06;E10,933427;N48,400200;478,300;300;SW V1-11 (2020-06-17);2019-06-11 14:16:04;original set-up
2020-08-17 00:55:06;SN19020;measure;5,50;4,34;3,94;16739,8;969,4;260,1;66,2;70,9;66,2;47,3;4,7;14,2;9,5;0,0;4,7;0,0;0,0;0,0;0,0;0,0;0,0;0,0;0,0;0,0;0,0;0,0;0,0;177340612;23,1;32,3;33,7;2020-08-16 22:55:06;E10,933493;N48,400215;476,500;300;SW V1-11 (2020-06-17);2019-06-11 14:16:04;original set-up
2020-08-17 01:00:06;SN19020;measure;5,42;4,36;3,97;16991,7;1007,2;233,1;69,9;69,9;37,3;51,3;14,0;9,3;9,3;4,7;0,0;0,0;0,0;0,0;0,0;0,0;0,0;0,0;0,0;0,0;0,0;0,0;0,0;177340612;22,8;32,3;33,4;2020-08-16 23:00:06;E10,933452;N48,400190;477,500;300;SW V1-11 (2020-06-17);2019-06-11 14:16:04;original set-up
2020-08-17 01:05:06;SN19020;measure;5,23;4,49;4,26;18286,1;1191,6;212,8;94,6;42,6;33,1;23,6;4,7;4,7;4,7;0,0;4,7;0,0;0,0;0,0;0,0;0,0;0,0;0,0;0,0;0,0;0,0;0,0;0,0;177340612;22,6;32,3;33,5;2020-08-16 23:05:06;E10,933455;N48,400152;476,000;300;SW V1-11 (2020-06-17);2019-06-11 14:16:04;original set-up
2020-08-17 01:10:06;SN19020;measure;6,41;4,70;4,44;19189,3;1134,9;293,2;75,7;99,3;37,8;9,5;18,9;9,5;4,7;4,7;9,5;0,0;0,0;0,0;0,0;0,0;0,0;0,0;0,0;0,0;0,0;0,0;0,0;177340612;22,6;32,2;33,9;2020-08-16 23:10:06;E10,933435;N48,400148;475,600;300;SW V1-11 (2020-06-17);2019-06-11 14:16:04;original set-up
2020-08-17 01:15:06;SN19020;measure;7,87;5,62;5,23;22747,4;1481,2;376,3;109,5;104,8;71,4;33,3;9,5;14,3;4,8;9,5;4,8;4,8;0,0;0,0;0,0;0,0;0,0;0,0;0,0;0,0;0,0;0,0;0,0;177340612;22,5;32,1;34,6;2020-08-16 23:15:06;E10,933467;N48,400168;479,700;300;SW V1-11 (2020-06-17);2019-06-11 14:16:04;original set-up
2020-08-17 01:20:06;SN19020;measure;6,47;5,54;5,20;22818,9;1501,4;354,4;69,9;79,3;60,6;28,0;18,7;4,7;0,0;9,3;0,0;0,0;0,0;0,0;0,0;0,0;0,0;0,0;0,0;0,0;0,0;0,0;0,0;177340612;22,4;32,1;34,9;2020-08-16 23:20:06;E10,933470;N48,400195;476,300;300;SW V1-11 (2020-06-17);2019-06-11 14:16:04;original set-up
2020-08-17 01:25:06;SN19020;measure;7,87;5,88;5,48;24231,7;1741,1;324,1;46,3;78,7;55,6;37,0;27,8;18,5;9,3;13,9;0,0;0,0;0,0;0,0;0,0;0,0;0,0;0,0;0,0;0,0;0,0;0,0;0,0;177340612;22,4;32,0;35,3;2020-08-16 23:25:06;E10,933445;N48,400195;473,700;300;SW V1-11 (2020-06-17);2019-06-11 14:16:04;original set-up
2020-08-17 01:30:06;SN19020;measure;7,35;6,25;5,93;26368,5;1954,4;418,5;105,8;110,4;46,0;36,8;4,6;0,0;4,6;4,6;0,0;4,6;0,0;0,0;0,0;0,0;0,0;0,0;0,0;0,0;0,0;0,0;0,0;177340612;22,4;32,0;36,1;2020-08-16 23:30:06;E10,933482;N48,400172;474,500;300;SW V1-11 (2020-06-17);2019-06-11 14:16:04;original set-up
2020-08-17 01:35:06;SN19020;measure;9,98;7,77;7,26;32664,0;2437,3;436,9;142,6;119,6;82,8;41,4;36,8;9,2;4,6;0,0;4,6;9,2;0,0;0,0;0,0;0,0;0,0;0,0;0,0;0,0;0,0;0,0;0,0;177340612;22,2;32,0;36,3;2020-08-16 23:35:06;E10,933470;N48,400165;477,900;300;SW V1-11 (2020-06-17);2019-06-11 14:16:04;original set-up
2020-08-17 01:40:06;SN19020;measure;9,67;8,43;7,90;35981,8;2630,2;455,2;119,6;73,6;96,6;55,2;23,0;13,8;4,6;0,0;0,0;4,6;0,0;0,0;0,0;0,0;0,0;0,0;0,0;0,0;0,0;0,0;0,0;177340612;22,2;31,9;36,8;2020-08-16 23:40:06;E10,933480;N48,400180;476,000;300;SW V1-11 (2020-06-17);2019-06-11 14:16:04;original set-up
2020-08-17 01:45:06;SN19020;measure;10,38;8,95;8,40;38817,0;2823,6;446,1;156,4;124,2;73,6;59,8;18,4;27,6;18,4;0,0;0,0;0,0;0,0;0,0;0,0;0,0;0,0;0,0;0,0;4,6;0,0;0,0;0,0;177340612;22,0;31,8;37,2;2020-08-16 23:45:06;E10,933485;N48,400160;476,200;300;SW V1-11 (2020-06-17);2019-06-11 14:16:04;original set-up
2020-08-17 01:50:06;SN19020;measure;10,00;8,86;8,36;38885,9;2717,8;501,2;142,6;110,4;73,6;64,4;9,2;13,8;4,6;9,2;0,0;0,0;0,0;0,0;0,0;0,0;0,0;0,0;0,0;0,0;0,0;0,0;0,0;177340612;22,0;31,7;37,7;2020-08-16 23:50:06;E10,933523;N48,400182;475,800;300;SW V1-11 (2020-06-17);2019-06-11 14:16:04;original set-up
2020-08-17 01:55:06;SN19020;measure;10,86;8,48;7,97;37478,8;2561,4;515,0;92,0;92,0;92,0;36,8;41,4;23,0;0,0;4,6;9,2;4,6;0,0;0,0;4,6;0,0;0,0;0,0;0,0;0,0;0,0;0,0;0,0;177340612;21,8;31,6;38,0;2020-08-16 23:55:06;E10,933447;N48,400167;472,900;300;SW V1-11 (2020-06-17);2019-06-11 14:16:04;original set-up
2020-08-17 02:00:06;SN19020;measure;9,81;8,59;8,08;37874,2;2694,8;446,1;82,8;105,8;92,0;55,2;32,2;4,6;4,6;4,6;4,6;0,0;0,0;0,0;0,0;0,0;0,0;0,0;0,0;0,0;0,0;0,0;0,0;177340612;21,8;31,5;38,0;2020-08-17 00:00:06;E10,933458;N48,400178;471,400;300;SW V1-11 (2020-06-17);2019-06-11 14:16:04;original set-up
2020-08-17 02:05:06;SN19020;measure;10,14;9,02;8,50;39863,5;2858,4;508,3;135,2;139,9;97,9;46,6;18,7;23,3;4,7;4,7;0,0;0,0;0,0;0,0;0,0;0,0;0,0;0,0;0,0;0,0;0,0;0,0;0,0;177340612;21,8;31,4;38,4;2020-08-17 00:05:06;E10,933448;N48,400177;469,900;300;SW V1-11 (2020-06-17);2019-06-11 14:16:04;original set-up
2020-08-17 02:10:06;SN19020;measure;9,80;9,03;8,57;40055,3;3012,4;605,3;137,1;123,0;70,9;47,3;23,6;9,5;0,0;0,0;4,7;0,0;0,0;0,0;0,0;0,0;0,0;0,0;0,0;0,0;0,0;0,0;0,0;177340612;21,8;31,3;38,6;2020-08-17 00:10:06;E10,933428;N48,400178;470,700;300;SW V1-11 (2020-06-17);2019-06-11 14:16:04;original set-up
2020-08-17 02:15:06;SN19020;measure;10,58;9,17;8,77;41604,6;3012,1;615,5;121,2;111,9;60,6;42,0;18,7;9,3;0,0;0,0;14,0;0,0;0,0;4,7;0,0;0,0;0,0;0,0;0,0;0,0;0,0;0,0;0,0;177340612;21,7;31,2;39,0;2020-08-17 00:15:06;E10,933502;N48,400185;468,800;300;SW V1-11 (2020-06-17);2019-06-11 14:16:04;original set-up
2020-08-17 02:20:06;SN19020;measure;10,31;9,26;8,72;41457,1;3106,8;534,4;160,8;137,1;94,6;42,6;23,6;33,1;4,7;0,0;0,0;0,0;0,0;0,0;0,0;0,0;0,0;0,0;0,0;0,0;0,0;0,0;0,0;177340612;21,8;31,2;39,5;2020-08-17 00:20:06;E10,933457;N48,400192;466,900;300;SW V1-11 (2020-06-17);2019-06-11 14:16:04;original set-up
2020-08-17 02:25:06;SN19020;measure;10,70;9,13;8,50;40833,3;3348,0;457,0;209,8;149,2;74,6;74,6;28,0;23,3;4,7;0,0;9,3;0,0;0,0;0,0;0,0;0,0;0,0;0,0;0,0;0,0;0,0;0,0;0,0;177340612;21,7;31,1;39,9;2020-08-17 00:25:06;E10,933480;N48,400180;472,800;300;SW V1-11 (2020-06-17);2019-06-11 14:16:04;original set-up
2020-08-17 02:30:06;SN19020;measure;9,67;8,87;8,39;40401,6;2912,6;560,3;106,5;97,2;97,2;60,2;9,3;4,6;9,3;4,6;0,0;0,0;0,0;0,0;0,0;0,0;0,0;0,0;0,0;0,0;0,0;0,0;0,0;177340612;21,7;31,1;39,9;2020-08-17 00:30:06;E10,933458;N48,400177;470,400;300;SW V1-11 (2020-06-17);2019-06-11 14:16:04;original set-up
2020-08-17 02:35:06;SN19020;measure;9,60;9,04;8,59;41499,8;3057,9;542,6;165,5;105,8;92,0;41,4;13,8;13,8;4,6;0,0;0,0;0,0;0,0;0,0;0,0;0,0;0,0;0,0;0,0;0,0;0,0;0,0;0,0;177340612;21,7;31,1;40,1;2020-08-17 00:35:06;E10,933528;N48,400203;473,300;300;SW V1-11 (2020-06-17);2019-06-11 14:16:04;original set-up
2020-08-17 02:40:06;SN19020;measure;10,36;9,58;9,14;44008,8;3384,6;597,8;156,4;105,8;59,8;55,2;9,2;18,4;0,0;0,0;4,6;0,0;0,0;0,0;4,6;0,0;0,0;0,0;0,0;0,0;0,0;0,0;0,0;177340612;21,8;31,1;40,2;2020-08-17 00:40:06;E10,933445;N48,400243;482,300;300;SW V1-11 (2020-06-17);2019-06-11 14:16:04;original set-up
2020-08-17 02:45:06;SN19020;measure;10,44;9,69;9,17;44675,6;3412,2;593,2;138,0;124,2;96,6;64,4;13,8;9,2;4,6;4,6;0,0;0,0;0,0;0,0;0,0;0,0;0,0;0,0;0,0;0,0;0,0;0,0;0,0;177340612;21,6;31,0;40,3;2020-08-17 00:45:06;E10,933445;N48,400200;488,500;300;SW V1-11 (2020-06-17);2019-06-11 14:16:04;original set-up
2020-08-17 02:50:06;SN19020;measure;10,76;9,00;8,55;41407,8;3090,1;597,8;151,7;124,2;69,0;55,2;9,2;13,8;13,8;9,2;4,6;0,0;0,0;0,0;0,0;0,0;0,0;0,0;0,0;0,0;0,0;0,0;0,0;177340612;21,6;31,0;40,4;2020-08-17 00:50:06;E10,933388;N48,400212;482,000;300;SW V1-11 (2020-06-17);2019-06-11 14:16:04;original set-up
2020-08-17 02:55:06;SN19020;measure;10,26;8,12;7,77;37152,3;2924,7;487,5;124,2;110,4;69,0;23,0;13,8;23,0;9,2;13,8;4,6;0,0;0,0;0,0;0,0;4,6;0,0;0,0;0,0;0,0;0,0;0,0;0,0;177340612;21,6;30,9;40,0;2020-08-17 00:55:06;E10,933400;N48,400245;484,600;300;SW V1-11 (2020-06-17);2019-06-11 14:16:04;original set-up
2020-08-17 03:00:06;SN19020;measure;9,08;8,13;7,62;36170,3;2795,8;492,0;133,4;92,0;115,0;55,2;9,2;9,2;9,2;0,0;4,6;0,0;0,0;0,0;0,0;0,0;0,0;0,0;0,0;0,0;0,0;0,0;0,0;177340612;21,6;30,8;39,9;2020-08-17 01:00:06;E10,933497;N48,400198;489,500;300;SW V1-11 (2020-06-17);2019-06-11 14:16:04;original set-up
2020-08-17 03:05:06;SN19020;measure;8,63;7,97;7,58;36237,1;2552,2;579,4;128,8;105,8;64,4;36,8;13,8;18,4;4,6;0,0;0,0;0,0;0,0;0,0;0,0;0,0;0,0;0,0;0,0;0,0;0,0;0,0;0,0;177340612;21,5;30,8;40,0;2020-08-17 01:05:06;E10,933482;N48,400225;490,700;300;SW V1-11 (2020-06-17);2019-06-11 14:16:04;original set-up
2020-08-17 03:10:06;SN19020;measure;7,77;7,27;6,86;33041,6;2424,7;443,0;144,6;121,2;42,0;51,3;14,0;18,7;0,0;0,0;0,0;0,0;0,0;0,0;0,0;0,0;0,0;0,0;0,0;0,0;0,0;0,0;0,0;177340612;21,4;30,7;40,1;2020-08-17 01:10:06;E10,933480;N48,400237;491,200;300;SW V1-11 (2020-06-17);2019-06-11 14:16:04;original set-up
2020-08-17 03:15:06;SN19020;measure;7,42;5,75;5,32;25384,7;1713,3;449,2;97,2;143,5;50,9;46,3;23,2;18,5;13,9;9,3;0,0;0,0;0,0;0,0;0,0;0,0;0,0;0,0;0,0;0,0;0,0;0,0;0,0;177340612;21,2;30,7;39,3;2020-08-17 01:15:06;E10,933468;N48,400252;491,400;300;SW V1-11 (2020-06-17);2019-06-11 14:16:04;original set-up
2020-08-17 03:20:06;SN19020;measure;7,16;5,24;4,82;22629,8;1683,1;367,9;73,6;82,8;64,4;41,4;32,2;13,8;9,2;4,6;9,2;0,0;0,0;0,0;0,0;0,0;0,0;0,0;0,0;0,0;0,0;0,0;0,0;177340612;21,1;30,6;38,6;2020-08-17 01:20:06;E10,933448;N48,400188;483,600;300;SW V1-11 (2020-06-17);2019-06-11 14:16:04;original set-up
2020-08-17 03:25:06;SN19020;measure;6,49;5,55;5,09;23660,4;1897,0;328,7;159,6;117,4;51,7;42,3;32,9;14,1;9,4;0,0;0,0;0,0;0,0;0,0;0,0;0,0;0,0;0,0;0,0;0,0;0,0;0,0;0,0;177340612;20,9;30,5;38,3;2020-08-17 01:25:06;E10,933420;N48,400240;481,900;300;SW V1-11 (2020-06-17);2019-06-11 14:16:04;original set-up
2020-08-17 03:30:06;SN19020;measure;6,42;5,49;5,07;23351,9;1676,3;435,3;143,5;78,7;41,7;41,7;32,4;13,9;9,3;0,0;0,0;0,0;0,0;0,0;4,6;0,0;0,0;0,0;0,0;0,0;0,0;0,0;0,0;177340612;21,1;30,4;38,3;2020-08-17 01:30:06;E10,933408;N48,400257;482,300;300;SW V1-11 (2020-06-17);2019-06-11 14:16:04;original set-up
2020-08-17 03:35:06;SN19020;measure;6,61;5,33;4,94;23291,0;1479,2;295,8;103,3;89,2;56,3;37,6;28,2;9,4;14,1;4,7;0,0;0,0;0,0;0,0;0,0;0,0;0,0;0,0;0,0;0,0;0,0;0,0;0,0;177340612;20,8;30,3;38,5;2020-08-17 01:35:06;E10,933457;N48,400183;478,300;300;SW V1-11 (2020-06-17);2019-06-11 14:16:04;original set-up
2020-08-17 03:40:06;SN19020;measure;6,36;4,94;4,57;21578,8;1489,7;302,7;94,6;104,0;56,7;37,8;14,2;18,9;0,0;14,2;0,0;0,0;0,0;0,0;0,0;0,0;0,0;0,0;0,0;4,7;0,0;0,0;0,0;177340612;20,6;30,2;38,5;2020-08-17 01:40:06;E10,933442;N48,400178;477,200;300;SW V1-11 (2020-06-17);2019-06-11 14:16:04;original set-up
2020-08-17 03:45:06;SN19020;measure;5,95;4,51;4,18;19721,7;1533,5;328,6;128,6;95,3;33,3;28,6;28,6;4,8;0,0;9,5;4,8;0,0;4,8;0,0;0,0;0,0;0,0;0,0;0,0;0,0;0,0;0,0;0,0;177340612;20,4;30,2;38,4;2020-08-17 01:45:06;E10,933462;N48,400203;471,400;300;SW V1-11 (2020-06-17);2019-06-11 14:16:04;original set-up
2020-08-17 03:50:06;SN19020;measure;6,65;4,59;4,09;19356,7;1426,1;316,4;141,1;116,8;102,2;48,7;14,6;14,6;19,5;14,6;0,0;0,0;0,0;0,0;0,0;0,0;0,0;0,0;0,0;0,0;0,0;0,0;0,0;177340612;20,2;30,1;38,2;2020-08-17 01:50:06;E10,933432;N48,400182;471,400;300;SW V1-11 (2020-06-17);2019-06-11 14:16:04;original set-up
2020-08-17 03:55:06;SN19020;measure;5,80;4,63;4,19;19549,8;1357,8;338,2;101,5;120,8;77,3;43,5;14,5;14,5;4,8;0,0;0,0;4,8;0,0;0,0;0,0;0,0;0,0;0,0;0,0;0,0;0,0;0,0;0,0;177340612;20,4;29,9;38,4;2020-08-17 01:55:06;E10,933445;N48,400215;476,100;300;SW V1-11 (2020-06-17);2019-06-11 14:16:04;original set-up
2020-08-17 04:00:06;SN19020;measure;6,72;4,54;4,06;18660,6;1421,9;392,2;166,7;137,3;68,6;44,1;29,4;4,9;24,5;4,9;0,0;4,9;0,0;0,0;0,0;0,0;0,0;0,0;0,0;0,0;0,0;0,0;0,0;177340612;20,5;29,8;38,5;2020-08-17 02:00:06;E10,933428;N48,400213;474,700;300;SW V1-11 (2020-06-17);2019-06-11 14:16:04;original set-up
2020-08-17 04:05:06;SN19020;measure;5,71;4,35;3,92;18192,0;1396,4;425,2;62,8;106,3;43,5;53,2;24,2;19,3;4,8;0,0;0,0;4,8;0,0;0,0;0,0;0,0;0,0;0,0;0,0;0,0;0,0;0,0;0,0;177340612;20,4;29,7;38,5;2020-08-17 02:05:06;E10,933423;N48,400260;475,400;300;SW V1-11 (2020-06-17);2019-06-11 14:16:04;original set-up
2020-08-17 04:10:06;SN19020;measure;5,43;4,31;3,81;17656,5;1358,6;396,0;110,3;135,4;75,2;50,1;25,1;15,0;0,0;0,0;0,0;5,0;0,0;0,0;0,0;0,0;0,0;0,0;0,0;0,0;0,0;0,0;5,0;177340612;20,2;29,7;38,5;2020-08-17 02:10:06;E10,933422;N48,400238;477,600;300;SW V1-11 (2020-06-17);2019-06-11 14:16:04;original set-up
2020-08-17 04:15:06;SN19020;measure;6,33;4,39;3,81;17586,9;1309,1;406,9;103,0;137,3;63,7;73,5;34,3;14,7;9,8;0,0;4,9;4,9;0,0;0,0;0,0;0,0;0,0;0,0;0,0;0,0;0,0;0,0;0,0;177340612;20,3;29,6;38,5;2020-08-17 02:15:06;E10,933423;N48,400232;478,500;300;SW V1-11 (2020-06-17);2019-06-11 14:16:04;original set-up
2020-08-17 04:20:06;SN19020;measure;5,31;4,18;3,72;17336,8;1473,7;391,4;91,8;125,6;116,0;38,7;19,3;4,8;4,8;4,8;4,8;0,0;0,0;0,0;0,0;0,0;0,0;0,0;0,0;0,0;0,0;0,0;0,0;177340612;20,2;29,6;38,8;2020-08-17 02:20:06;E10,933432;N48,400282;479,000;300;SW V1-11 (2020-06-17);2019-06-11 14:16:04;original set-up
2020-08-17 04:25:06;SN19020;measure;6,74;3,94;3,52;16703,2;1230,6;436,3;98,1;166,7;98,1;39,2;0,0;14,7;4,9;4,9;19,6;4,9;0,0;4,9;0,0;0,0;0,0;0,0;0,0;0,0;0,0;0,0;0,0;177340612;20,0;29,6;39,1;2020-08-17 02:25:06;E10,933392;N48,400227;477,800;300;SW V1-11 (2020-06-17);2019-06-11 14:16:04;original set-up
2020-08-17 04:35:06;SN19020;measure;6,16;4,19;3,70;18234,2;1408,8;441,2;145,4;115,3;65,2;60,2;15,0;30,1;10,0;15,0;0,0;0,0;0,0;0,0;0,0;0,0;0,0;0,0;0,0;0,0;0,0;0,0;0,0;177340612;19,5;29,6;39,4;2020-08-17 02:35:06;E10,933437;N48,400172;474,600;300;SW V1-11 (2020-06-17);2019-06-11 14:16:04;original set-up
2020-08-17 04:40:06;SN19020;measure;6,33;4,24;3,69;18283,6;1282,7;417,4;213,8;142,5;56,0;45,8;45,8;35,6;10,2;5,1;5,1;0,0;0,0;0,0;0,0;0,0;0,0;0,0;0,0;0,0;0,0;0,0;0,0;177340612;19,4;29,4;39,6;2020-08-17 02:40:06;E10,933452;N48,400183;473,200;300;SW V1-11 (2020-06-17);2019-06-11 14:16:04;original set-up
2020-08-17 04:45:06;SN19020;measure;5,35;4,34;3,82;18904,8;1514,0;371,0;130,3;160,4;100,3;55,1;30,1;5,0;10,0;5,0;0,0;0,0;0,0;0,0;0,0;0,0;0,0;0,0;0,0;0,0;0,0;0,0;0,0;177340612;19,4;29,3;40,0;2020-08-17 02:45:06;E10,933483;N48,400193;474,500;300;SW V1-11 (2020-06-17);2019-06-11 14:16:04;original set-up
2020-08-17 04:50:06;SN19020;measure;5,80;4,13;3,72;18698,6;1372,7;436,3;112,8;107,9;78,4;39,2;29,4;4,9;9,8;4,9;9,8;0,0;0,0;0,0;0,0;0,0;0,0;0,0;0,0;0,0;0,0;0,0;0,0;177340612;19,3;29,1;40,5;2020-08-17 02:50:06;E10,933462;N48,400215;477,800;300;SW V1-11 (2020-06-17);2019-06-11 14:16:04;original set-up
2020-08-17 04:55:06;SN19020;measure;4,59;4,08;3,72;18744,5;1560,8;573,0;118,5;123,5;64,2;34,6;19,8;9,9;4,9;0,0;0,0;0,0;0,0;0,0;0,0;0,0;0,0;0,0;0,0;0,0;0,0;0,0;0,0;177340612;19,2;29,0;40,9;2020-08-17 02:55:06;E10,933447;N48,400145;475,800;300;SW V1-11 (2020-06-17);2019-06-11 14:16:04;original set-up
2020-08-17 05:00:06;SN19020;measure;4,77;4,24;3,83;19685,8;1601,3;449,6;141,4;96,0;75,8;35,4;30,3;15,2;0,0;0,0;0,0;0,0;0,0;0,0;0,0;0,0;0,0;0,0;0,0;0,0;0,0;0,0;0,0;177340612;19,1;28,9;41,3;2020-08-17 03:00:06;E10,933453;N48,400153;468,500;300;SW V1-11 (2020-06-17);2019-06-11 14:16:04;original set-up
2020-08-17 05:05:06;SN19020;measure;5,23;4,31;3,76;19229,3;1500,3;406,9;161,8;171,6;93,2;63,7;14,7;34,3;4,9;0,0;0,0;0,0;0,0;0,0;0,0;0,0;0,0;0,0;0,0;0,0;0,0;0,0;0,0;177340612;19,1;28,7;41,6;2020-08-17 03:05:06;E10,933422;N48,400182;468,400;300;SW V1-11 (2020-06-17);2019-06-11 14:16:04;original set-up
2020-08-17 05:10:06;SN19020;measure;5,53;4,18;3,71;18915,6;1739,4;396,2;116,0;130,5;72,5;53,1;19,3;29,0;19,3;0,0;0,0;0,0;0,0;0,0;0,0;0,0;0,0;0,0;0,0;0,0;0,0;0,0;0,0;177340612;19,2;28,6;42,0;2020-08-17 03:10:06;E10,933410;N48,400175;473,100;300;SW V1-11 (2020-06-17);2019-06-11 14:16:04;original set-up
2020-08-17 05:15:06;SN19020;measure;6,12;4,19;3,64;18699,8;1505,2;357,9;156,9;132,4;88,3;73,5;19,6;19,6;4,9;9,8;9,8;0,0;0,0;0,0;0,0;0,0;0,0;0,0;0,0;0,0;0,0;0,0;0,0;177340612;19,1;28,5;42,2;2020-08-17 03:15:06;E10,933490;N48,400203;469,900;300;SW V1-11 (2020-06-17);2019-06-11 14:16:04;original set-up
2020-08-17 05:20:06;SN19020;measure;5,57;3,99;3,61;18611,1;1526,2;454,4;113,6;138,3;44,5;44,5;14,8;29,6;0,0;9,9;4,9;0,0;0,0;0,0;4,9;0,0;0,0;0,0;0,0;0,0;0,0;0,0;0,0;177340612;19,1;28,5;42,4;2020-08-17 03:20:06;E10,933462;N48,400205;467,800;300;SW V1-11 (2020-06-17);2019-06-11 14:16:04;original set-up
2020-08-17 05:25:06;SN19020;measure;5,24;4,25;3,74;19237,7;1632,2;393,1;174,2;164,2;74,6;59,7;34,8;5,0;10,0;5,0;0,0;0,0;0,0;0,0;0,0;0,0;0,0;0,0;0,0;0,0;0,0;0,0;0,0;177340612;19,1;28,5;42,6;2020-08-17 03:25:06;E10,933443;N48,400208;467,500;300;SW V1-11 (2020-06-17);2019-06-11 14:16:04;original set-up
2020-08-17 05:30:06;SN19020;measure;5,44;4,21;3,67;18909,3;1642,1;423,0;159,2;139,3;89,6;84,6;10,0;10,0;10,0;5,0;5,0;0,0;0,0;0,0;0,0;0,0;0,0;0,0;0,0;0,0;0,0;0,0;0,0;177340612;19,1;28,4;42,7;2020-08-17 03:30:06;E10,933425;N48,400208;466,500;300;SW V1-11 (2020-06-17);2019-06-11 14:16:04;original set-up
2020-08-17 05:35:06;SN19020;measure;5,85;4,18;3,71;19023,7;1602,3;427,9;179,1;119,4;94,5;59,7;5,0;14,9;24,9;0,0;0,0;5,0;0,0;5,0;0,0;0,0;0,0;0,0;0,0;0,0;0,0;0,0;0,0;177340612;19,1;28,4;42,7;2020-08-17 03:35:06;E10,933420;N48,400200;464,700;300;SW V1-11 (2020-06-17);2019-06-11 14:16:04;original set-up
2020-08-17 05:40:06;SN19020;measure;5,11;4,05;3,65;19201,6;1721,6;432,9;154,2;124,4;59,7;44,8;14,9;24,9;5,0;0,0;5,0;0,0;0,0;0,0;0,0;0,0;0,0;0,0;0,0;0,0;0,0;0,0;0,0;177340612;18,9;28,4;42,8;2020-08-17 03:40:06;E10,933395;N48,400173;469,100;300;SW V1-11 (2020-06-17);2019-06-11 14:16:04;original set-up
2020-08-17 05:45:06;SN19020;measure;8,02;4,57;3,71;19545,9;1532,1;463,2;178,2;122,2;122,2;122,2;40,7;61,1;25,5;15,3;5,1;0,0;0,0;0,0;0,0;0,0;0,0;0,0;0,0;0,0;0,0;0,0;0,0;177340612;18,9;28,3;42,9;2020-08-17 03:45:06;E10,933425;N48,400180;474,000;300;SW V1-11 (2020-06-17);2019-06-11 14:16:04;original set-up
2020-08-17 05:50:06;SN19020;measure;5,60;4,30;3,72;19698,5;1464,3;418,4;139,5;154,4;144,4;69,7;14,9;19,9;14,9;0,0;5,0;0,0;0,0;0,0;0,0;0,0;0,0;0,0;0,0;0,0;0,0;0,0;0,0;177340612;18,8;28,3;43,0;2020-08-17 03:50:06;E10,933485;N48,400237;473,800;300;SW V1-11 (2020-06-17);2019-06-11 14:16:04;original set-up
2020-08-17 05:55:06;SN19020;measure;5,72;4,35;3,74;19636,7;1619,3;546,4;110,3;175,5;130,3;80,2;20,1;15,0;20,1;5,0;0,0;0,0;0,0;0,0;0,0;0,0;0,0;0,0;0,0;0,0;0,0;0,0;0,0;177340612;18,9;28,2;43,2;2020-08-17 03:55:06;E10,933460;N48,400222;473,600;300;SW V1-11 (2020-06-17);2019-06-11 14:16:04;original set-up
2020-08-17 06:00:06;SN19020;measure;6,14;4,24;3,65;19460,3;1532,5;437,9;129,4;149,3;114,4;64,7;34,8;29,9;14,9;5,0;5,0;0,0;0,0;0,0;0,0;0,0;0,0;0,0;0,0;0,0;0,0;0,0;0,0;177340612;18,8;28,2;43,3;2020-08-17 04:00:06;E10,933470;N48,400240;474,300;300;SW V1-11 (2020-06-17);2019-06-11 14:16:04;original set-up
2020-08-17 06:05:06;SN19020;measure;4,79;3,94;3,38;18343,1;1601,2;447,7;141,1;92,5;121,7;82,7;29,2;0,0;9,7;0,0;4,9;0,0;0,0;0,0;0,0;0,0;4,9;0,0;0,0;0,0;0,0;0,0;0,0;177340612;18,6;28,1;43,4;2020-08-17 04:05:06;E10,933492;N48,400260;477,500;300;SW V1-11 (2020-06-17);2019-06-11 14:16:04;original set-up
2020-08-17 06:10:06;SN19020;measure;6,50;4,10;3,40;18269,3;1644,4;461,2;190,5;170,5;95,3;105,3;40,1;20,1;20,1;5,0;5,0;5,0;0,0;0,0;0,0;0,0;0,0;0,0;0,0;0,0;0,0;0,0;0,0;177340612;18,6;28,1;43,6;2020-08-17 04:10:06;E10,933515;N48,400263;488,100;300;SW V1-11 (2020-06-17);2019-06-11 14:16:04;original set-up
2020-08-17 06:15:06;SN19020;measure;9,46;4,11;3,29;17781,8;1714,5;436,1;190,5;165,4;160,4;75,2;65,2;65,2;45,1;30,1;10,0;0,0;0,0;5,0;0,0;5,0;0,0;0,0;0,0;0,0;0,0;0,0;0,0;177340612;18,6;28,0;43,8;2020-08-17 04:15:06;E10,933453;N48,400272;486,700;300;SW V1-11 (2020-06-17);2019-06-11 14:16:04;original set-up
2020-08-17 06:20:06;SN19020;measure;6,33;3,65;2,98;16590,4;1453,0;447,9;114,5;164,2;94,5;109,5;39,8;24,9;10,0;10,0;10,0;5,0;0,0;0,0;0,0;0,0;0,0;0,0;0,0;0,0;0,0;0,0;0,0;177340612;18,4;27,9;44,1;2020-08-17 04:20:06;E10,933493;N48,400208;481,000;300;SW V1-11 (2020-06-17);2019-06-11 14:16:04;original set-up
2020-08-17 06:25:06;SN19020;measure;4,69;3,43;2,93;15942,1;1277,6;432,7;127,3;147,6;91,6;61,1;20,4;35,6;15,3;0,0;0,0;0,0;0,0;0,0;0,0;0,0;0,0;0,0;0,0;0,0;0,0;0,0;0,0;177340612;18,6;27,8;44,2;2020-08-17 04:25:06;E10,933455;N48,400237;487,400;300;SW V1-11 (2020-06-17);2019-06-11 14:16:04;original set-up
2020-08-17 06:30:06;SN19020;measure;5,18;3,57;2,98;16387,9;1502,9;446,2;112,8;143,6;118,0;76,9;35,9;20,5;10,3;10,3;0,0;0,0;5,1;0,0;0,0;0,0;0,0;0,0;0,0;0,0;0,0;0,0;0,0;177340612;18,4;27,7;44,4;2020-08-17 04:30:06;E10,933498;N48,400258;488,200;300;SW V1-11 (2020-06-17);2019-06-11 14:16:04;original set-up
2020-08-17 06:35:06;SN19020;measure;7,60;3,72;3,04;16508,7;1431,7;387,6;129,2;196,4;124,0;67,2;56,9;41,3;41,3;5,2;0,0;10,3;5,2;0,0;0,0;0,0;0,0;0,0;0,0;0,0;0,0;0,0;0,0;177340612;18,6;27,7;44,5;2020-08-17 04:35:06;E10,933462;N48,400277;486,200;300;SW V1-11 (2020-06-17);2019-06-11 14:16:04;original set-up
2020-08-17 06:40:06;SN19020;measure;5,58;3,79;2,98;15911,2;1576,0;353,6;197,0;181,8;141,4;111,1;50,5;20,2;5,1;10,1;5,1;0,0;0,0;0,0;0,0;0,0;0,0;0,0;0,0;0,0;0,0;0,0;0,0;177340612;18,7;27,7;44,8;2020-08-17 04:40:06;E10,933473;N48,400195;481,700;300;SW V1-11 (2020-06-17);2019-06-11 14:16:04;original set-up
2020-08-17 06:45:06;SN19020;measure;6,34;3,62;2,91;15700,6;1308,0;518,1;112,8;189,8;97,5;97,5;46,2;46,2;15,4;10,3;0,0;5,1;0,0;5,1;0,0;0,0;0,0;0,0;0,0;0,0;0,0;0,0;0,0;177340612;18,7;27,7;45,0;2020-08-17 04:45:06;E10,933425;N48,400260;482,700;300;SW V1-11 (2020-06-17);2019-06-11 14:16:04;original set-up
2020-08-17 06:50:06;SN19020;measure;4,64;3,39;2,89;15203,0;1538,8;420,6;159,0;205,2;76,9;56,4;30,8;10,3;25,6;0,0;0,0;0,0;0,0;0,0;0,0;0,0;0,0;0,0;0,0;0,0;5,1;0,0;0,0;177340612;18,9;27,7;44,9;2020-08-17 04:50:06;E10,933463;N48,400337;479,600;300;SW V1-11 (2020-06-17);2019-06-11 14:16:04;original set-up
2020-08-17 06:55:06;SN19020;measure;4,82;3,17;2,79;14860,6;1459,8;404,1;121,2;186,9;65,7;45,5;10,1;20,2;10,1;10,1;5,1;0,0;0,0;0,0;0,0;0,0;0,0;0,0;0,0;0,0;0,0;0,0;0,0;177340612;18,8;27,7;44,9;2020-08-17 04:55:06;E10,933438;N48,400298;479,100;300;SW V1-11 (2020-06-17);2019-06-11 14:16:04;original set-up
2020-08-17 07:00:06;SN19020;measure;4,11;3,25;2,81;15244,1;1359,2;389,8;138,5;159,0;123,1;35,9;25,6;0,0;0,0;0,0;10,3;0,0;0,0;0,0;0,0;0,0;0,0;0,0;0,0;0,0;0,0;0,0;0,0;177340612;18,8;27,8;44,8;2020-08-17 05:00:06;E10,933422;N48,400277;478,400;300;SW V1-11 (2020-06-17);2019-06-11 14:16:04;original set-up
2020-08-17 07:05:06;SN19020;measure;4,47;3,19;2,63;14043,2;1227,5;414,2;131,3;131,3;146,5;60,6;30,3;5,1;5,1;5,1;0,0;5,1;0,0;0,0;0,0;0,0;0,0;0,0;0,0;0,0;0,0;0,0;0,0;177340612;18,9;27,9;44,7;2020-08-17 05:05:06;E10,933450;N48,400158;475,600;300;SW V1-11 (2020-06-17);2019-06-11 14:16:04;original set-up
2020-08-17 07:10:06;SN19020;measure;4,38;3,29;2,82;14811,8;1485,6;406,9;107,9;166,7;73,5;68,6;19,6;9,8;14,7;4,9;0,0;0,0;0,0;0,0;0,0;0,0;0,0;0,0;0,0;0,0;0,0;0,0;0,0;177340612;19,1;28,0;44,5;2020-08-17 05:10:06;E10,933422;N48,400155;472,100;300;SW V1-11 (2020-06-17);2019-06-11 14:16:04;original set-up
2020-08-17 07:15:06;SN19020;measure;3,80;2,80;2,44;12649,0;1203,1;410,7;91,8;135,3;82,1;38,7;9,7;14,5;0,0;0,0;9,7;0,0;0,0;0,0;0,0;0,0;0,0;0,0;0,0;0,0;0,0;0,0;0,0;177340612;19,3;28,1;44,5;2020-08-17 05:15:06;E10,933377;N48,400102;467,700;300;SW V1-11 (2020-06-17);2019-06-11 14:16:04;original set-up
2020-08-17 07:20:06;SN19020;measure;7,22;3,12;2,46;12723,5;1208,2;371,0;150,4;130,3;75,2;90,2;35,1;55,1;20,1;20,1;15,0;0,0;0,0;5,0;0,0;0,0;0,0;0,0;0,0;0,0;0,0;0,0;0,0;177340612;19,4;28,2;44,3;2020-08-17 05:20:06;E10,933422;N48,400205;468,800;300;SW V1-11 (2020-06-17);2019-06-11 14:16:04;original set-up
2020-08-17 07:25:06;SN19020;measure;3,99;2,84;2,35;11982,5;1204,2;393,1;164,2;134,4;69,7;54,7;39,8;5,0;5,0;10,0;0,0;0,0;0,0;0,0;0,0;0,0;0,0;0,0;0,0;0,0;0,0;0,0;0,0;177340612;19,6;28,4;44,1;2020-08-17 05:25:06;E10,933447;N48,400195;473,900;300;SW V1-11 (2020-06-17);2019-06-11 14:16:04;original set-up
2020-08-17 07:30:06;SN19020;measure;4,40;2,79;2,35;12007,5;1089,3;361,4;178,2;198,5;106,9;40,7;10,2;5,1;10,2;5,1;10,2;0,0;5,1;0,0;5,1;0,0;0,0;5,1;0,0;0,0;0,0;0,0;0,0;177340612;19,5;28,6;43,7;2020-08-17 05:30:06;E10,933470;N48,400190;473,200;300;SW V1-11 (2020-06-17);2019-06-11 14:16:04;original set-up
2020-08-17 07:35:06;SN19020;measure;7,33;3,09;2,24;11630,6;1138,0;426,1;150,4;125,3;125,3;125,3;30,1;70,2;10,0;20,1;10,0;5,0;5,0;0,0;0,0;0,0;0,0;0,0;0,0;0,0;0,0;0,0;0,0;177340612;19,4;28,7;43,4;2020-08-17 05:35:06;E10,933422;N48,400157;473,900;300;SW V1-11 (2020-06-17);2019-06-11 14:16:04;original set-up
2020-08-17 07:40:06;SN19020;measure;5,96;3,07;2,23;11549,4;1150,4;366,5;142,5;152,7;122,2;117,1;56,0;35,6;25,5;5,1;5,1;0,0;15,3;0,0;0,0;0,0;0,0;0,0;0,0;0,0;5,1;0,0;0,0;177340612;19,4;28,8;42,9;2020-08-17 05:40:06;E10,933402;N48,400133;473,400;300;SW V1-11 (2020-06-17);2019-06-11 14:16:04;original set-up
2020-08-17 07:45:06;SN19020;measure;7,41;2,85;2,21;11143,6;1015,4;399,1;151,5;156,6;80,8;65,7;55,6;45,5;50,5;15,2;10,1;0,0;0,0;5,1;0,0;0,0;5,1;0,0;0,0;0,0;0,0;0,0;0,0;177340612;19,6;28,9;42,5;2020-08-17 05:45:06;E10,933390;N48,400058;489,500;300;SW V1-11 (2020-06-17);2019-06-11 14:16:04;original set-up
2020-08-17 07:50:06;SN19020;measure;5,26;2,79;2,22;10963,9;1213,2;406,1;150,4;125,3;105,3;75,2;15,0;25,1;10,0;15,0;0,0;5,0;5,0;0,0;0,0;0,0;0,0;0,0;0,0;0,0;0,0;0,0;0,0;177340612;19,8;29,0;42,3;2020-08-17 05:50:06;E10,933412;N48,400128;495,200;300;SW V1-11 (2020-06-17);2019-06-11 14:16:04;original set-up
2020-08-17 07:55:06;SN19020;measure;4,83;2,93;2,26;11075,1;1224,2;369,9;151,1;151,1;88,6;83,4;46,9;20,8;5,2;15,6;0,0;0,0;0,0;5,2;5,2;0,0;0,0;0,0;0,0;0,0;0,0;0,0;0,0;177340612;19,9;29,1;42,3;2020-08-17 05:55:06;E10,933442;N48,400143;487,400;300;SW V1-11 (2020-06-17);2019-06-11 14:16:04;original set-up
2020-08-17 08:00:06;SN19020;measure;3,68;2,58;2,03;10261,6;895,9;422,5;157,8;122,2;91,6;66,2;25,5;30,5;10,2;0,0;0,0;0,0;0,0;0,0;0,0;0,0;0,0;0,0;0,0;0,0;0,0;0,0;0,0;177340612;19,6;29,2;42,1;2020-08-17 06:00:06;E10,933438;N48,400160;483,700;300;SW V1-11 (2020-06-17);2019-06-11 14:16:04;original set-up
2020-08-17 08:05:06;SN19020;measure;5,16;2,63;1,93;9590,3;1012,7;371,0;130,3;120,3;95,3;105,3;35,1;30,1;15,0;5,0;5,0;5,0;0,0;0,0;0,0;0,0;0,0;0,0;0,0;0,0;5,0;0,0;0,0;177340612;19,8;29,3;41,7;2020-08-17 06:05:06;E10,933423;N48,400132;481,800;300;SW V1-11 (2020-06-17);2019-06-11 14:16:04;original set-up
2020-08-17 08:10:06;SN19020;measure;5,13;2,55;2,06;10398,1;1002,7;330,9;135,4;145,4;140,4;30,1;30,1;10,0;10,0;10,0;10,0;5,0;0,0;0,0;0,0;0,0;0,0;0,0;0,0;0,0;0,0;0,0;0,0;177340612;19,6;29,4;41,3;2020-08-17 06:10:06;E10,933423;N48,400167;476,100;300;SW V1-11 (2020-06-17);2019-06-11 14:16:04;original set-up
2020-08-17 08:15:06;SN19020;measure;3,48;2,32;1,92;9693,5;945,5;338,4;84,6;139,3;104,5;44,8;10,0;0,0;19,9;5,0;0,0;0,0;5,0;0,0;0,0;0,0;0,0;0,0;0,0;0,0;0,0;0,0;0,0;177340612;19,6;29,5;41,0;2020-08-17 06:15:06;E10,933408;N48,400183;476,300;300;SW V1-11 (2020-06-17);2019-06-11 14:16:04;original set-up
2020-08-17 08:20:06;SN19020;measure;6,28;2,79;2,14;10743,4;1199,2;293,6;109,5;129,4;129,4;64,7;24,9;59,7;19,9;5,0;10,0;5,0;0,0;0,0;0,0;5,0;0,0;0,0;0,0;0,0;0,0;0,0;0,0;177340612;19,6;29,4;41,0;2020-08-17 06:20:06;E10,933412;N48,400175;470,600;300;SW V1-11 (2020-06-17);2019-06-11 14:16:04;original set-up
2020-08-17 08:25:06;SN19020;measure;13,05;3,05;1,98;10061,7;1119,6;398,1;174,2;194,1;139,3;129,4;84,6;84,6;39,8;34,8;29,9;19,9;19,9;10,0;5,0;0,0;0,0;5,0;14,9;5,0;5,0;10,0;0,0;177340612;19,2;29,4;40,9;2020-08-17 06:25:06;E10,933448;N48,400155;470,100;300;SW V1-11 (2020-06-17);2019-06-11 14:16:04;original set-up
