***begin of header***
date&time [local time];serial-no;type;PM10 [ug/m3];PM2.5 [ug/m3];PM1 [ug/m3];0,35 [um];0,46 [um];0,66 [um];1,0 [um];1,3 [um];1,7 [um];2,3 [um];3,0 [um];4,0 [um];5,2 [um];6,5 [um];8,0 [um];10 [um];12 [um];14 [um];16 [um];18 [um];20 [um];22 [um];25 [um];28 [um];31 [um];34 [um];37 [um];serial-OPC;T-out [°C];T-aerosol [°C];rH [%];date&time [UTC];longitude [°];latitude [°];height [m];time-resolution [s];software-version;last calibration [local time];configuration version
***end of header***
2020-08-17 00:00:06;SN19052;measure;8,33;6,83;6,44;31742,1;1658,0;300,4;66,1;78,1;56,1;46,1;20,0;20,0;6,0;2,0;2,0;4,0;0,0;0,0;2,0;0,0;2,0;2,0;0,0;0,0;0,0;0,0;0,0;177890618;22,9;33,8;37,4;2020-08-16 22:00:06;E10,945118;N48,346270;492,400;300;SW V1-11 (2020-06-17);2019-06-11 14:16:04;original set-up
2020-08-17 00:05:06;SN19052;measure;7,10;6,34;6,05;28621,5;1439,3;287,5;64,5;66,5;35,2;37,2;9,8;9,8;3,9;2,0;2,0;0,0;2,0;0,0;0,0;0,0;0,0;2,0;0,0;0,0;0,0;0,0;0,0;177890618;23,1;33,7;36,4;2020-08-16 22:05:06;E10,945117;N48,346272;492,300;300;SW V1-11 (2020-06-17);2019-06-11 14:16:04;original set-up
2020-08-17 00:10:06;SN19052;measure;7,46;6,02;5,65;25910,5;1436,0;226,1;79,2;83,1;42,5;48,3;13,5;11,6;5,8;9,7;1,9;0,0;1,9;0,0;0,0;1,9;0,0;0,0;0,0;0,0;0,0;0,0;0,0;177890618;23,4;33,6;36,1;2020-08-16 22:10:06;E10,945115;N48,346272;492,300;300;SW V1-11 (2020-06-17);2019-06-11 14:16:04;original set-up
2020-08-17 00:15:06;SN19052;measure;6,87;5,79;5,46;24519,5;1302,9;251,7;67,3;50,0;44,2;40,4;15,4;7,7;7,7;0,0;5,8;0,0;0,0;0,0;0,0;0,0;0,0;0,0;0,0;0,0;0,0;0,0;0,0;177890618;23,7;33,5;35,6;2020-08-16 22:15:06;E10,945108;N48,346278;492,100;300;SW V1-11 (2020-06-17);2019-06-11 14:16:04;original set-up
2020-08-17 00:20:06;SN19052;measure;6,67;5,68;5,42;24161,1;1230,7;243,4;61,3;55,4;57,4;17,8;9,9;11,9;5,9;5,9;0,0;0,0;0,0;0,0;0,0;2,0;0,0;0,0;0,0;0,0;0,0;0,0;0,0;177890618;23,8;33,5;35,4;2020-08-16 22:20:06;E10,945107;N48,346278;491,700;300;SW V1-11 (2020-06-17);2019-06-11 14:16:04;original set-up
2020-08-17 00:25:06;SN19052;measure;7,08;5,64;5,27;23239,9;1079,3;258,3;64,1;70,1;54,1;36,0;20,0;14,0;0,0;4,0;8,0;0,0;0,0;0,0;0,0;0,0;0,0;0,0;0,0;0,0;0,0;0,0;0,0;177890618;23,9;33,5;35,1;2020-08-16 22:25:06;E10,945108;N48,346282;491,400;300;SW V1-11 (2020-06-17);2019-06-11 14:16:04;original set-up
2020-08-17 00:30:06;SN19052;measure;6,32;5,32;4,98;21790,8;1026,7;191,6;54,8;72,4;43,0;41,1;11,7;9,8;7,8;2,0;2,0;0,0;2,0;0,0;0,0;0,0;0,0;0,0;0,0;0,0;0,0;0,0;0,0;177890618;24,1;33,6;34,8;2020-08-16 22:30:06;E10,945110;N48,346282;491,000;300;SW V1-11 (2020-06-17);2019-06-11 14:16:04;original set-up
2020-08-17 00:35:06;SN19052;measure;5,74;4,85;4,52;19756,4;908,4;189,7;51,9;51,9;49,9;41,9;10,0;6,0;8,0;0,0;4,0;0,0;0,0;2,0;0,0;0,0;0,0;0,0;0,0;0,0;0,0;0,0;0,0;177890618;24,1;33,6;34,4;2020-08-16 22:35:06;E10,945110;N48,346283;490,600;300;SW V1-11 (2020-06-17);2019-06-11 14:16:04;original set-up
2020-08-17 00:40:06;SN19052;measure;5,85;4,92;4,57;19558,1;912,6;231,7;56,4;74,5;48,4;28,2;22,2;14,1;4,0;0,0;2,0;0,0;2,0;0,0;0,0;0,0;0,0;0,0;0,0;0,0;0,0;0,0;0,0;177890618;24,4;33,7;33,7;2020-08-16 22:40:06;E10,945112;N48,346283;490,400;300;SW V1-11 (2020-06-17);2019-06-11 14:16:04;original set-up
2020-08-17 00:45:06;SN19052;measure;6,44;4,65;4,30;18670,4;917,4;220,2;70,7;72,7;28,3;40,4;20,2;10,1;10,1;4,0;8,1;0,0;0,0;0,0;0,0;0,0;0,0;2,0;0,0;0,0;0,0;0,0;0,0;177890618;23,8;33,8;33,3;2020-08-16 22:45:06;E10,945112;N48,346285;490,200;300;SW V1-11 (2020-06-17);2019-06-11 14:16:04;original set-up
2020-08-17 00:50:06;SN19052;measure;5,75;4,56;4,21;18169,8;859,3;249,3;48,6;70,9;40,5;40,5;12,2;16,2;6,1;4,1;2,0;0,0;0,0;0,0;0,0;0,0;0,0;0,0;0,0;0,0;0,0;0,0;0,0;177890618;23,9;33,8;32,9;2020-08-16 22:50:06;E10,945112;N48,346285;490,000;300;SW V1-11 (2020-06-17);2019-06-11 14:16:04;original set-up
2020-08-17 00:55:06;SN19052;measure;6,18;4,48;4,15;18042,5;855,6;213,9;71,3;65,0;56,6;27,3;12,6;18,9;12,6;4,2;4,2;0,0;0,0;0,0;0,0;0,0;0,0;0,0;0,0;0,0;0,0;0,0;0,0;177890618;23,6;33,9;32,9;2020-08-16 22:55:06;E10,945112;N48,346288;489,600;300;SW V1-11 (2020-06-17);2019-06-11 14:16:04;original set-up
2020-08-17 01:00:06;SN19052;measure;5,09;4,32;4,04;17603,1;817,5;245,7;49,5;43,4;39,2;28,9;14,5;10,3;6,2;2,1;0,0;0,0;0,0;0,0;0,0;0,0;0,0;0,0;0,0;0,0;0,0;0,0;0,0;177890618;23,4;33,9;32,5;2020-08-16 23:00:06;E10,945112;N48,346292;489,200;300;SW V1-11 (2020-06-17);2019-06-11 14:16:04;original set-up
2020-08-17 01:05:06;SN19052;measure;4,81;4,27;4,02;17338,0;883,7;212,7;34,8;61,4;49,1;22,5;6,1;6,1;4,1;0,0;2,0;0,0;0,0;0,0;0,0;0,0;0,0;0,0;0,0;0,0;0,0;0,0;0,0;177890618;23,6;33,9;32,2;2020-08-16 23:05:06;E10,945112;N48,346293;488,900;300;SW V1-11 (2020-06-17);2019-06-11 14:16:04;original set-up
2020-08-17 01:10:06;SN19052;measure;6,56;4,56;4,21;18123,5;870,8;220,9;58,9;54,7;61,0;27,3;18,9;14,7;0,0;8,4;4,2;4,2;0,0;2,1;0,0;2,1;0,0;0,0;0,0;0,0;0,0;0,0;0,0;177890618;23,6;33,8;32,5;2020-08-16 23:10:06;E10,945117;N48,346295;489,100;300;SW V1-11 (2020-06-17);2019-06-11 14:16:04;original set-up
2020-08-17 01:15:06;SN19052;measure;5,21;4,36;4,08;18021,4;851,2;163,6;37,3;53,8;35,2;35,2;6,2;14,5;8,3;2,1;0,0;0,0;0,0;0,0;0,0;0,0;0,0;0,0;0,0;0,0;0,0;0,0;2,1;177890618;23,1;33,8;32,8;2020-08-16 23:15:06;E10,945123;N48,346295;489,200;300;SW V1-11 (2020-06-17);2019-06-11 14:16:04;original set-up
2020-08-17 01:20:06;SN19052;measure;6,32;4,72;4,43;19411,1;1058,7;215,4;71,8;67,7;41,0;26,7;10,3;12,3;12,3;2,1;4,1;2,1;0,0;0,0;0,0;0,0;0,0;0,0;0,0;0,0;0,0;0,0;0,0;177890618;23,1;33,8;32,6;2020-08-16 23:20:06;E10,945130;N48,346293;489,400;300;SW V1-11 (2020-06-17);2019-06-11 14:16:04;original set-up
2020-08-17 01:25:06;SN19052;measure;6,07;5,09;4,78;21113,3;1152,1;250,8;61,2;55,1;34,7;36,7;12,2;14,3;6,1;2,0;2,0;0,0;0,0;0,0;0,0;0,0;0,0;0,0;0,0;0,0;0,0;0,0;0,0;177890618;23,1;33,7;33,1;2020-08-16 23:25:06;E10,945133;N48,346295;489,500;300;SW V1-11 (2020-06-17);2019-06-11 14:16:04;original set-up
2020-08-17 01:30:06;SN19052;measure;7,31;5,46;5,14;23154,0;1272,5;256,9;65,3;73,4;34,7;34,7;18,4;12,2;8,2;8,2;6,1;0,0;2,0;0,0;0,0;2,0;0,0;0,0;0,0;0,0;0,0;0,0;0,0;177890618;22,8;33,6;33,8;2020-08-16 23:30:06;E10,945140;N48,346295;489,500;300;SW V1-11 (2020-06-17);2019-06-11 14:16:04;original set-up
2020-08-17 01:35:06;SN19052;measure;6,26;5,69;5,37;24673,6;1209,6;219,6;61,0;67,1;30,5;46,8;12,2;6,1;2,0;0,0;0,0;2,0;0,0;0,0;0,0;0,0;0,0;0,0;0,0;0,0;0,0;0,0;0,0;177890618;22,6;33,5;34,3;2020-08-16 23:35:06;E10,945142;N48,346297;489,500;300;SW V1-11 (2020-06-17);2019-06-11 14:16:04;original set-up
2020-08-17 01:40:06;SN19052;measure;6,44;5,62;5,32;24663,5;1290,9;254,1;63,0;54,9;48,8;36,6;12,2;6,1;8,1;4,1;0,0;0,0;0,0;2,0;0,0;0,0;0,0;0,0;0,0;0,0;0,0;0,0;0,0;177890618;22,4;33,4;34,8;2020-08-16 23:40:06;E10,945138;N48,346300;489,200;300;SW V1-11 (2020-06-17);2019-06-11 14:16:04;original set-up
2020-08-17 01:45:06;SN19052;measure;6,26;5,40;5,16;23971,3;1278,4;270,3;73,0;65,1;39,5;21,7;9,9;9,9;2,0;3,9;0,0;2,0;0,0;0,0;0,0;0,0;0,0;0,0;0,0;0,0;0,0;0,0;0,0;177890618;22,4;33,3;35,1;2020-08-16 23:45:06;E10,945142;N48,346300;489,300;300;SW V1-11 (2020-06-17);2019-06-11 14:16:04;original set-up
2020-08-17 01:50:06;SN19052;measure;6,13;5,41;5,18;24331,0;1207,7;245,7;84,6;72,3;35,1;18,6;8,3;14,5;2,1;4,1;0,0;0,0;0,0;0,0;0,0;2,1;0,0;0,0;0,0;0,0;0,0;0,0;0,0;177890618;22,1;33,1;35,2;2020-08-16 23:50:06;E10,945142;N48,346300;489,300;300;SW V1-11 (2020-06-17);2019-06-11 14:16:04;original set-up
2020-08-17 01:55:06;SN19052;measure;6,37;5,31;5,03;23483,7;1220,8;223,6;75,9;65,7;43,1;30,8;12,3;8,2;6,2;2,1;2,1;2,1;0,0;0,0;0,0;0,0;0,0;0,0;0,0;0,0;0,0;0,0;0,0;177890618;22,1;33,0;35,2;2020-08-16 23:55:06;E10,945142;N48,346300;489,200;300;SW V1-11 (2020-06-17);2019-06-11 14:16:04;original set-up
2020-08-17 02:00:06;SN19052;measure;6,20;5,43;5,16;24128,8;1186,9;216,2;55,1;67,3;38,7;30,6;8,2;12,2;2,0;0,0;4,1;0,0;2,0;0,0;0,0;0,0;0,0;0,0;0,0;0,0;0,0;0,0;0,0;177890618;22,0;32,8;35,3;2020-08-17 00:00:06;E10,945142;N48,346302;489,000;300;SW V1-11 (2020-06-17);2019-06-11 14:16:04;original set-up
2020-08-17 02:05:06;SN19052;measure;6,35;5,53;5,29;24818,4;1335,6;236,5;55,1;79,5;34,7;26,5;6,1;10,2;4,1;0,0;2,0;2,0;0,0;0,0;0,0;0,0;0,0;0,0;0,0;0,0;0,0;0,0;0,0;177890618;21,9;32,6;35,6;2020-08-17 00:05:06;E10,945138;N48,346303;489,000;300;SW V1-11 (2020-06-17);2019-06-11 14:16:04;original set-up
2020-08-17 02:10:06;SN19052;measure;6,77;5,73;5,42;25199,8;1232,0;260,2;79,3;69,1;52,9;26,4;10,2;18,3;8,1;4,1;0,0;0,0;0,0;0,0;0,0;0,0;0,0;0,0;0,0;0,0;0,0;0,0;0,0;177890618;22,1;32,5;36,1;2020-08-17 00:10:06;E10,945140;N48,346303;488,800;300;SW V1-11 (2020-06-17);2019-06-11 14:16:04;original set-up
2020-08-17 02:15:06;SN19052;measure;5,56;5,29;5,04;23434,3;1221,2;232,8;61,2;53,3;45,4;23,7;11,8;7,9;0,0;0,0;0,0;0,0;0,0;0,0;0,0;0,0;0,0;0,0;0,0;0,0;0,0;0,0;0,0;177890618;22,1;32,3;36,2;2020-08-17 00:15:06;E10,945147;N48,346305;488,800;300;SW V1-11 (2020-06-17);2019-06-11 14:16:04;original set-up
2020-08-17 02:20:06;SN19052;measure;5,79;5,38;5,14;23894,7;1269,5;226,3;34,0;56,1;42,1;30,0;6,0;6,0;6,0;0,0;0,0;0,0;0,0;0,0;0,0;0,0;0,0;0,0;0,0;0,0;0,0;0,0;0,0;177890618;22,1;32,2;36,4;2020-08-17 00:20:06;E10,945152;N48,346305;488,800;300;SW V1-11 (2020-06-17);2019-06-11 14:16:04;original set-up
2020-08-17 02:25:06;SN19052;measure;6,52;5,75;5,47;25434,2;1366,8;238,6;64,5;68,4;43,0;31,3;11,7;3,9;5,9;2,0;0,0;2,0;0,0;0,0;0,0;0,0;0,0;0,0;0,0;0,0;0,0;0,0;0,0;177890618;22,1;32,2;36,5;2020-08-17 00:25:06;E10,945153;N48,346307;488,600;300;SW V1-11 (2020-06-17);2019-06-11 14:16:04;original set-up
2020-08-17 02:30:06;SN19052;measure;7,27;6,21;5,93;27569,5;1771,6;302,6;79,6;101,5;37,8;21,9;19,9;6,0;2,0;2,0;4,0;2,0;0,0;0,0;0,0;0,0;0,0;0,0;0,0;0,0;0,0;0,0;0,0;177890618;22,0;32,1;36,7;2020-08-17 00:30:06;E10,945155;N48,346307;488,700;300;SW V1-11 (2020-06-17);2019-06-11 14:16:04;original set-up
2020-08-17 02:35:06;SN19052;measure;6,79;5,80;5,48;25751,7;1468,1;245,7;54,6;56,5;39,0;40,9;17,5;13,6;3,9;1,9;0,0;1,9;1,9;0,0;0,0;1,9;0,0;0,0;0,0;0,0;0,0;0,0;0,0;177890618;21,9;32,1;36,9;2020-08-17 00:35:06;E10,945157;N48,346307;488,200;300;SW V1-11 (2020-06-17);2019-06-11 14:16:04;original set-up
2020-08-17 02:40:06;SN19052;measure;6,95;5,76;5,43;25369,9;1411,3;260,8;61,7;89,6;51,8;29,9;23,9;8,0;0,0;4,0;4,0;2,0;0,0;0,0;0,0;0,0;0,0;0,0;0,0;0,0;0,0;0,0;0,0;177890618;22,0;32,1;36,9;2020-08-17 00:40:06;E10,945162;N48,346305;488,100;300;SW V1-11 (2020-06-17);2019-06-11 14:16:04;original set-up
2020-08-17 02:45:06;SN19052;measure;6,07;5,65;5,41;24997,2;1300,5;237,9;62,4;78,0;35,1;23,4;7,8;9,7;3,9;0,0;0,0;0,0;0,0;0,0;0,0;0,0;0,0;0,0;0,0;0,0;0,0;0,0;0,0;177890618;22,3;32,0;37,1;2020-08-17 00:45:06;E10,945167;N48,346303;488,200;300;SW V1-11 (2020-06-17);2019-06-11 14:16:04;original set-up
2020-08-17 02:50:06;SN19052;measure;6,83;5,86;5,57;25531,2;1371,5;244,8;69,7;65,7;39,8;29,9;8,0;17,9;4,0;2,0;0,0;2,0;0,0;0,0;0,0;0,0;0,0;0,0;0,0;0,0;0,0;0,0;0,0;177890618;22,4;32,0;37,0;2020-08-17 00:50:06;E10,945170;N48,346300;488,500;300;SW V1-11 (2020-06-17);2019-06-11 14:16:04;original set-up
2020-08-17 02:55:06;SN19052;measure;6,48;5,89;5,58;26111,7;1361,9;286,1;78,6;72,5;40,3;38,3;12,1;8,1;8,1;0,0;0,0;0,0;0,0;0,0;0,0;0,0;0,0;0,0;0,0;0,0;0,0;0,0;0,0;177890618;21,9;32,0;37,0;2020-08-17 00:55:06;E10,945170;N48,346298;488,800;300;SW V1-11 (2020-06-17);2019-06-11 14:16:04;original set-up
2020-08-17 03:00:06;SN19052;measure;6,69;5,75;5,39;25222,9;1432,7;309,2;88,9;78,8;48,5;38,4;12,1;24,2;4,0;2,0;0,0;0,0;2,0;0,0;0,0;0,0;0,0;0,0;0,0;0,0;0,0;0,0;0,0;177890618;22,1;32,0;37,4;2020-08-17 01:00:06;E10,945158;N48,346303;488,800;300;SW V1-11 (2020-06-17);2019-06-11 14:16:04;original set-up
2020-08-17 03:05:06;SN19052;measure;6,30;5,78;5,51;25883,2;1479,2;279,3;45,2;92,4;62,9;23,6;9,8;3,9;2,0;2,0;2,0;0,0;0,0;0,0;0,0;0,0;0,0;0,0;0,0;0,0;0,0;0,0;0,0;177890618;22,1;32,0;37,6;2020-08-17 01:05:06;E10,945162;N48,346307;489,300;300;SW V1-11 (2020-06-17);2019-06-11 14:16:04;original set-up
2020-08-17 03:10:06;SN19052;measure;6,66;5,97;5,60;26338,4;1548,9;300,5;71,7;87,2;52,3;46,5;15,5;9,7;0,0;1,9;0,0;1,9;0,0;0,0;0,0;0,0;0,0;0,0;0,0;0,0;0,0;0,0;0,0;177890618;22,0;31,9;37,6;2020-08-17 01:10:06;E10,945165;N48,346317;489,000;300;SW V1-11 (2020-06-17);2019-06-11 14:16:04;original set-up
2020-08-17 03:15:06;SN19052;measure;7,22;6,07;5,72;27071,6;1562,4;344,0;80,7;76,9;74,9;26,9;21,1;11,5;9,6;0,0;1,9;1,9;0,0;0,0;0,0;0,0;0,0;0,0;0,0;0,0;0,0;0,0;0,0;177890618;21,8;31,9;37,6;2020-08-17 01:15:06;E10,945163;N48,346317;488,900;300;SW V1-11 (2020-06-17);2019-06-11 14:16:04;original set-up
2020-08-17 03:20:06;SN19052;measure;6,71;5,89;5,56;26412,6;1547,4;304,7;61,3;102,9;39,6;41,6;9,9;13,9;2,0;0,0;2,0;2,0;0,0;0,0;0,0;0,0;0,0;0,0;0,0;0,0;0,0;0,0;0,0;177890618;21,8;31,8;37,7;2020-08-17 01:20:06;E10,945162;N48,346313;488,700;300;SW V1-11 (2020-06-17);2019-06-11 14:16:04;original set-up
2020-08-17 03:25:06;SN19052;measure;6,63;5,36;5,00;24088,4;1302,5;307,2;75,8;91,4;66,1;31,1;21,4;13,6;3,9;5,8;3,9;0,0;0,0;1,9;0,0;0,0;0,0;0,0;0,0;0,0;0,0;0,0;0,0;177890618;21,5;31,8;37,8;2020-08-17 01:25:06;E10,945158;N48,346310;488,600;300;SW V1-11 (2020-06-17);2019-06-11 14:16:04;original set-up
2020-08-17 03:30:06;SN19052;measure;5,54;5,06;4,80;23220,9;1377,3;299,7;63,5;81,4;61,5;15,9;13,9;7,9;2,0;2,0;0,0;0,0;0,0;0,0;0,0;0,0;2,0;0,0;0,0;0,0;0,0;0,0;0,0;177890618;21,4;31,7;37,8;2020-08-17 01:30:06;E10,945155;N48,346310;488,600;300;SW V1-11 (2020-06-17);2019-06-11 14:16:04;original set-up
2020-08-17 03:35:06;SN19052;measure;5,73;5,00;4,70;22933,8;1223,2;275,2;78,3;66,3;42,2;34,1;14,1;12,1;6,0;0,0;2,0;0,0;0,0;0,0;0,0;0,0;0,0;0,0;0,0;0,0;0,0;0,0;0,0;177890618;21,1;31,6;37,7;2020-08-17 01:35:06;E10,945153;N48,346308;488,400;300;SW V1-11 (2020-06-17);2019-06-11 14:16:04;original set-up
2020-08-17 03:40:06;SN19052;measure;5,69;4,46;4,14;20151,5;1228,5;266,7;74,8;68,7;68,7;30,3;14,1;8,1;6,1;6,1;4,0;0,0;2,0;2,0;0,0;0,0;0,0;0,0;0,0;0,0;0,0;0,0;0,0;177890618;21,0;31,6;37,6;2020-08-17 01:40:06;E10,945152;N48,346305;488,500;300;SW V1-11 (2020-06-17);2019-06-11 14:16:04;original set-up
2020-08-17 03:45:06;SN19052;measure;4,60;3,95;3,74;17919,7;962,8;245,3;46,6;73,0;40,5;18,2;12,2;4,1;6,1;0,0;0,0;2,0;0,0;0,0;0,0;0,0;0,0;0,0;0,0;0,0;0,0;0,0;0,0;177890618;20,9;31,5;37,0;2020-08-17 01:45:06;E10,945148;N48,346303;488,300;300;SW V1-11 (2020-06-17);2019-06-11 14:16:04;original set-up
2020-08-17 03:50:06;SN19052;measure;5,18;4,00;3,68;17307,4;1140,7;243,2;60,8;94,4;56,6;29,4;12,6;16,8;0,0;4,2;2,1;2,1;2,1;0,0;0,0;0,0;0,0;0,0;0,0;0,0;0,0;0,0;0,0;177890618;21,1;31,4;36,9;2020-08-17 01:50:06;E10,945143;N48,346298;488,000;300;SW V1-11 (2020-06-17);2019-06-11 14:16:04;original set-up
2020-08-17 03:55:06;SN19052;measure;4,78;4,08;3,71;17373,0;988,5;279,1;61,8;78,8;36,2;59,6;10,7;10,7;6,4;2,1;0,0;0,0;0,0;0,0;0,0;0,0;0,0;0,0;0,0;0,0;0,0;0,0;0,0;177890618;21,1;31,3;36,9;2020-08-17 01:55:06;E10,945138;N48,346293;487,800;300;SW V1-11 (2020-06-17);2019-06-11 14:16:04;original set-up
2020-08-17 04:00:06;SN19052;measure;5,16;3,89;3,52;16362,6;874,5;272,1;51,9;83,1;37,4;51,9;18,7;10,4;8,3;6,2;2,1;0,0;0,0;0,0;0,0;0,0;0,0;0,0;0,0;0,0;0,0;0,0;0,0;177890618;21,1;31,2;36,7;2020-08-17 02:00:06;E10,945138;N48,346290;487,500;300;SW V1-11 (2020-06-17);2019-06-11 14:16:04;original set-up
2020-08-17 04:05:06;SN19052;measure;4,72;3,73;3,42;15750,5;877,0;263,3;82,8;76,4;42,5;27,6;21,2;6,4;6,4;6,4;0,0;0,0;0,0;0,0;0,0;0,0;0,0;0,0;0,0;0,0;0,0;0,0;0,0;177890618;21,2;31,2;36,6;2020-08-17 02:05:06;E10,945132;N48,346287;487,000;300;SW V1-11 (2020-06-17);2019-06-11 14:16:04;original set-up
2020-08-17 04:10:06;SN19052;measure;4,74;3,68;3,32;15278,5;898,4;216,5;62,2;79,3;57,9;34,3;21,4;15,0;10,7;2,1;0,0;0,0;0,0;0,0;0,0;0,0;0,0;0,0;0,0;0,0;0,0;0,0;0,0;177890618;21,1;31,2;36,3;2020-08-17 02:10:06;E10,945130;N48,346283;486,500;300;SW V1-11 (2020-06-17);2019-06-11 14:16:04;original set-up
2020-08-17 04:15:06;SN19052;measure;3,78;3,46;3,23;14983,2;925,2;266,7;75,0;64,6;39,6;18,8;12,5;6,3;2,1;0,0;0,0;0,0;0,0;0,0;0,0;0,0;0,0;0,0;0,0;0,0;0,0;0,0;0,0;177890618;20,9;31,2;36,2;2020-08-17 02:15:06;E10,945128;N48,346283;486,200;300;SW V1-11 (2020-06-17);2019-06-11 14:16:04;original set-up
2020-08-17 04:20:06;SN19052;measure;4,42;3,54;3,24;14896,8;843,1;252,7;70,1;80,7;42,5;27,6;19,1;8,5;2,1;4,2;2,1;0,0;0,0;0,0;0,0;0,0;0,0;0,0;0,0;0,0;0,0;0,0;0,0;177890618;21,1;31,3;36,2;2020-08-17 02:20:06;E10,945128;N48,346282;486,000;300;SW V1-11 (2020-06-17);2019-06-11 14:16:04;original set-up
2020-08-17 04:25:06;SN19052;measure;4,22;3,52;3,19;14766,1;904,8;280,9;79,3;79,3;40,7;42,9;6,4;15,0;4,3;0,0;2,1;0,0;0,0;0,0;0,0;0,0;0,0;0,0;0,0;2,1;2,1;0,0;0,0;177890618;21,0;31,3;36,4;2020-08-17 02:25:06;E10,945130;N48,346283;485,900;300;SW V1-11 (2020-06-17);2019-06-11 14:16:04;original set-up
2020-08-17 04:30:06;SN19052;measure;4,65;3,34;3,05;14238,2;884,1;268,9;38,7;58,1;55,9;23,7;15,1;23,7;6,5;4,3;2,2;0,0;0,0;2,2;0,0;0,0;0,0;0,0;2,2;0,0;0,0;0,0;2,2;177890618;20,8;31,2;36,3;2020-08-17 02:30:06;E10,945133;N48,346283;485,800;300;SW V1-11 (2020-06-17);2019-06-11 14:16:04;original set-up
2020-08-17 04:35:06;SN19052;measure;4,10;3,23;2,94;13735,2;875,8;284,3;73,2;77,3;50,2;31,4;8,4;12,5;4,2;2,1;0,0;2,1;0,0;0,0;0,0;0,0;0,0;0,0;0,0;0,0;0,0;0,0;0,0;177890618;20,7;31,1;36,4;2020-08-17 02:35:06;E10,945135;N48,346285;485,800;300;SW V1-11 (2020-06-17);2019-06-11 14:16:04;original set-up
2020-08-17 04:40:06;SN19052;measure;3,83;3,33;3,04;14256,3;939,5;225,8;66,0;70,3;42,6;34,1;12,8;4,3;4,3;2,1;0,0;0,0;0,0;0,0;0,0;0,0;0,0;0,0;0,0;0,0;0,0;0,0;0,0;177890618;20,8;31,1;36,6;2020-08-17 02:40:06;E10,945137;N48,346283;486,100;300;SW V1-11 (2020-06-17);2019-06-11 14:16:04;original set-up
2020-08-17 04:45:06;SN19052;measure;3,65;3,21;2,91;13855,3;857,9;241,0;54,0;85,2;45,7;31,2;16,6;10,4;2,1;0,0;0,0;0,0;0,0;0,0;2,1;0,0;0,0;0,0;0,0;0,0;0,0;0,0;0,0;177890618;20,5;31,0;36,8;2020-08-17 02:45:06;E10,945138;N48,346280;486,500;300;SW V1-11 (2020-06-17);2019-06-11 14:16:04;original set-up
2020-08-17 04:50:06;SN19052;measure;4,07;3,29;2,98;14126,0;804,8;293,1;61,6;70,1;38,2;40,3;14,9;12,7;10,6;0,0;0,0;0,0;0,0;0,0;0,0;0,0;0,0;0,0;0,0;0,0;0,0;0,0;0,0;177890618;20,6;31,0;37,0;2020-08-17 02:50:06;E10,945143;N48,346282;486,700;300;SW V1-11 (2020-06-17);2019-06-11 14:16:04;original set-up
2020-08-17 04:55:06;SN19052;measure;4,57;3,32;3,02;14534,9;874,3;284,8;68,4;94,9;48,6;26,5;15,5;17,7;6,6;4,4;0,0;2,2;0,0;0,0;0,0;0,0;0,0;0,0;0,0;0,0;0,0;0,0;0,0;177890618;20,3;30,9;37,2;2020-08-17 02:55:06;E10,945127;N48,346305;487,900;300;SW V1-11 (2020-06-17);2019-06-11 14:16:04;original set-up
2020-08-17 05:00:06;SN19052;measure;3,82;3,35;3,08;14877,3;857,0;275,5;63,4;80,9;24,0;37,2;8,7;13,1;0,0;2,2;0,0;0,0;0,0;0,0;0,0;0,0;0,0;0,0;0,0;0,0;0,0;0,0;0,0;177890618;20,3;30,8;37,3;2020-08-17 03:00:06;E10,945133;N48,346308;487,900;300;SW V1-11 (2020-06-17);2019-06-11 14:16:04;original set-up
2020-08-17 05:05:06;SN19052;measure;4,20;3,27;2,95;14128,8;951,3;243,3;67,3;84,7;50,0;36,9;10,9;15,2;2,2;2,2;4,3;0,0;0,0;0,0;0,0;0,0;0,0;0,0;0,0;0,0;0,0;0,0;0,0;177890618;20,4;30,8;37,5;2020-08-17 03:05:06;E10,945133;N48,346307;488,100;300;SW V1-11 (2020-06-17);2019-06-11 14:16:04;original set-up
2020-08-17 05:10:06;SN19052;measure;3,54;3,18;2,95;14202,0;857,3;292,3;56,3;69,3;58,5;19,5;4,3;6,5;0,0;2,2;0,0;0,0;2,2;2,2;0,0;0,0;0,0;0,0;0,0;0,0;0,0;0,0;0,0;177890618;20,3;30,7;37,6;2020-08-17 03:10:06;E10,945132;N48,346307;488,200;300;SW V1-11 (2020-06-17);2019-06-11 14:16:04;original set-up
2020-08-17 05:15:06;SN19052;measure;4,43;3,29;2,99;14377,3;933,1;255,5;49,8;67,1;43,3;36,8;15,2;15,2;4,3;2,2;2,2;2,2;0,0;0,0;0,0;0,0;0,0;0,0;0,0;0,0;0,0;0,0;0,0;177890618;20,4;30,6;37,9;2020-08-17 03:15:06;E10,945133;N48,346310;488,200;300;SW V1-11 (2020-06-17);2019-06-11 14:16:04;original set-up
2020-08-17 05:20:06;SN19052;measure;3,75;3,35;3,07;14904,4;1095,5;298,8;58,5;75,8;49,8;36,8;10,8;4,3;2,2;2,2;0,0;0,0;0,0;0,0;0,0;0,0;0,0;0,0;0,0;0,0;0,0;0,0;0,0;177890618;20,1;30,6;37,9;2020-08-17 03:20:06;E10,945137;N48,346312;487,900;300;SW V1-11 (2020-06-17);2019-06-11 14:16:04;original set-up
2020-08-17 05:25:06;SN19052;measure;3,94;3,33;3,02;14689,1;1008,9;339,9;82,3;93,1;41,1;36,8;8,7;19,5;4,3;0,0;0,0;0,0;0,0;0,0;0,0;0,0;0,0;0,0;0,0;0,0;0,0;0,0;0,0;177890618;20,1;30,5;38,0;2020-08-17 03:25:06;E10,945140;N48,346315;487,800;300;SW V1-11 (2020-06-17);2019-06-11 14:16:04;original set-up
2020-08-17 05:30:06;SN19052;measure;3,74;3,13;2,83;13864,2;928,8;281,4;80,1;86,6;36,8;41,1;10,8;6,5;6,5;0,0;2,2;0,0;0,0;0,0;0,0;0,0;0,0;0,0;0,0;0,0;0,0;0,0;0,0;177890618;20,0;30,4;38,2;2020-08-17 03:30:06;E10,945143;N48,346317;487,800;300;SW V1-11 (2020-06-17);2019-06-11 14:16:04;original set-up
2020-08-17 05:35:06;SN19052;measure;3,73;3,28;2,91;14207,3;931,0;264,1;69,3;99,6;56,3;49,8;13,0;6,5;2,2;2,2;0,0;0,0;0,0;0,0;0,0;0,0;0,0;0,0;0,0;0,0;0,0;0,0;0,0;177890618;20,1;30,3;38,4;2020-08-17 03:35:06;E10,945150;N48,346315;488,000;300;SW V1-11 (2020-06-17);2019-06-11 14:16:04;original set-up
2020-08-17 05:40:06;SN19052;measure;3,99;3,20;2,86;13995,1;954,8;268,5;80,1;119,1;69,3;30,3;10,8;17,3;6,5;2,2;0,0;0,0;0,0;0,0;0,0;0,0;0,0;0,0;0,0;0,0;0,0;0,0;0,0;177890618;20,0;30,2;38,7;2020-08-17 03:40:06;E10,945155;N48,346315;488,200;300;SW V1-11 (2020-06-17);2019-06-11 14:16:04;original set-up
2020-08-17 05:45:06;SN19052;measure;3,81;3,06;2,78;13717,0;928,8;281,4;90,9;90,9;43,3;30,3;8,7;15,2;6,5;0,0;2,2;0,0;0,0;0,0;0,0;0,0;0,0;0,0;0,0;0,0;0,0;0,0;0,0;177890618;19,8;30,1;38,8;2020-08-17 03:45:06;E10,945153;N48,346315;488,400;300;SW V1-11 (2020-06-17);2019-06-11 14:16:04;original set-up
2020-08-17 05:50:06;SN19052;measure;3,93;3,21;2,87;13940,0;902,8;257,6;93,1;84,4;58,5;36,8;15,2;15,2;0,0;2,2;2,2;0,0;0,0;0,0;0,0;0,0;0,0;0,0;0,0;0,0;0,0;0,0;0,0;177890618;20,1;30,1;39,0;2020-08-17 03:50:06;E10,945088;N48,346235;495,900;300;SW V1-11 (2020-06-17);2019-06-11 14:16:04;original set-up
2020-08-17 05:55:06;SN19052;measure;4,24;3,12;2,75;13674,6;957,0;285,8;52,0;75,8;62,8;52,0;15,2;10,8;2,2;6,5;4,3;0,0;0,0;0,0;0,0;0,0;0,0;0,0;0,0;0,0;0,0;0,0;0,0;177890618;19,8;30,0;39,2;2020-08-17 03:55:06;E10,945105;N48,346248;496,100;300;SW V1-11 (2020-06-17);2019-06-11 14:16:04;original set-up
2020-08-17 06:00:06;SN19052;measure;3,61;3,05;2,78;13888,1;820,5;231,6;77,9;99,6;60,6;17,3;19,5;4,3;4,3;0,0;2,2;0,0;0,0;0,0;0,0;0,0;0,0;0,0;0,0;0,0;0,0;0,0;0,0;177890618;19,8;29,9;39,3;2020-08-17 04:00:06;E10,945120;N48,346250;496,700;300;SW V1-11 (2020-06-17);2019-06-11 14:16:04;original set-up
2020-08-17 06:05:06;SN19052;measure;3,58;3,00;2,69;13099,1;924,7;278,9;60,8;71,3;44,0;46,1;8,4;6,3;4,2;0,0;0,0;2,1;0,0;0,0;0,0;0,0;0,0;0,0;0,0;0,0;0,0;0,0;0,0;177890618;20,1;29,9;39,5;2020-08-17 04:05:06;E10,945132;N48,346248;496,700;300;SW V1-11 (2020-06-17);2019-06-11 14:16:04;original set-up
2020-08-17 06:10:06;SN19052;measure;3,69;2,92;2,63;13039,9;775,4;251,4;93,7;83,1;61,8;21,3;10,7;17,0;6,4;2,1;0,0;0,0;0,0;0,0;0,0;0,0;0,0;0,0;0,0;0,0;0,0;0,0;0,0;177890618;19,9;29,8;39,7;2020-08-17 04:10:06;E10,945145;N48,346340;500,200;300;SW V1-11 (2020-06-17);2019-06-11 14:16:04;original set-up
2020-08-17 06:15:06;SN19052;measure;3,52;2,82;2,55;12736,5;827,7;242,3;72,9;79,3;38,6;32,2;12,9;10,7;2,1;4,3;0,0;0,0;2,1;0,0;0,0;0,0;0,0;0,0;0,0;0,0;0,0;0,0;0,0;177890618;19,8;29,8;39,8;2020-08-17 04:15:06;E10,945185;N48,346255;499,100;300;SW V1-11 (2020-06-17);2019-06-11 14:16:04;original set-up
2020-08-17 06:25:06;SN19052;measure;3,78;2,77;2,48;12568,1;824,0;263,3;59,5;80,7;38,2;36,1;19,1;10,6;4,2;8,5;0,0;0,0;0,0;0,0;0,0;0,0;0,0;0,0;0,0;2,1;0,0;0,0;0,0;177890618;19,6;29,7;39,9;2020-08-17 04:25:06;E10,945187;N48,346243;497,600;300;SW V1-11 (2020-06-17);2019-06-11 14:16:04;original set-up
2020-08-17 06:30:06;SN19052;measure;3,19;2,50;2,22;11277,4;799,7;255,5;49,9;93,5;39,5;27,0;24,9;10,4;8,3;0,0;0,0;0,0;0,0;0,0;0,0;0,0;0,0;0,0;0,0;0,0;0,0;0,0;0,0;177890618;19,6;29,7;40,1;2020-08-17 04:30:06;E10,945185;N48,346243;497,000;300;SW V1-11 (2020-06-17);2019-06-11 14:16:04;original set-up
2020-08-17 06:35:06;SN19052;measure;3,17;2,59;2,36;11694,5;777,2;276,1;40,3;70,1;44,6;19,1;12,7;8,5;2,1;0,0;0,0;2,1;0,0;0,0;0,0;0,0;0,0;0,0;0,0;0,0;0,0;0,0;0,0;177890618;19,9;29,7;40,1;2020-08-17 04:35:06;E10,945187;N48,346242;496,900;300;SW V1-11 (2020-06-17);2019-06-11 14:16:04;original set-up
2020-08-17 06:40:06;SN19052;measure;2,96;2,59;2,29;11527,2;776,2;250,9;68,6;68,6;66,5;34,3;15,0;2,1;2,1;2,1;0,0;0,0;0,0;0,0;0,0;0,0;0,0;0,0;0,0;0,0;0,0;0,0;0,0;177890618;19,7;29,6;40,3;2020-08-17 04:40:06;E10,945188;N48,346243;496,600;300;SW V1-11 (2020-06-17);2019-06-11 14:16:04;original set-up
2020-08-17 06:45:06;SN19052;measure;3,47;2,49;2,19;10935,5;723,1;214,6;77,1;104,2;75,0;18,8;16,7;10,4;6,3;2,1;4,2;0,0;0,0;2,1;0,0;0,0;0,0;0,0;0,0;0,0;0,0;0,0;0,0;177890618;19,9;29,7;40,4;2020-08-17 04:45:06;E10,945187;N48,346243;496,300;300;SW V1-11 (2020-06-17);2019-06-11 14:16:04;original set-up
2020-08-17 06:50:06;SN19052;measure;3,24;2,47;2,21;11085,8;741,2;257,0;53,1;63,7;36,1;38,2;12,7;0,0;2,1;2,1;0,0;4,2;0,0;0,0;0,0;0,0;0,0;0,0;0,0;0,0;0,0;0,0;0,0;177890618;19,8;29,7;40,3;2020-08-17 04:50:06;E10,945183;N48,346247;495,900;300;SW V1-11 (2020-06-17);2019-06-11 14:16:04;original set-up
2020-08-17 06:55:06;SN19052;measure;3,55;2,33;2,12;10737,4;754,7;208,0;72,9;68,6;23,6;10,7;23,6;12,9;4,3;4,3;2,1;2,1;0,0;0,0;0,0;0,0;0,0;0,0;0,0;0,0;0,0;0,0;0,0;177890618;19,8;29,7;40,4;2020-08-17 04:55:06;E10,945182;N48,346248;495,400;300;SW V1-11 (2020-06-17);2019-06-11 14:16:04;original set-up
2020-08-17 07:00:06;SN19052;measure;3,09;2,41;2,10;10181,2;763,6;230,2;68,8;103,3;38,7;36,6;17,2;8,6;6,5;2,2;0,0;0,0;0,0;0,0;0,0;0,0;0,0;0,0;0,0;0,0;0,0;0,0;0,0;177890618;20,3;29,7;40,4;2020-08-17 05:00:06;E10,945175;N48,346252;494,700;300;SW V1-11 (2020-06-17);2019-06-11 14:16:04;original set-up
2020-08-17 07:05:06;SN19052;measure;3,21;2,44;2,09;10142,9;640,9;241,7;75,5;75,5;54,0;41,0;12,9;15,1;6,5;2,2;0,0;0,0;0,0;0,0;0,0;0,0;0,0;0,0;0,0;0,0;0,0;0,0;0,0;177890618;20,4;29,8;40,5;2020-08-17 05:05:06;E10,945167;N48,346257;493,800;300;SW V1-11 (2020-06-17);2019-06-11 14:16:04;original set-up
2020-08-17 07:10:06;SN19052;measure;2,44;2,08;1,89;9052,1;656,3;241,1;48,2;65,0;29,4;16,8;8,4;10,5;2,1;0,0;0,0;0,0;0,0;0,0;0,0;0,0;0,0;0,0;0,0;0,0;0,0;0,0;0,0;177890618;20,7;29,9;40,3;2020-08-17 05:10:06;E10,945158;N48,346260;492,900;300;SW V1-11 (2020-06-17);2019-06-11 14:16:04;original set-up
2020-08-17 07:15:06;SN19052;measure;2,60;2,24;1,93;9252,5;623,0;245,7;57,0;52,6;41,7;37,3;21,9;4,4;2,2;0,0;0,0;0,0;0,0;0,0;0,0;0,0;0,0;0,0;0,0;0,0;0,0;0,0;0,0;177890618;20,7;30,1;40,0;2020-08-17 05:15:06;E10,945148;N48,346262;492,100;300;SW V1-11 (2020-06-17);2019-06-11 14:16:04;original set-up
2020-08-17 07:20:06;SN19052;measure;2,49;2,06;1,79;8436,3;571,8;170,9;71,7;59,1;40,1;31,7;10,6;6,3;0,0;0,0;2,1;0,0;2,1;0,0;0,0;0,0;0,0;0,0;0,0;0,0;0,0;0,0;0,0;177890618;21,1;30,2;39,8;2020-08-17 05:20:06;E10,945142;N48,346263;491,400;300;SW V1-11 (2020-06-17);2019-06-11 14:16:04;original set-up
2020-08-17 07:25:06;SN19052;measure;2,33;2,02;1,79;8433,3;632,6;205,2;53,4;66,3;40,6;23,5;10,7;4,3;0,0;2,1;0,0;0,0;0,0;0,0;0,0;0,0;0,0;0,0;0,0;0,0;0,0;0,0;0,0;177890618;21,1;30,4;39,5;2020-08-17 05:25:06;E10,945137;N48,346262;490,700;300;SW V1-11 (2020-06-17);2019-06-11 14:16:04;original set-up
2020-08-17 07:30:06;SN19052;measure;2,67;2,09;1,81;8551,0;582,6;239,3;57,6;84,2;66,5;22,2;15,5;6,6;4,4;2,2;0,0;0,0;0,0;0,0;0,0;0,0;0,0;0,0;0,0;0,0;0,0;0,0;0,0;177890618;21,0;30,6;39,1;2020-08-17 05:30:06;E10,945132;N48,346260;489,900;300;SW V1-11 (2020-06-17);2019-06-11 14:16:04;original set-up
2020-08-17 07:35:06;SN19052;measure;2,64;1,92;1,66;7936,0;550,9;227,4;43,7;63,4;54,7;19,7;15,3;13,1;2,2;0,0;0,0;2,2;0,0;0,0;0,0;0,0;0,0;0,0;0,0;0,0;0,0;0,0;0,0;177890618;20,9;30,8;38,7;2020-08-17 05:35:06;E10,945127;N48,346263;489,700;300;SW V1-11 (2020-06-17);2019-06-11 14:16:04;original set-up
2020-08-17 07:40:06;SN19052;measure;2,62;1,91;1,68;7950,0;517,0;165,1;54,3;41,3;45,6;19,5;10,9;13,0;2,2;4,3;0,0;0,0;0,0;0,0;0,0;0,0;0,0;0,0;0,0;0,0;0,0;0,0;0,0;177890618;21,1;30,9;38,4;2020-08-17 05:40:06;E10,945133;N48,346307;489,700;300;SW V1-11 (2020-06-17);2019-06-11 14:16:04;original set-up
2020-08-17 07:45:06;SN19052;measure;2,44;1,96;1,71;8075,4;525,8;241,7;60,4;71,6;44,8;17,9;15,7;9,0;4,5;0,0;0,0;0,0;0,0;0,0;0,0;0,0;0,0;0,0;0,0;0,0;0,0;0,0;0,0;177890618;21,1;31,0;38,2;2020-08-17 05:45:06;E10,945017;N48,346352;490,900;300;SW V1-11 (2020-06-17);2019-06-11 14:16:04;original set-up
2020-08-17 07:50:06;SN19052;measure;2,35;1,89;1,67;7937,8;545,8;178,3;52,8;46,2;39,6;22,0;13,2;2,2;4,4;2,2;0,0;0,0;0,0;0,0;2,2;0,0;0,0;0,0;0,0;0,0;0,0;0,0;0,0;177890618;21,0;31,0;38,2;2020-08-17 05:50:06;E10,945110;N48,346357;494,200;300;SW V1-11 (2020-06-17);2019-06-11 14:16:04;original set-up
2020-08-17 07:55:06;SN19052;measure;3,17;1,93;1,67;7777,7;557,9;178,7;80,6;50,1;34,9;26,2;15,3;15,3;10,9;2,2;0,0;2,2;0,0;0,0;0,0;0,0;0,0;0,0;0,0;0,0;0,0;0,0;0,0;177890618;21,2;31,1;38,0;2020-08-17 05:55:06;E10,945113;N48,346323;494,900;300;SW V1-11 (2020-06-17);2019-06-11 14:16:04;original set-up
2020-08-17 08:00:06;SN19052;measure;2,69;1,89;1,64;7901,7;573,4;191,1;60,8;65,2;39,1;32,6;8,7;4,3;6,5;6,5;0,0;0,0;0,0;0,0;0,0;0,0;0,0;0,0;0,0;0,0;0,0;0,0;0,0;177890618;20,7;31,2;37,9;2020-08-17 06:00:06;E10,945113;N48,346322;495,200;300;SW V1-11 (2020-06-17);2019-06-11 14:16:04;original set-up
2020-08-17 08:05:06;SN19052;measure;3,09;1,90;1,70;8418,6;624,4;202,9;58,0;73,6;37,9;13,4;11,2;8,9;11,2;2,2;2,2;2,2;0,0;0,0;0,0;0,0;0,0;0,0;0,0;0,0;0,0;0,0;0,0;177890618;20,2;31,2;37,7;2020-08-17 06:05:06;E10,945072;N48,346220;495,800;300;SW V1-11 (2020-06-17);2019-06-11 14:16:04;original set-up
2020-08-17 08:10:06;SN19052;measure;2,73;1,87;1,65;8162,2;620,6;204,7;50,6;50,6;46,2;17,6;11,0;13,2;11,0;2,2;0,0;0,0;0,0;0,0;0,0;0,0;0,0;0,0;0,0;0,0;0,0;0,0;0,0;177890618;20,2;31,2;37,6;2020-08-17 06:10:06;E10,945085;N48,346280;495,500;300;SW V1-11 (2020-06-17);2019-06-11 14:16:04;original set-up
2020-08-17 08:15:06;SN19052;measure;2,71;1,96;1,69;8139,1;646,6;240,2;60,6;65,1;44,9;29,2;11,2;13,5;0,0;2,2;0,0;2,2;0,0;0,0;0,0;0,0;0,0;0,0;0,0;0,0;0,0;0,0;0,0;177890618;20,5;31,2;37,6;2020-08-17 06:15:06;E10,945092;N48,346283;495,500;300;SW V1-11 (2020-06-17);2019-06-11 14:16:04;original set-up
2020-08-17 08:20:06;SN19052;measure;2,45;2,00;1,78;8518,8;603,0;182,7;57,2;68,2;44,0;17,6;15,4;4,4;2,2;2,2;0,0;0,0;0,0;0,0;0,0;0,0;0,0;0,0;0,0;0,0;0,0;0,0;0,0;177890618;20,7;31,1;37,7;2020-08-17 06:20:06;E10,945095;N48,346283;495,600;300;SW V1-11 (2020-06-17);2019-06-11 14:16:04;original set-up
2020-08-17 08:25:06;SN19052;measure;3,23;2,03;1,77;8559,6;602,0;217,6;55,6;85,7;55,6;16,2;13,9;16,2;6,9;0,0;6,9;0,0;0,0;0,0;0,0;0,0;0,0;0,0;0,0;0,0;0,0;0,0;0,0;177890618;20,6;31,1;37,9;2020-08-17 06:25:06;E10,945098;N48,346288;495,400;300;SW V1-11 (2020-06-17);2019-06-11 14:16:04;original set-up
2020-08-17 08:30:06;SN19052;measure;2,55;2,13;1,85;8588,2;556,1;283,8;92,3;96,9;39,2;30,0;9,2;9,2;0,0;2,3;0,0;0,0;0,0;0,0;2,3;0,0;0,0;0,0;0,0;0,0;0,0;0,0;0,0;177890618;21,2;31,1;37,9;2020-08-17 06:30:06;E10,945105;N48,346288;495,400;300;SW V1-11 (2020-06-17);2019-06-11 14:16:04;original set-up
2020-08-17 08:35:06;SN19052;measure;2,59;2,05;1,81;8583,3;565,6;206,9;59,8;64,4;39,1;23,0;13,8;9,2;2,3;2,3;0,0;0,0;0,0;0,0;0,0;0,0;0,0;0,0;0,0;0,0;0,0;0,0;0,0;177890618;21,1;31,2;38,2;2020-08-17 06:35:06;E10,945107;N48,346290;495,500;300;SW V1-11 (2020-06-17);2019-06-11 14:16:04;original set-up
2020-08-17 08:40:06;SN19052;measure;2,33;1,90;1,69;7974,5;581,8;232,2;64,4;78,2;34,5;23,0;4,6;2,3;4,6;0,0;2,3;0,0;0,0;0,0;0,0;0,0;0,0;0,0;0,0;0,0;0,0;0,0;0,0;177890618;21,1;31,3;37,8;2020-08-17 06:40:06;E10,945108;N48,346290;495,300;300;SW V1-11 (2020-06-17);2019-06-11 14:16:04;original set-up
2020-08-17 08:45:06;SN19052;measure;2,96;1,96;1,71;7955,6;561,0;211,5;66,7;55,2;29,9;23,0;13,8;16,1;4,6;2,3;2,3;0,0;2,3;0,0;0,0;2,3;0,0;0,0;0,0;0,0;0,0;0,0;0,0;177890618;21,4;31,4;37,6;2020-08-17 06:45:06;E10,945110;N48,346278;494,700;300;SW V1-11 (2020-06-17);2019-06-11 14:16:04;original set-up
2020-08-17 08:50:06;SN19052;measure;2,22;1,86;1,63;7698,1;574,8;211,5;43,7;71,3;36,8;23,0;9,2;11,5;0,0;0,0;0,0;0,0;2,3;0,0;0,0;0,0;0,0;0,0;0,0;0,0;0,0;0,0;0,0;177890618;21,1;31,5;37,4;2020-08-17 06:50:06;E10,945112;N48,346280;494,600;300;SW V1-11 (2020-06-17);2019-06-11 14:16:04;original set-up
2020-08-17 08:55:06;SN19052;measure;2,81;1,94;1,60;7461,3;551,8;188,5;59,8;73,6;34,5;43,7;20,7;13,8;6,9;2,3;0,0;0,0;0,0;0,0;0,0;0,0;0,0;0,0;0,0;0,0;0,0;0,0;0,0;177890618;21,2;31,5;37,3;2020-08-17 06:55:06;E10,945113;N48,346278;494,500;300;SW V1-11 (2020-06-17);2019-06-11 14:16:04;original set-up
2020-08-17 09:00:06;SN19052;measure;2,51;1,76;1,55;7250,1;483,9;207,4;58,0;78,1;29,0;17,8;13,4;4,5;0,0;4,5;0,0;2,2;0,0;0,0;0,0;0,0;0,0;0,0;0,0;0,0;0,0;0,0;0,0;177890618;21,2;31,6;37,2;2020-08-17 07:00:06;E10,945113;N48,346278;494,500;300;SW V1-11 (2020-06-17);2019-06-11 14:16:04;original set-up
2020-08-17 09:05:06;SN19052;measure;1,87;1,52;1,39;6806,3;429,5;162,8;36,2;52,0;22,6;13,6;4,5;4,5;2,3;2,3;0,0;0,0;0,0;0,0;0,0;0,0;0,0;0,0;0,0;0,0;0,0;0,0;0,0;177890618;20,6;31,6;37,0;2020-08-17 07:05:06;E10,945110;N48,346275;494,600;300;SW V1-11 (2020-06-17);2019-06-11 14:16:04;original set-up
2020-08-17 09:10:06;SN19052;measure;1,61;1,49;1,34;6604,7;441,5;159,3;61,4;47,8;34,1;13,7;4,6;0,0;2,3;0,0;0,0;0,0;0,0;0,0;0,0;2,3;0,0;0,0;0,0;0,0;0,0;0,0;0,0;177890618;20,2;31,6;36,7;2020-08-17 07:10:06;E10,945112;N48,346273;494,800;300;SW V1-11 (2020-06-17);2019-06-11 14:16:04;original set-up
2020-08-17 09:15:06;SN19052;measure;2,95;1,71;1,44;7209,2;516,1;173,6;59,4;61,7;43,4;34,3;6,9;16,0;9,1;6,9;2,3;0,0;0,0;0,0;0,0;0,0;0,0;2,3;0,0;0,0;0,0;0,0;4,6;177890618;20,4;31,5;37,7;2020-08-17 07:15:06;E10,945113;N48,346273;495,200;300;SW V1-11 (2020-06-17);2019-06-11 14:16:04;original set-up
2020-08-17 09:20:06;SN19052;measure;8,79;1,77;1,42;7658,4;653,1;203,9;94,0;89,4;59,6;34,4;18,3;39,0;16,0;25,2;29,8;20,6;16,0;9,2;16,0;20,6;13,7;20,6;4,6;9,2;0,0;2,3;25,2;177890618;19,9;31,3;39,5;2020-08-17 07:20:06;E10,945112;N48,346270;495,700;300;SW V1-11 (2020-06-17);2019-06-11 14:16:04;original set-up
2020-08-17 09:25:06;SN19052;measure;7,32;1,64;1,34;7543,8;616,4;220,0;89,4;91,7;36,7;43,5;16,0;22,9;32,1;16,0;22,9;16,0;20,6;11,5;9,2;6,9;4,6;4,6;16,0;6,9;11,5;4,6;20,6;177890618;19,7;31,1;40,4;2020-08-17 07:25:06;E10,945113;N48,346272;495,700;300;SW V1-11 (2020-06-17);2019-06-11 14:16:04;original set-up
2020-08-17 09:30:06;SN19052;measure;25,94;1,93;1,28;7401,3;751,6;313,9;107,7;121,4;77,9;89,4;52,7;87,1;61,9;84,8;132,9;75,6;73,3;57,3;55,0;36,7;71,0;100,8;50,4;66,5;41,2;48,1;121,4;177890618;19,5;30,7;41,5;2020-08-17 07:30:06;E10,945122;N48,346275;495,300;300;SW V1-11 (2020-06-17);2019-06-11 14:16:04;original set-up
2020-08-17 09:35:06;SN19052;measure;4,24;1,66;1,31;7683,1;678,3;272,7;100,8;110,0;87,1;41,2;20,6;13,7;18,3;2,3;16,0;6,9;0,0;11,5;4,6;9,2;4,6;9,2;9,2;2,3;0,0;2,3;9,2;177890618;19,6;30,4;42,4;2020-08-17 07:35:06;E10,945128;N48,346282;494,900;300;SW V1-11 (2020-06-17);2019-06-11 14:16:04;original set-up
2020-08-17 09:40:06;SN19052;measure;6,70;1,59;1,20;7194,8;604,4;296,6;107,1;113,7;64,7;60,2;20,1;29,0;31,2;13,4;31,2;8,9;20,1;6,7;13,4;11,2;8,9;17,8;20,1;24,5;17,8;13,4;17,8;177890618;19,4;30,1;43,4;2020-08-17 07:40:06;E10,945135;N48,346287;494,400;300;SW V1-11 (2020-06-17);2019-06-11 14:16:04;original set-up
2020-08-17 09:45:06;SN19052;measure;2,66;1,59;1,27;7551,9;697,5;263,2;79,0;114,1;74,6;48,3;17,5;4,4;6,6;8,8;4,4;0,0;0,0;0,0;0,0;2,2;2,2;2,2;0,0;2,2;0,0;0,0;4,4;177890618;19,4;29,7;43,8;2020-08-17 07:45:06;E10,945137;N48,346293;494,000;300;SW V1-11 (2020-06-17);2019-06-11 14:16:04;original set-up
2020-08-17 09:50:06;SN19052;measure;2,96;1,78;1,45;8749,8;794,8;298,6;96,5;116,8;78,6;33,7;22,5;26,9;6,7;4,5;0,0;2,2;0,0;2,2;4,5;2,2;2,2;0,0;4,5;0,0;0,0;0,0;4,5;177890618;19,3;29,4;44,8;2020-08-17 07:50:06;E10,945142;N48,346302;493,400;300;SW V1-11 (2020-06-17);2019-06-11 14:16:04;original set-up
2020-08-17 09:55:06;SN19052;measure;3,08;1,78;1,49;8837,9;858,3;380,7;52,8;110,0;57,2;33,0;15,4;30,8;8,8;0,0;4,4;2,2;0,0;0,0;2,2;0,0;2,2;2,2;2,2;0,0;2,2;0,0;0,0;177890618;19,6;29,3;45,5;2020-08-17 07:55:06;E10,945143;N48,346310;492,300;300;SW V1-11 (2020-06-17);2019-06-11 14:16:04;original set-up
