***begin of header***
date&time [local time];serial-no;type;PM10 [ug/m3];PM2.5 [ug/m3];PM1 [ug/m3];0,35 [um];0,46 [um];0,66 [um];1,0 [um];1,3 [um];1,7 [um];2,3 [um];3,0 [um];4,0 [um];5,2 [um];6,5 [um];8,0 [um];10 [um];12 [um];14 [um];16 [um];18 [um];20 [um];22 [um];25 [um];28 [um];31 [um];34 [um];37 [um];serial-OPC;T-out [°C];T-aerosol [°C];rH [%];date&time [UTC];longitude [°];latitude [°];height [m];time-resolution [s];software-version;last calibration [local time];configuration version
***end of header***
2020-08-16 00:00:06;SN19052;measure;10,63;10,41;10,09;51408,2;2963,5;464,3;97,4;99,4;66,9;34,4;7,6;5,7;0,0;0,0;0,0;0,0;1,9;0,0;0,0;0,0;0,0;0,0;0,0;0,0;0,0;0,0;0,0;177890618;21,8;32,0;40,0;2020-08-15 22:00:06;E10,945117;N48,346277;492,300;300;SW V1-11 (2020-06-17);2019-06-11 14:16:04;original set-up
2020-08-16 00:05:06;SN19052;measure;12,03;11,00;10,67;55312,0;3372,1;482,0;99,1;118,1;83,8;24,8;15,2;7,6;1,9;3,8;3,8;1,9;0,0;0,0;0,0;0,0;0,0;0,0;0,0;0,0;0,0;0,0;0,0;177890618;21,6;32,0;40,0;2020-08-15 22:05:06;E10,945115;N48,346275;492,300;300;SW V1-11 (2020-06-17);2019-06-11 14:16:04;original set-up
2020-08-16 00:10:06;SN19052;measure;11,98;11,42;11,10;57344,8;3488,5;548,7;101,0;137,2;80,0;22,9;7,6;11,4;1,9;3,8;0,0;0,0;0,0;0,0;0,0;0,0;0,0;0,0;0,0;0,0;0,0;0,0;0,0;177890618;21,7;31,9;40,4;2020-08-15 22:10:06;E10,945113;N48,346277;492,300;300;SW V1-11 (2020-06-17);2019-06-11 14:16:04;original set-up
2020-08-16 00:15:06;SN19052;measure;12,01;11,47;11,09;58857,5;3867,4;600,1;102,9;127,6;66,7;49,5;13,3;9,5;7,6;0,0;0,0;0,0;0,0;0,0;1,9;0,0;0,0;0,0;0,0;0,0;0,0;0,0;0,0;177890618;21,4;31,9;40,5;2020-08-15 22:15:06;E10,945113;N48,346277;492,400;300;SW V1-11 (2020-06-17);2019-06-11 14:16:04;original set-up
2020-08-16 00:20:06;SN19052;measure;12,20;11,38;11,07;58539,3;3692,2;567,7;114,3;125,7;66,7;21,0;19,1;9,5;5,7;1,9;0,0;1,9;0,0;0,0;0,0;1,9;0,0;0,0;0,0;0,0;0,0;0,0;0,0;177890618;21,4;31,8;40,7;2020-08-15 22:20:06;E10,945112;N48,346278;492,200;300;SW V1-11 (2020-06-17);2019-06-11 14:16:04;original set-up
2020-08-16 00:25:06;SN19052;measure;12,38;11,93;11,55;61052,2;4208,5;594,4;125,7;116,2;62,9;53,3;9,5;7,6;3,8;1,9;0,0;0,0;0,0;0,0;0,0;0,0;0,0;0,0;0,0;0,0;0,0;0,0;1,9;177890618;21,3;31,7;40,6;2020-08-15 22:25:06;E10,945112;N48,346278;491,900;300;SW V1-11 (2020-06-17);2019-06-11 14:16:04;original set-up
2020-08-16 00:30:06;SN19052;measure;12,46;12,04;11,71;61062,0;4248,8;607,8;121,9;106,7;68,6;32,4;9,5;11,4;0,0;0,0;1,9;0,0;0,0;0,0;0,0;0,0;0,0;0,0;0,0;0,0;0,0;0,0;0,0;177890618;21,6;31,7;40,9;2020-08-15 22:30:06;E10,945117;N48,346280;491,800;300;SW V1-11 (2020-06-17);2019-06-11 14:16:04;original set-up
2020-08-16 00:35:06;SN19052;measure;12,51;11,94;11,64;60621,6;4029,4;575,4;118,1;125,7;49,5;28,6;13,3;7,6;5,7;0,0;1,9;0,0;0,0;0,0;0,0;0,0;0,0;0,0;0,0;0,0;0,0;0,0;0,0;177890618;21,5;31,6;40,8;2020-08-15 22:35:06;E10,945118;N48,346278;491,800;300;SW V1-11 (2020-06-17);2019-06-11 14:16:04;original set-up
2020-08-16 00:40:06;SN19052;measure;11,90;11,65;11,35;60486,4;4099,9;615,4;118,1;102,9;70,5;30,5;7,6;3,8;3,8;0,0;0,0;0,0;0,0;0,0;0,0;0,0;0,0;0,0;0,0;0,0;0,0;0,0;0,0;177890618;21,2;31,6;40,9;2020-08-15 22:40:06;E10,945120;N48,346278;491,600;300;SW V1-11 (2020-06-17);2019-06-11 14:16:04;original set-up
2020-08-16 00:45:06;SN19052;measure;12,82;11,83;11,54;61269,7;4311,6;638,3;110,5;93,4;53,3;30,5;11,4;9,5;9,5;3,8;0,0;1,9;0,0;0,0;0,0;0,0;0,0;0,0;0,0;0,0;0,0;0,0;0,0;177890618;21,2;31,6;40,8;2020-08-15 22:45:06;E10,945122;N48,346278;491,600;300;SW V1-11 (2020-06-17);2019-06-11 14:16:04;original set-up
2020-08-16 00:50:06;SN19052;measure;12,41;11,78;11,42;60579,7;4145,6;586,8;125,7;99,1;66,7;45,7;5,7;13,3;3,8;3,8;0,0;0,0;0,0;0,0;0,0;0,0;0,0;0,0;0,0;0,0;0,0;0,0;0,0;177890618;21,3;31,5;41,2;2020-08-15 22:50:06;E10,945122;N48,346280;491,500;300;SW V1-11 (2020-06-17);2019-06-11 14:16:04;original set-up
2020-08-16 00:55:06;SN19052;measure;12,57;12,13;11,86;62463,9;4458,0;613,5;101,0;116,2;51,4;26,7;7,6;13,3;3,8;0,0;0,0;0,0;0,0;1,9;0,0;0,0;0,0;0,0;0,0;0,0;0,0;0,0;0,0;177890618;21,3;31,5;41,1;2020-08-15 22:55:06;E10,945123;N48,346280;491,400;300;SW V1-11 (2020-06-17);2019-06-11 14:16:04;original set-up
2020-08-16 01:00:06;SN19052;measure;12,39;11,80;11,46;62128,6;4524,7;617,3;139,1;104,8;74,3;36,2;15,2;3,8;3,8;1,9;1,9;0,0;1,9;0,0;0,0;0,0;0,0;1,9;0,0;0,0;0,0;0,0;0,0;177890618;21,1;31,4;41,4;2020-08-15 23:00:06;E10,945125;N48,346282;491,300;300;SW V1-11 (2020-06-17);2019-06-11 14:16:04;original set-up
2020-08-16 01:05:06;SN19052;measure;12,59;12,39;12,08;62999,3;4753,3;623,0;131,5;135,3;59,1;32,4;11,4;1,9;1,9;0,0;0,0;0,0;0,0;0,0;0,0;1,9;0,0;0,0;0,0;0,0;0,0;0,0;0,0;177890618;21,5;31,4;41,5;2020-08-15 23:05:06;E10,945125;N48,346283;491,000;300;SW V1-11 (2020-06-17);2019-06-11 14:16:04;original set-up
2020-08-16 01:10:06;SN19052;measure;12,81;12,24;11,91;62717,7;4532,6;619,2;135,3;125,7;55,3;30,5;17,1;11,4;0,0;3,8;0,0;0,0;0,0;0,0;0,0;0,0;0,0;0,0;0,0;0,0;0,0;0,0;0,0;177890618;21,4;31,3;41,7;2020-08-15 23:10:06;E10,945125;N48,346287;490,800;300;SW V1-11 (2020-06-17);2019-06-11 14:16:04;original set-up
2020-08-16 01:15:06;SN19052;measure;12,76;12,26;11,94;63892,8;4844,8;642,0;120,0;137,2;66,7;32,4;13,3;7,6;3,8;0,0;1,9;0,0;0,0;0,0;0,0;0,0;0,0;0,0;0,0;0,0;0,0;0,0;0,0;177890618;21,1;31,3;41,6;2020-08-15 23:15:06;E10,945128;N48,346288;490,800;300;SW V1-11 (2020-06-17);2019-06-11 14:16:04;original set-up
2020-08-16 01:20:06;SN19052;measure;12,09;11,75;11,45;62690,6;4597,1;680,1;106,7;133,4;68,6;30,5;7,6;9,5;0,0;1,9;0,0;0,0;0,0;0,0;0,0;0,0;0,0;0,0;0,0;0,0;0,0;0,0;0,0;177890618;20,9;31,3;41,6;2020-08-15 23:20:06;E10,945133;N48,346288;490,900;300;SW V1-11 (2020-06-17);2019-06-11 14:16:04;original set-up
2020-08-16 01:25:06;SN19052;measure;13,20;12,50;12,09;64238,1;4871,8;727,8;129,6;114,3;91,5;51,4;9,5;9,5;0,0;0,0;3,8;1,9;0,0;0,0;0,0;0,0;0,0;0,0;0,0;0,0;0,0;0,0;0,0;177890618;21,1;31,3;41,3;2020-08-15 23:25:06;E10,945137;N48,346290;490,900;300;SW V1-11 (2020-06-17);2019-06-11 14:16:04;original set-up
2020-08-16 01:30:06;SN19052;measure;13,06;12,74;12,36;66299,6;5388,1;725,9;127,7;146,7;76,2;47,6;11,4;5,7;0,0;0,0;1,9;0,0;0,0;0,0;0,0;0,0;0,0;0,0;0,0;0,0;0,0;0,0;0,0;177890618;21,0;31,2;41,5;2020-08-15 23:30:06;E10,945138;N48,346290;490,700;300;SW V1-11 (2020-06-17);2019-06-11 14:16:04;original set-up
2020-08-16 01:35:06;SN19052;measure;13,25;12,79;12,50;67198,2;5250,6;737,3;121,9;125,7;59,1;28,6;13,3;0,0;7,6;1,9;0,0;0,0;0,0;0,0;0,0;0,0;0,0;0,0;0,0;0,0;0,0;0,0;0,0;177890618;21,1;31,2;41,8;2020-08-15 23:35:06;E10,945142;N48,346293;490,500;300;SW V1-11 (2020-06-17);2019-06-11 14:16:04;original set-up
2020-08-16 01:40:06;SN19052;measure;12,40;12,12;11,76;65523,6;5134,4;718,2;101,0;125,7;95,3;43,8;7,6;3,8;1,9;1,9;0,0;0,0;0,0;0,0;0,0;0,0;0,0;0,0;0,0;0,0;0,0;0,0;0,0;177890618;20,7;31,1;41,9;2020-08-15 23:40:06;E10,945142;N48,346297;490,400;300;SW V1-11 (2020-06-17);2019-06-11 14:16:04;original set-up
2020-08-16 01:45:06;SN19052;measure;14,14;13,52;13,24;70477,8;5851,1;785,0;95,3;112,4;68,6;28,6;5,7;5,7;5,7;1,9;1,9;0,0;1,9;0,0;0,0;0,0;0,0;0,0;0,0;0,0;0,0;0,0;0,0;177890618;20,9;31,1;41,4;2020-08-15 23:45:06;E10,945142;N48,346298;490,200;300;SW V1-11 (2020-06-17);2019-06-11 14:16:04;original set-up
2020-08-16 01:50:06;SN19052;measure;14,08;13,64;13,30;70112,0;5889,2;853,6;137,2;137,2;64,8;38,1;5,7;13,3;0,0;1,9;0,0;0,0;1,9;0,0;0,0;0,0;0,0;0,0;0,0;0,0;0,0;0,0;0,0;177890618;21,2;31,1;42,0;2020-08-15 23:50:06;E10,945142;N48,346298;490,000;300;SW V1-11 (2020-06-17);2019-06-11 14:16:04;original set-up
2020-08-16 01:55:06;SN19052;measure;14,11;13,66;13,27;69785,4;5934,5;788,7;125,7;125,7;83,8;36,2;21,0;11,4;1,9;0,0;0,0;0,0;0,0;0,0;0,0;0,0;0,0;0,0;0,0;0,0;0,0;0,0;0,0;177890618;21,2;31,0;41,9;2020-08-15 23:55:06;E10,945142;N48,346300;489,800;300;SW V1-11 (2020-06-17);2019-06-11 14:16:04;original set-up
2020-08-16 02:00:06;SN19052;measure;13,02;12,79;12,44;65184,5;5288,7;664,9;97,2;131,5;78,1;32,4;19,1;3,8;0,0;0,0;0,0;0,0;0,0;0,0;0,0;0,0;0,0;0,0;0,0;0,0;0,0;0,0;0,0;177890618;21,0;31,0;41,4;2020-08-16 00:00:06;E10,945142;N48,346302;489,600;300;SW V1-11 (2020-06-17);2019-06-11 14:16:04;original set-up
2020-08-16 02:05:06;SN19052;measure;14,72;14,33;13,84;70955,1;6229,8;807,8;142,9;152,4;85,7;68,6;9,5;9,5;3,8;0,0;0,0;0,0;0,0;0,0;0,0;0,0;0,0;0,0;0,0;0,0;0,0;0,0;0,0;177890618;21,0;31,0;40,8;2020-08-16 00:05:06;E10,945142;N48,346303;489,300;300;SW V1-11 (2020-06-17);2019-06-11 14:16:04;original set-up
2020-08-16 02:10:06;SN19052;measure;13,60;13,16;12,84;68822,2;5957,8;802,1;123,8;116,2;74,3;36,2;5,7;3,8;0,0;0,0;1,9;1,9;0,0;0,0;0,0;0,0;1,9;0,0;0,0;0,0;0,0;0,0;0,0;177890618;20,7;30,9;41,4;2020-08-16 00:10:06;E10,945142;N48,346303;489,400;300;SW V1-11 (2020-06-17);2019-06-11 14:16:04;original set-up
2020-08-16 02:15:06;SN19052;measure;13,82;13,48;13,17;69558,7;5934,5;796,3;144,8;127,6;74,3;22,9;17,1;3,8;3,8;0,0;0,0;0,0;0,0;0,0;0,0;0,0;0,0;0,0;0,0;0,0;0,0;0,0;0,0;177890618;20,8;30,9;41,2;2020-08-16 00:15:06;E10,945142;N48,346302;489,300;300;SW V1-11 (2020-06-17);2019-06-11 14:16:04;original set-up
2020-08-16 02:20:06;SN19052;measure;14,39;13,76;13,37;72380,2;6488,9;912,6;154,3;133,4;78,1;40,0;22,9;9,5;1,9;3,8;0,0;0,0;0,0;0,0;0,0;0,0;0,0;0,0;0,0;0,0;0,0;0,0;0,0;177890618;20,6;30,9;41,8;2020-08-16 00:20:06;E10,945150;N48,346302;489,400;300;SW V1-11 (2020-06-17);2019-06-11 14:16:04;original set-up
2020-08-16 02:25:06;SN19052;measure;15,08;14,33;13,96;74249,1;6828,0;908,8;141,0;120,0;76,2;40,0;9,5;17,1;1,9;1,9;0,0;1,9;0,0;0,0;1,9;0,0;0,0;0,0;0,0;0,0;0,0;0,0;0,0;177890618;20,9;30,8;42,2;2020-08-16 00:25:06;E10,945155;N48,346303;489,300;300;SW V1-11 (2020-06-17);2019-06-11 14:16:04;original set-up
2020-08-16 02:30:06;SN19052;measure;14,48;13,98;13,62;74090,2;7422,9;933,6;141,0;144,8;85,7;36,2;13,3;5,7;1,9;1,9;1,9;0,0;0,0;0,0;1,9;0,0;0,0;0,0;0,0;0,0;0,0;0,0;1,9;177890618;20,6;30,8;42,2;2020-08-16 00:30:06;E10,945157;N48,346303;489,300;300;SW V1-11 (2020-06-17);2019-06-11 14:16:04;original set-up
2020-08-16 02:35:06;SN19052;measure;14,76;14,40;14,06;75725,6;7197,6;1013,5;167,7;121,9;78,1;36,2;5,7;3,8;3,8;0,0;1,9;0,0;0,0;0,0;0,0;0,0;0,0;0,0;0,0;0,0;0,0;0,0;0,0;177890618;20,7;30,7;42,3;2020-08-16 00:35:06;E10,945158;N48,346302;489,300;300;SW V1-11 (2020-06-17);2019-06-11 14:16:04;original set-up
2020-08-16 02:40:06;SN19052;measure;14,51;14,14;13,77;74017,8;7310,5;1040,3;150,5;112,4;85,7;40,0;5,7;11,4;3,8;0,0;0,0;0,0;0,0;0,0;0,0;0,0;0,0;0,0;0,0;0,0;0,0;0,0;0,0;177890618;20,6;30,6;42,1;2020-08-16 00:40:06;E10,945158;N48,346303;489,000;300;SW V1-11 (2020-06-17);2019-06-11 14:16:04;original set-up
2020-08-16 02:45:06;SN19052;measure;14,50;14,27;13,95;76937,3;7946,4;964,0;148,6;131,5;55,2;38,1;13,3;3,8;1,9;0,0;0,0;0,0;0,0;0,0;0,0;0,0;0,0;0,0;0,0;0,0;0,0;0,0;0,0;177890618;20,2;30,6;41,8;2020-08-16 00:45:06;E10,945165;N48,346302;489,100;300;SW V1-11 (2020-06-17);2019-06-11 14:16:04;original set-up
2020-08-16 02:50:06;SN19052;measure;14,72;14,27;13,88;79362,5;8455,0;1085,9;165,7;154,3;87,6;49,5;11,4;7,6;0,0;0,0;3,8;0,0;0,0;0,0;0,0;0,0;0,0;0,0;0,0;0,0;0,0;0,0;0,0;177890618;20,0;30,6;42,2;2020-08-16 00:50:06;E10,945168;N48,346298;489,300;300;SW V1-11 (2020-06-17);2019-06-11 14:16:04;original set-up
2020-08-16 02:55:06;SN19052;measure;14,80;14,33;13,96;77767,4;8171,7;1167,9;156,2;139,1;80,0;51,4;7,6;3,8;3,8;1,9;1,9;0,0;0,0;0,0;0,0;0,0;0,0;0,0;0,0;0,0;0,0;0,0;0,0;177890618;20,3;30,5;42,6;2020-08-16 00:55:06;E10,945173;N48,346297;489,500;300;SW V1-11 (2020-06-17);2019-06-11 14:16:04;original set-up
2020-08-16 03:00:06;SN19052;measure;14,44;13,72;13,41;72923,2;7058,6;981,1;152,4;141,0;59,1;34,3;5,7;7,6;5,7;1,9;3,8;0,0;0,0;0,0;0,0;0,0;0,0;0,0;0,0;0,0;0,0;0,0;0,0;177890618;20,6;30,4;42,8;2020-08-16 01:00:06;E10,945172;N48,346295;489,900;300;SW V1-11 (2020-06-17);2019-06-11 14:16:04;original set-up
2020-08-16 03:05:06;SN19052;measure;14,67;14,17;13,81;72002,1;7034,3;899,3;161,9;120,0;85,7;32,4;11,4;5,7;1,9;1,9;1,9;0,0;0,0;0,0;0,0;0,0;0,0;0,0;0,0;0,0;0,0;0,0;0,0;177890618;20,5;30,4;41,6;2020-08-16 01:05:06;E10,945165;N48,346302;490,100;300;SW V1-11 (2020-06-17);2019-06-11 14:16:04;original set-up
2020-08-16 03:10:06;SN19052;measure;15,76;15,14;14,81;76937,3;8079,7;1023,1;169,6;121,9;72,4;21,0;19,1;7,6;0,0;5,7;0,0;0,0;0,0;0,0;0,0;0,0;0,0;0,0;0,0;0,0;0,0;0,0;0,0;177890618;20,3;30,3;41,2;2020-08-16 01:10:06;E10,945175;N48,346298;490,700;300;SW V1-11 (2020-06-17);2019-06-11 14:16:04;original set-up
2020-08-16 03:15:06;SN19052;measure;16,40;15,80;15,38;81227,7;8832,2;1249,8;158,1;160,0;80,0;47,6;15,2;3,8;1,9;3,8;1,9;0,0;0,0;0,0;0,0;0,0;0,0;0,0;0,0;0,0;0,0;0,0;0,0;177890618;20,5;30,3;42,3;2020-08-16 01:15:06;E10,945177;N48,346297;490,900;300;SW V1-11 (2020-06-17);2019-06-11 14:16:04;original set-up
2020-08-16 03:20:06;SN19052;measure;15,76;14,86;14,50;77344,4;8000,2;1135,5;181,0;131,5;49,5;45,7;15,2;7,6;3,8;0,0;1,9;3,8;0,0;3,8;0,0;0,0;0,0;0,0;0,0;0,0;0,0;0,0;0,0;177890618;20,3;30,3;42,1;2020-08-16 01:20:06;E10,945173;N48,346297;490,700;300;SW V1-11 (2020-06-17);2019-06-11 14:16:04;original set-up
2020-08-16 03:25:06;SN19052;measure;15,82;15,31;14,96;77371,7;8135,0;1082,1;160,0;133,4;64,8;34,3;13,3;1,9;3,8;1,9;1,9;0,0;0,0;0,0;0,0;0,0;0,0;0,0;0,0;0,0;0,0;0,0;0,0;177890618;20,6;30,2;41,9;2020-08-16 01:25:06;E10,945172;N48,346295;490,500;300;SW V1-11 (2020-06-17);2019-06-11 14:16:04;original set-up
2020-08-16 03:30:06;SN19052;measure;16,03;15,19;14,79;76285,1;8093,6;1049,8;167,7;142,9;62,9;40,0;19,1;13,3;3,8;1,9;0,0;1,9;0,0;0,0;0,0;0,0;0,0;0,0;0,0;0,0;0,0;0,0;0,0;177890618;20,6;30,2;41,9;2020-08-16 01:30:06;E10,945167;N48,346300;490,400;300;SW V1-11 (2020-06-17);2019-06-11 14:16:04;original set-up
2020-08-16 03:35:06;SN19052;measure;15,26;14,81;14,47;76371,5;8091,1;1023,1;205,8;114,3;53,3;40,0;7,6;7,6;7,6;0,0;0,0;0,0;0,0;0,0;0,0;0,0;0,0;0,0;0,0;0,0;0,0;0,0;0,0;177890618;20,1;30,2;41,5;2020-08-16 01:35:06;E10,945163;N48,346298;490,300;300;SW V1-11 (2020-06-17);2019-06-11 14:16:04;original set-up
2020-08-16 03:40:06;SN19052;measure;15,46;15,28;14,93;77691,2;8072,6;1087,9;188,6;156,2;49,5;40,0;9,5;5,7;0,0;0,0;0,0;0,0;0,0;0,0;1,9;0,0;0,0;0,0;0,0;0,0;0,0;0,0;0,0;177890618;20,2;30,2;41,5;2020-08-16 01:40:06;E10,945165;N48,346298;490,200;300;SW V1-11 (2020-06-17);2019-06-11 14:16:04;original set-up
2020-08-16 03:45:06;SN19052;measure;14,96;14,43;14,09;75765,0;7815,4;1063,1;160,0;116,2;80,0;34,3;9,5;7,6;3,8;0,0;0,0;1,9;0,0;0,0;0,0;0,0;0,0;0,0;0,0;0,0;0,0;0,0;0,0;177890618;20,1;30,1;42,2;2020-08-16 01:45:06;E10,945165;N48,346295;490,100;300;SW V1-11 (2020-06-17);2019-06-11 14:16:04;original set-up
2020-08-16 03:50:06;SN19052;measure;15,50;15,25;14,89;77844,1;7795,8;1152,6;171,5;139,1;80,0;34,3;11,4;1,9;3,8;0,0;0,0;0,0;0,0;0,0;0,0;0,0;0,0;0,0;1,9;0,0;0,0;0,0;0,0;177890618;20,2;30,1;41,9;2020-08-16 01:50:06;E10,945158;N48,346293;489,700;300;SW V1-11 (2020-06-17);2019-06-11 14:16:04;original set-up
2020-08-16 03:55:06;SN19052;measure;14,53;14,19;13,85;78173,7;8117,8;1101,2;161,9;118,1;66,7;41,9;9,5;5,7;5,7;0,0;0,0;0,0;0,0;0,0;0,0;0,0;0,0;0,0;0,0;0,0;0,0;0,0;0,0;177890618;19,6;30,0;42,2;2020-08-16 01:55:06;E10,945153;N48,346292;489,500;300;SW V1-11 (2020-06-17);2019-06-11 14:16:04;original set-up
2020-08-16 04:00:06;SN19052;measure;13,98;13,51;13,21;72191,0;7276,2;901,4;166,2;114,5;70,2;27,7;7,4;7,4;5,5;1,8;0,0;0,0;0,0;0,0;0,0;0,0;0,0;0,0;0,0;0,0;0,0;0,0;0,0;177890618;19,9;30,0;42,5;2020-08-16 02:00:06;E10,945150;N48,346287;489,200;300;SW V1-11 (2020-06-17);2019-06-11 14:16:04;original set-up
2020-08-16 04:05:06;SN19052;measure;14,87;14,30;13,95;76373,4;8242,6;1110,2;176,6;133,4;69,5;41,3;9,4;7,5;7,5;0,0;1,9;0,0;0,0;0,0;0,0;0,0;0,0;0,0;0,0;0,0;0,0;0,0;0,0;177890618;19,6;29,9;41,9;2020-08-16 02:05:06;E10,945148;N48,346283;489,000;300;SW V1-11 (2020-06-17);2019-06-11 14:16:04;original set-up
2020-08-16 04:10:06;SN19052;measure;14,76;14,40;14,09;78411,5;8717,7;1091,1;149,7;159,1;60,6;34,1;9,5;9,5;3,8;0,0;0,0;0,0;0,0;0,0;0,0;0,0;0,0;0,0;0,0;0,0;0,0;0,0;0,0;177890618;19,6;29,9;42,4;2020-08-16 02:10:06;E10,945145;N48,346278;488,800;300;SW V1-11 (2020-06-17);2019-06-11 14:16:04;original set-up
2020-08-16 04:15:06;SN19052;measure;14,74;14,47;14,14;78292,5;8091,4;1155,1;176,7;110,2;70,3;32,3;15,2;5,7;1,9;0,0;0,0;0,0;0,0;0,0;0,0;0,0;0,0;0,0;0,0;0,0;0,0;0,0;0,0;177890618;19,8;29,8;42,9;2020-08-16 02:15:06;E10,945147;N48,346275;488,500;300;SW V1-11 (2020-06-17);2019-06-11 14:16:04;original set-up
2020-08-16 04:20:06;SN19052;measure;14,98;14,35;14,02;76497,2;8100,7;1051,6;175,3;137,2;74,3;30,5;9,5;9,5;5,7;3,8;0,0;0,0;0,0;0,0;0,0;0,0;0,0;0,0;0,0;0,0;0,0;0,0;0,0;177890618;19,7;29,8;42,3;2020-08-16 02:20:06;E10,945145;N48,346275;488,300;300;SW V1-11 (2020-06-17);2019-06-11 14:16:04;original set-up
2020-08-16 04:25:06;SN19052;measure;16,22;15,65;15,31;83894,8;9905,5;1251,8;161,9;148,6;81,9;32,4;13,3;1,9;3,8;5,7;0,0;0,0;0,0;0,0;0,0;0,0;0,0;0,0;0,0;0,0;0,0;0,0;0,0;177890618;19,6;29,7;42,3;2020-08-16 02:25:06;E10,945147;N48,346275;488,100;300;SW V1-11 (2020-06-17);2019-06-11 14:16:04;original set-up
2020-08-16 04:30:06;SN19052;measure;14,65;14,32;14,02;77054,7;8406,7;1088,0;123,8;129,3;61,0;35,1;5,5;12,9;1,8;0,0;0,0;0,0;0,0;0,0;0,0;0,0;0,0;0,0;0,0;0,0;0,0;0,0;0,0;177890618;19,8;29,7;42,8;2020-08-16 02:30:06;E10,945147;N48,346277;487,800;300;SW V1-11 (2020-06-17);2019-06-11 14:16:04;original set-up
2020-08-16 04:35:06;SN19052;measure;15,78;15,43;15,17;81282,0;9164,3;1213,4;167,2;137,1;48,8;24,4;3,8;5,6;3,8;1,9;0,0;0,0;0,0;0,0;0,0;0,0;0,0;0,0;0,0;0,0;0,0;0,0;0,0;177890618;19,6;29,6;42,0;2020-08-16 02:35:06;E10,945148;N48,346277;487,700;300;SW V1-11 (2020-06-17);2019-06-11 14:16:04;original set-up
2020-08-16 04:40:06;SN19052;measure;15,91;15,66;15,37;85087,1;10428,2;1519,2;183,7;119,3;51,1;28,4;11,4;3,8;1,9;0,0;0,0;0,0;1,9;0,0;0,0;0,0;0,0;0,0;0,0;0,0;0,0;0,0;0,0;177890618;19,5;29,6;42,7;2020-08-16 02:40:06;E10,945150;N48,346282;487,600;300;SW V1-11 (2020-06-17);2019-06-11 14:16:04;original set-up
2020-08-16 04:45:06;SN19052;measure;15,79;15,32;14,97;88097,4;11681,3;1667,9;201,4;195,7;77,9;38,0;7,6;5,7;0,0;1,9;3,8;0,0;0,0;0,0;0,0;0,0;0,0;0,0;0,0;0,0;0,0;0,0;0,0;177890618;19,1;29,6;43,2;2020-08-16 02:45:06;E10,945147;N48,346278;487,600;300;SW V1-11 (2020-06-17);2019-06-11 14:16:04;original set-up
2020-08-16 04:50:06;SN19052;measure;16,60;16,07;15,68;92374,7;12895,9;1872,8;230,5;163,8;91,4;45,7;13,3;0,0;5,7;1,9;0,0;1,9;0,0;0,0;0,0;0,0;0,0;0,0;0,0;0,0;0,0;0,0;0,0;177890618;19,2;29,5;43,5;2020-08-16 02:50:06;E10,945148;N48,346277;487,600;300;SW V1-11 (2020-06-17);2019-06-11 14:16:04;original set-up
2020-08-16 04:55:06;SN19052;measure;17,04;16,49;16,11;92946,7;13020,6;1924,3;249,6;133,4;81,9;40,0;19,1;1,9;5,7;1,9;1,9;0,0;0,0;0,0;0,0;0,0;0,0;0,0;0,0;0,0;0,0;0,0;0,0;177890618;19,3;29,4;43,7;2020-08-16 02:55:06;E10,945148;N48,346280;487,200;300;SW V1-11 (2020-06-17);2019-06-11 14:16:04;original set-up
2020-08-16 05:00:06;SN19052;measure;17,23;16,50;16,12;93426,8;13973,3;2027,2;240,1;158,1;83,8;38,1;21,0;3,8;7,6;0,0;1,9;1,9;0,0;1,9;0,0;0,0;0,0;0,0;0,0;0,0;0,0;0,0;0,0;177890618;19,2;29,4;43,7;2020-08-16 03:00:06;E10,945230;N48,346278;487,800;300;SW V1-11 (2020-06-17);2019-06-11 14:16:04;original set-up
2020-08-16 05:05:06;SN19052;measure;17,28;16,61;16,21;95491,5;14101,9;2160,4;259,1;169,6;85,7;38,1;17,1;11,4;5,7;1,9;1,9;0,0;0,0;0,0;0,0;0,0;0,0;0,0;0,0;0,0;0,0;0,0;0,0;177890618;19,2;29,4;44,0;2020-08-16 03:05:06;E10,945232;N48,346297;487,100;300;SW V1-11 (2020-06-17);2019-06-11 14:16:04;original set-up
2020-08-16 05:10:06;SN19052;measure;17,41;16,78;16,40;96703,9;14914,5;2145,3;230,5;161,9;78,1;41,9;15,2;11,4;3,8;3,8;0,0;0,0;1,9;0,0;0,0;0,0;0,0;0,0;0,0;0,0;0,0;0,0;0,0;177890618;19,2;29,3;44,1;2020-08-16 03:10:06;E10,945223;N48,346300;486,700;300;SW V1-11 (2020-06-17);2019-06-11 14:16:04;original set-up
2020-08-16 05:15:06;SN19052;measure;16,78;16,35;15,98;94445,6;13854,2;2057,6;219,1;167,7;78,1;41,9;15,2;3,8;1,9;1,9;1,9;0,0;0,0;0,0;0,0;0,0;0,0;0,0;0,0;0,0;0,0;0,0;0,0;177890618;19,2;29,3;44,2;2020-08-16 03:15:06;E10,945215;N48,346267;487,200;300;SW V1-11 (2020-06-17);2019-06-11 14:16:04;original set-up
2020-08-16 05:20:06;SN19052;measure;16,01;15,73;15,37;91734,5;13583,7;1960,4;243,9;142,9;87,6;36,2;15,2;3,8;0,0;0,0;1,9;0,0;0,0;0,0;0,0;1,9;0,0;0,0;0,0;0,0;0,0;0,0;0,0;177890618;19,1;29,3;44,1;2020-08-16 03:20:06;E10,945207;N48,346273;486,900;300;SW V1-11 (2020-06-17);2019-06-11 14:16:04;original set-up
2020-08-16 05:25:06;SN19052;measure;15,36;14,81;14,52;89353,4;12845,3;1831,0;234,3;146,7;49,5;30,5;15,2;11,4;5,7;0,0;1,9;0,0;0,0;0,0;0,0;0,0;0,0;0,0;0,0;0,0;0,0;0,0;0,0;177890618;18,8;29,3;44,0;2020-08-16 03:25:06;E10,945200;N48,346278;486,400;300;SW V1-11 (2020-06-17);2019-06-11 14:16:04;original set-up
2020-08-16 05:30:06;SN19052;measure;14,74;14,38;14,05;89538,2;12591,9;1827,2;262,9;169,6;83,8;30,5;11,4;9,5;1,9;1,9;0,0;0,0;0,0;0,0;0,0;0,0;0,0;0,0;0,0;0,0;0,0;0,0;0,0;177890618;18,5;29,2;43,8;2020-08-16 03:30:06;E10,945192;N48,346288;485,000;300;SW V1-11 (2020-06-17);2019-06-11 14:16:04;original set-up
2020-08-16 05:35:06;SN19052;measure;15,01;14,52;14,22;90204,7;12859,7;1880,4;228,6;144,8;78,1;26,7;11,4;15,2;5,7;0,0;0,0;0,0;1,9;0,0;0,0;0,0;0,0;0,0;0,0;0,0;0,0;0,0;0,0;177890618;18,5;29,2;43,9;2020-08-16 03:35:06;E10,945190;N48,346292;484,900;300;SW V1-11 (2020-06-17);2019-06-11 14:16:04;original set-up
2020-08-16 05:40:06;SN19052;measure;16,48;15,95;15,53;91111,6;13219,8;1838,5;247,7;148,6;74,3;59,1;13,3;11,4;1,9;3,8;0,0;0,0;0,0;0,0;0,0;0,0;0,0;0,0;0,0;0,0;0,0;0,0;0,0;177890618;18,9;29,0;44,0;2020-08-16 03:40:06;E10,945185;N48,346298;483,600;300;SW V1-11 (2020-06-17);2019-06-11 14:16:04;original set-up
2020-08-16 05:45:06;SN19052;measure;15,80;15,27;14,91;92153,7;13294,1;1939,4;205,8;139,1;80,0;51,4;5,7;7,6;3,8;0,0;1,9;1,9;0,0;0,0;0,0;0,0;0,0;0,0;0,0;0,0;0,0;0,0;0,0;177890618;18,4;28,9;43,9;2020-08-16 03:45:06;E10,945187;N48,346300;483,500;300;SW V1-11 (2020-06-17);2019-06-11 14:16:04;original set-up
2020-08-16 05:50:06;SN19052;measure;15,55;15,00;14,66;90829,9;13504,6;1912,9;262,9;154,3;68,6;30,5;17,1;13,3;1,9;3,8;0,0;0,0;0,0;0,0;0,0;0,0;0,0;0,0;0,0;0,0;0,0;0,0;0,0;177890618;18,5;28,9;44,3;2020-08-16 03:50:06;E10,945180;N48,346303;483,100;300;SW V1-11 (2020-06-17);2019-06-11 14:16:04;original set-up
2020-08-16 05:55:06;SN19052;measure;15,67;15,16;14,76;92331,3;13392,1;1991,0;230,5;150,5;89,5;53,3;17,1;9,5;5,7;1,9;0,0;0,0;0,0;0,0;0,0;0,0;0,0;0,0;0,0;1,9;0,0;0,0;0,0;177890618;18,3;28,8;44,1;2020-08-16 03:55:06;E10,945167;N48,346242;487,700;300;SW V1-11 (2020-06-17);2019-06-11 14:16:04;original set-up
2020-08-16 06:00:06;SN19052;measure;16,97;16,04;15,62;92916,2;14074,2;2034,8;255,3;142,9;80,0;47,6;21,0;19,1;5,7;1,9;3,8;0,0;0,0;0,0;0,0;0,0;0,0;0,0;0,0;0,0;0,0;0,0;0,0;177890618;18,7;28,8;44,3;2020-08-16 04:00:06;E10,945173;N48,346248;488,000;300;SW V1-11 (2020-06-17);2019-06-11 14:16:04;original set-up
2020-08-16 06:05:06;SN19052;measure;16,45;15,69;15,33;85710,5;11850,0;1701,3;173,4;156,2;62,9;36,2;21,0;11,4;9,5;0,0;1,9;0,0;0,0;0,0;0,0;0,0;0,0;0,0;0,0;0,0;0,0;0,0;0,0;177890618;19,1;28,7;44,2;2020-08-16 04:05:06;E10,945170;N48,346248;487,700;300;SW V1-11 (2020-06-17);2019-06-11 14:16:04;original set-up
2020-08-16 06:10:06;SN19052;measure;17,10;16,28;15,92;86011,5;11663,3;1655,6;201,9;121,9;74,3;36,2;11,4;11,4;5,7;1,9;3,8;0,0;0,0;0,0;0,0;0,0;0,0;0,0;0,0;0,0;0,0;0,0;0,0;177890618;19,1;28,7;43,2;2020-08-16 04:10:06;E10,945162;N48,346223;482,600;300;SW V1-11 (2020-06-17);2019-06-11 14:16:04;original set-up
2020-08-16 06:15:06;SN19052;measure;17,93;17,13;16,67;88345,3;12393,0;1741,3;230,5;137,2;59,1;61,0;21,0;13,3;5,7;3,8;0,0;0,0;0,0;0,0;0,0;0,0;0,0;0,0;0,0;0,0;0,0;0,0;0,0;177890618;19,3;28,7;43,4;2020-08-16 04:15:06;E10,945172;N48,346230;483,900;300;SW V1-11 (2020-06-17);2019-06-11 14:16:04;original set-up
2020-08-16 06:20:06;SN19052;measure;17,36;16,82;16,40;90502,2;13355,9;1975,8;245,8;114,3;78,1;49,5;17,1;7,6;1,9;1,9;1,9;0,0;0,0;0,0;0,0;0,0;0,0;0,0;0,0;0,0;0,0;0,0;0,0;177890618;19,0;28,8;43,6;2020-08-16 04:20:06;E10,945182;N48,346230;484,300;300;SW V1-11 (2020-06-17);2019-06-11 14:16:04;original set-up
2020-08-16 06:25:06;SN19052;measure;18,19;17,50;17,14;94108,3;15145,9;2162,3;242,0;171,5;72,4;30,5;13,3;7,6;7,6;1,9;1,9;0,0;0,0;0,0;0,0;0,0;0,0;0,0;0,0;0,0;0,0;0,0;0,0;177890618;19,0;28,8;43,6;2020-08-16 04:25:06;E10,945185;N48,346260;485,300;300;SW V1-11 (2020-06-17);2019-06-11 14:16:04;original set-up
2020-08-16 06:30:06;SN19052;measure;18,80;17,96;17,46;96549,6;16737,8;2564,5;320,1;198,1;72,4;53,3;21,0;21,0;7,6;1,9;0,0;0,0;0,0;0,0;0,0;0,0;0,0;0,0;0,0;0,0;0,0;0,0;0,0;177890618;19,1;28,8;44,0;2020-08-16 04:30:06;E10,945178;N48,346263;485,400;300;SW V1-11 (2020-06-17);2019-06-11 14:16:04;original set-up
2020-08-16 06:35:06;SN19052;measure;17,93;17,11;16,73;94148,4;16489,0;2545,3;293,4;167,7;81,9;38,1;5,7;7,6;0,0;3,8;3,8;1,9;1,9;0,0;0,0;0,0;0,0;0,0;0,0;0,0;0,0;0,0;0,0;177890618;19,1;28,8;44,4;2020-08-16 04:35:06;E10,945175;N48,346265;485,400;300;SW V1-11 (2020-06-17);2019-06-11 14:16:04;original set-up
2020-08-16 06:40:06;SN19052;measure;17,95;17,15;16,72;99232,2;17981,9;3082,7;337,2;190,5;68,6;47,6;19,1;13,3;5,7;3,8;1,9;0,0;0,0;0,0;0,0;0,0;0,0;0,0;0,0;0,0;0,0;0,0;0,0;177890618;18,6;28,8;44,3;2020-08-16 04:40:06;E10,945173;N48,346267;485,400;300;SW V1-11 (2020-06-17);2019-06-11 14:16:04;original set-up
2020-08-16 06:45:06;SN19052;measure;18,91;18,13;17,58;104100,8;20505,1;3627,4;443,9;194,3;80,0;72,4;24,8;19,1;3,8;1,9;1,9;0,0;0,0;0,0;0,0;0,0;0,0;0,0;0,0;0,0;0,0;0,0;0,0;177890618;18,7;28,8;44,5;2020-08-16 04:45:06;E10,945170;N48,346268;485,400;300;SW V1-11 (2020-06-17);2019-06-11 14:16:04;original set-up
2020-08-16 06:50:06;SN19052;measure;17,60;17,10;16,65;103454,3;20531,2;3429,5;362,0;215,3;91,5;49,5;17,1;15,2;1,9;0,0;1,9;0,0;0,0;0,0;0,0;0,0;0,0;0,0;0,0;0,0;0,0;0,0;0,0;177890618;18,4;28,8;44,6;2020-08-16 04:50:06;E10,945165;N48,346270;485,100;300;SW V1-11 (2020-06-17);2019-06-11 14:16:04;original set-up
2020-08-16 06:55:06;SN19052;measure;17,73;17,14;16,67;106396,5;21349,0;3837,0;445,8;228,6;81,9;51,4;26,7;15,2;3,8;0,0;1,9;0,0;0,0;0,0;0,0;0,0;0,0;0,0;0,0;0,0;0,0;0,0;0,0;177890618;18,3;28,8;44,7;2020-08-16 04:55:06;E10,945160;N48,346272;485,000;300;SW V1-11 (2020-06-17);2019-06-11 14:16:04;original set-up
2020-08-16 07:00:06;SN19052;measure;18,74;17,77;17,36;103235,1;20826,5;3665,7;419,2;182,9;74,3;40,0;13,3;11,4;1,9;1,9;9,5;0,0;0,0;0,0;0,0;0,0;0,0;0,0;0,0;0,0;1,9;0,0;0,0;177890618;18,8;28,8;44,8;2020-08-16 05:00:06;E10,945158;N48,346273;484,900;300;SW V1-11 (2020-06-17);2019-06-11 14:16:04;original set-up
2020-08-16 07:05:06;SN19052;measure;19,36;18,51;17,95;104403,7;20507,0;3659,8;445,8;209,6;83,8;61,0;34,3;15,2;1,9;1,9;3,8;0,0;0,0;0,0;0,0;1,9;0,0;0,0;0,0;0,0;0,0;0,0;0,0;177890618;18,9;28,8;45,0;2020-08-16 05:05:06;E10,945153;N48,346275;484,700;300;SW V1-11 (2020-06-17);2019-06-11 14:16:04;original set-up
2020-08-16 07:10:06;SN19052;measure;18,23;17,43;16,96;103188,3;20440,3;3499,7;438,2;209,6;80,0;55,2;17,1;15,2;1,9;1,9;1,9;1,9;1,9;0,0;0,0;0,0;0,0;0,0;0,0;0,0;0,0;0,0;0,0;177890618;18,7;28,8;45,0;2020-08-16 05:10:06;E10,945147;N48,346278;484,300;300;SW V1-11 (2020-06-17);2019-06-11 14:16:04;original set-up
2020-08-16 07:15:06;SN19052;measure;18,58;18,00;17,49;104131,3;21057,5;3598,8;432,5;238,1;116,2;41,9;15,2;21,0;5,7;0,0;0,0;0,0;0,0;0,0;0,0;0,0;0,0;0,0;0,0;0,0;0,0;0,0;0,0;177890618;18,9;28,9;45,0;2020-08-16 05:15:06;E10,945142;N48,346278;483,800;300;SW V1-11 (2020-06-17);2019-06-11 14:16:04;original set-up
2020-08-16 07:20:06;SN19052;measure;21,03;20,45;19,94;103368,5;20535,0;3339,9;423,0;222,9;78,1;40,0;21,0;7,6;1,9;3,8;0,0;0,0;0,0;0,0;0,0;0,0;0,0;0,0;0,0;0,0;0,0;0,0;0,0;177890618;20,1;28,9;45,1;2020-08-16 05:20:06;E10,945133;N48,346278;483,600;300;SW V1-11 (2020-06-17);2019-06-11 14:16:04;original set-up
2020-08-16 07:25:06;SN19052;measure;22,48;21,70;21,07;100662,0;18937,1;3250,2;390,6;190,5;99,1;62,9;19,1;9,5;5,7;3,8;0,0;0,0;0,0;0,0;0,0;0,0;0,0;0,0;0,0;0,0;0,0;0,0;0,0;177890618;21,3;29,0;45,4;2020-08-16 05:25:06;E10,945125;N48,346278;483,200;300;SW V1-11 (2020-06-17);2019-06-11 14:16:04;original set-up
2020-08-16 07:30:06;SN19052;measure;22,42;21,83;21,29;100766,8;18923,8;3008,2;316,3;198,1;78,1;49,5;15,2;13,3;1,9;0,0;1,9;0,0;0,0;0,0;0,0;0,0;0,0;0,0;0,0;0,0;0,0;0,0;0,0;177890618;21,8;29,5;44,8;2020-08-16 05:30:06;E10,945125;N48,346278;482,700;300;SW V1-11 (2020-06-17);2019-06-11 14:16:04;original set-up
2020-08-16 07:35:06;SN19052;measure;23,42;22,43;21,93;100240,1;18267,7;2930,3;333,4;161,9;80,0;45,7;7,6;3,8;5,7;1,9;3,8;1,9;0,0;0,0;0,0;0,0;0,0;0,0;0,0;0,0;0,0;0,0;0,0;177890618;22,6;30,2;43,7;2020-08-16 05:35:06;E10,945117;N48,346275;482,400;300;SW V1-11 (2020-06-17);2019-06-11 14:16:04;original set-up
2020-08-16 07:40:06;SN19052;measure;22,80;22,04;21,46;99256,0;17378,7;2829,1;331,5;158,1;91,4;47,6;21,0;19,1;1,9;1,9;0,0;0,0;0,0;0,0;0,0;0,0;0,0;0,0;0,0;0,0;0,0;0,0;0,0;177890618;22,6;30,9;42,3;2020-08-16 05:40:06;E10,945108;N48,346277;482,300;300;SW V1-11 (2020-06-17);2019-06-11 14:16:04;original set-up
2020-08-16 07:45:06;SN19052;measure;21,70;21,30;20,84;97671,8;16774,0;2545,4;310,6;156,2;61,0;40,0;17,1;5,7;0,0;0,0;1,9;0,0;0,0;0,0;0,0;0,0;0,0;0,0;0,0;0,0;0,0;0,0;0,0;177890618;22,6;31,7;41,0;2020-08-16 05:45:06;E10,945133;N48,346270;482,700;300;SW V1-11 (2020-06-17);2019-06-11 14:16:04;original set-up
2020-08-16 07:50:06;SN19052;measure;22,32;21,53;21,11;94700,8;15227,8;2472,9;221,0;146,7;55,2;38,1;11,4;5,7;3,8;1,9;3,8;0,0;0,0;0,0;0,0;0,0;0,0;0,0;0,0;0,0;0,0;0,0;0,0;177890618;23,8;32,4;40,0;2020-08-16 05:50:06;E10,945123;N48,346278;483,200;300;SW V1-11 (2020-06-17);2019-06-11 14:16:04;original set-up
2020-08-16 07:55:06;SN19052;measure;22,20;21,58;21,18;94201,7;14943,9;2303,3;205,8;148,6;68,6;24,8;15,2;3,8;3,8;3,8;0,0;0,0;0,0;0,0;0,0;0,0;0,0;0,0;0,0;0,0;0,0;0,0;0,0;177890618;24,1;33,0;39,0;2020-08-16 05:55:06;E10,945110;N48,346295;486,300;300;SW V1-11 (2020-06-17);2019-06-11 14:16:04;original set-up
2020-08-16 08:00:06;SN19052;measure;21,27;20,59;20,18;90717,5;14059,0;2032,9;205,8;139,1;70,5;30,5;7,6;13,3;3,8;0,0;1,9;0,0;1,9;0,0;0,0;0,0;0,0;0,0;0,0;0,0;0,0;0,0;0,0;177890618;23,9;33,6;37,8;2020-08-16 06:00:06;E10,945210;N48,346185;496,400;300;SW V1-11 (2020-06-17);2019-06-11 14:16:04;original set-up
2020-08-16 08:05:06;SN19052;measure;21,17;20,59;20,13;90608,6;13713,2;2170,0;245,8;110,5;55,2;45,7;13,3;15,2;3,8;0,0;0,0;0,0;0,0;0,0;0,0;0,0;0,0;0,0;0,0;0,0;0,0;0,0;0,0;177890618;24,1;34,1;37,1;2020-08-16 06:05:06;E10,945178;N48,346200;496,800;300;SW V1-11 (2020-06-17);2019-06-11 14:16:04;original set-up
2020-08-16 08:10:06;SN19052;measure;21,85;20,90;20,47;88511,0;12985,5;1901,3;209,6;141,0;61,0;38,1;13,3;0,0;3,8;1,9;3,8;1,9;0,0;0,0;0,0;0,0;0,0;0,0;0,0;0,0;0,0;0,0;0,0;177890618;25,3;34,6;36,5;2020-08-16 06:10:06;E10,945112;N48,346320;501,700;300;SW V1-11 (2020-06-17);2019-06-11 14:16:04;original set-up
2020-08-16 08:15:06;SN19052;measure;21,05;19,79;19,39;83967,2;11223,9;1686,2;181,0;116,2;81,9;26,7;7,6;9,5;11,4;7,6;0,0;0,0;0,0;0,0;0,0;0,0;0,0;0,0;0,0;0,0;0,0;0,0;0,0;177890618;25,6;35,1;35,8;2020-08-16 06:15:06;E10,945117;N48,346317;501,900;300;SW V1-11 (2020-06-17);2019-06-11 14:16:04;original set-up
2020-08-16 08:20:06;SN19052;measure;20,02;19,27;18,89;82822,1;10610,4;1510,9;190,5;125,7;53,3;36,2;9,5;3,8;1,9;3,8;0,0;1,9;0,0;0,0;0,0;0,0;0,0;0,0;0,0;0,0;0,0;0,0;0,0;177890618;25,6;35,6;35,5;2020-08-16 06:20:06;E10,945122;N48,346313;501,900;300;SW V1-11 (2020-06-17);2019-06-11 14:16:04;original set-up
2020-08-16 08:25:06;SN19052;measure;20,42;19,65;19,30;80252,2;9948,7;1430,8;175,3;139,1;53,3;17,1;9,5;13,3;1,9;1,9;1,9;0,0;0,0;0,0;0,0;0,0;0,0;0,0;0,0;0,0;0,0;0,0;0,0;177890618;27,3;36,1;34,5;2020-08-16 06:25:06;E10,945125;N48,346310;501,800;300;SW V1-11 (2020-06-17);2019-06-11 14:16:04;original set-up
2020-08-16 08:30:06;SN19052;measure;19,60;18,83;18,37;79678,4;9785,5;1421,3;146,7;135,3;80,0;38,1;15,2;7,6;7,6;0,0;1,9;0,0;0,0;0,0;0,0;0,0;0,0;0,0;0,0;0,0;0,0;0,0;0,0;177890618;26,2;36,6;34,2;2020-08-16 06:30:06;E10,945130;N48,346310;501,800;300;SW V1-11 (2020-06-17);2019-06-11 14:16:04;original set-up
2020-08-16 08:35:06;SN19052;measure;20,16;19,25;18,84;81388,9;9807,3;1376,9;177,0;129,8;66,9;27,5;19,7;2,0;3,9;3,9;0,0;2,0;0,0;0,0;0,0;0,0;0,0;0,0;0,0;0,0;0,0;0,0;0,0;177890618;26,2;37,1;33,0;2020-08-16 06:35:06;E10,945137;N48,346308;501,800;300;SW V1-11 (2020-06-17);2019-06-11 14:16:04;original set-up
2020-08-16 08:40:06;SN19052;measure;19,96;19,27;18,80;80427,9;9486,0;1429,8;172,2;100,1;60,1;50,1;12,0;12,0;0,0;2,0;2,0;0,0;0,0;0,0;0,0;0,0;0,0;0,0;0,0;0,0;0,0;0,0;0,0;177890618;26,7;37,5;32,6;2020-08-16 06:40:06;E10,945140;N48,346305;502,000;300;SW V1-11 (2020-06-17);2019-06-11 14:16:04;original set-up
2020-08-16 08:45:06;SN19052;measure;19,54;18,93;18,45;76050,4;8719,2;1255,4;150,6;148,6;84,1;33,2;19,6;2,0;3,9;2,0;0,0;0,0;2,0;2,0;0,0;0,0;0,0;0,0;0,0;0,0;0,0;0,0;0,0;177890618;28,1;37,8;32,0;2020-08-16 06:45:06;E10,945140;N48,346303;501,900;300;SW V1-11 (2020-06-17);2019-06-11 14:16:04;original set-up
2020-08-16 08:50:06;SN19052;measure;18,03;17,29;16,90;72725,0;7521,9;1162,4;161,2;123,4;59,7;33,8;6,0;10,0;4,0;2,0;2,0;0,0;0,0;0,0;0,0;0,0;0,0;0,0;0,0;0,0;0,0;0,0;0,0;177890618;26,8;38,2;31,7;2020-08-16 06:50:06;E10,945143;N48,346298;501,800;300;SW V1-11 (2020-06-17);2019-06-11 14:16:04;original set-up
2020-08-16 08:55:06;SN19052;measure;18,36;17,93;17,51;72208,6;7270,8;1124,2;141,0;122,9;62,5;34,2;16,1;4,0;4,0;0,0;0,0;0,0;0,0;0,0;0,0;0,0;0,0;0,0;0,0;0,0;0,0;0,0;0,0;177890618;28,4;38,6;31,1;2020-08-16 06:55:06;E10,945140;N48,346293;501,600;300;SW V1-11 (2020-06-17);2019-06-11 14:16:04;original set-up
2020-08-16 09:00:06;SN19052;measure;17,71;16,46;16,05;66293,7;6513,1;1063,0;127,5;127,5;60,8;35,3;7,8;7,8;5,9;2,0;3,9;2,0;0,0;0,0;0,0;0,0;0,0;0,0;0,0;0,0;0,0;0,0;0,0;177890618;28,8;38,9;31,2;2020-08-16 07:00:06;E10,945140;N48,346290;501,500;300;SW V1-11 (2020-06-17);2019-06-11 14:16:04;original set-up
2020-08-16 09:05:06;SN19052;measure;17,42;16,27;15,83;66164,9;6248,8;754,6;135,8;121,8;67,9;29,9;18,0;16,0;2,0;0,0;6,0;0,0;0,0;0,0;0,0;0,0;0,0;0,0;0,0;0,0;0,0;0,0;0,0;177890618;28,8;39,3;31,1;2020-08-16 07:05:06;E10,945137;N48,346288;501,300;300;SW V1-11 (2020-06-17);2019-06-11 14:16:04;original set-up
2020-08-16 09:10:06;SN19052;measure;17,23;16,41;15,98;65247,7;5987,1;825,9;141,0;100,7;66,5;38,3;12,1;4,0;10,1;0,0;2,0;0,0;0,0;0,0;0,0;0,0;0,0;0,0;0,0;0,0;0,0;0,0;0,0;177890618;29,6;39,9;29,9;2020-08-16 07:10:06;E10,945132;N48,346285;501,300;300;SW V1-11 (2020-06-17);2019-06-11 14:16:04;original set-up
2020-08-16 09:15:06;SN19052;measure;16,35;15,71;15,26;62857,2;5490,4;877,0;97,0;93,0;70,7;42,4;14,1;10,1;2,0;0,0;2,0;0,0;0,0;0,0;0,0;0,0;0,0;0,0;0,0;0,0;0,0;0,0;0,0;177890618;29,3;40,4;29,2;2020-08-16 07:15:06;E10,945133;N48,346282;501,000;300;SW V1-11 (2020-06-17);2019-06-11 14:16:04;original set-up
2020-08-16 09:20:06;SN19052;measure;15,32;14,84;14,38;59037,0;5038,8;705,4;115,5;121,6;56,8;52,7;10,1;6,1;4,1;0,0;0,0;0,0;2,0;0,0;0,0;0,0;0,0;0,0;0,0;0,0;0,0;0,0;0,0;177890618;29,5;40,7;28,6;2020-08-16 07:20:06;E10,945132;N48,346282;501,000;300;SW V1-11 (2020-06-17);2019-06-11 14:16:04;original set-up
2020-08-16 09:25:06;SN19052;measure;13,61;12,13;11,75;48684,5;3762,9;603,8;126,0;87,4;48,8;34,6;14,2;8,1;8,1;0,0;6,1;2,0;0,0;0,0;0,0;0,0;0,0;0,0;0,0;0,0;0,0;0,0;0,0;177890618;29,2;41,0;28,3;2020-08-16 07:25:06;E10,945127;N48,346277;501,000;300;SW V1-11 (2020-06-17);2019-06-11 14:16:04;original set-up
2020-08-16 09:30:06;SN19052;measure;11,89;11,08;10,74;44556,1;3118,0;511,6;75,5;102,7;52,4;31,5;8,4;6,3;6,3;4,2;0,0;0,0;0,0;0,0;0,0;0,0;0,0;0,0;0,0;0,0;0,0;0,0;0,0;177890618;29,2;41,4;27,6;2020-08-16 07:30:06;E10,945127;N48,346277;500,700;300;SW V1-11 (2020-06-17);2019-06-11 14:16:04;original set-up
2020-08-16 09:35:06;SN19052;measure;11,53;10,86;10,48;43661,6;3001,7;524,1;95,9;85,2;55,4;32,0;12,8;12,8;0,0;0,0;2,1;0,0;2,1;0,0;0,0;0,0;0,0;0,0;0,0;0,0;0,0;0,0;0,0;177890618;29,0;41,7;27,1;2020-08-16 07:35:06;E10,945135;N48,346278;500,300;300;SW V1-11 (2020-06-17);2019-06-11 14:16:04;original set-up
2020-08-16 09:40:06;SN19052;measure;11,32;10,35;10,02;41751,1;2675,8;482,4;98,6;122,2;42,9;30,0;4,3;6,4;4,3;4,3;0,0;2,1;0,0;0,0;0,0;0,0;0,0;2,1;0,0;0,0;0,0;0,0;0,0;177890618;28,9;42,0;26,6;2020-08-16 07:40:06;E10,945142;N48,346282;499,800;300;SW V1-11 (2020-06-17);2019-06-11 14:16:04;original set-up
2020-08-16 09:45:06;SN19052;measure;10,06;9,81;9,44;38209,8;2370,4;430,2;126,9;88,2;66,7;19,4;19,4;2,2;0,0;0,0;0,0;0,0;0,0;0,0;2,2;0,0;0,0;0,0;0,0;0,0;0,0;0,0;0,0;177890618;30,2;42,1;26,2;2020-08-16 07:45:06;E10,945147;N48,346285;499,600;300;SW V1-11 (2020-06-17);2019-06-11 14:16:04;original set-up
2020-08-16 09:50:06;SN19052;measure;10,73;10,30;9,90;41259,9;2525,1;446,8;111,1;106,7;60,0;35,6;11,1;6,7;0,0;2,2;0,0;0,0;0,0;0,0;0,0;0,0;0,0;0,0;0,0;0,0;0,0;0,0;0,0;177890618;28,9;42,3;26,1;2020-08-16 07:50:06;E10,945153;N48,346288;499,300;300;SW V1-11 (2020-06-17);2019-06-11 14:16:04;original set-up
2020-08-16 09:55:06;SN19052;measure;10,21;9,90;9,59;39510,1;2311,9;456,2;89,9;79,0;43,9;28,5;6,6;6,6;2,2;0,0;0,0;0,0;0,0;0,0;0,0;0,0;0,0;0,0;0,0;0,0;0,0;0,0;0,0;177890618;29,4;42,7;25,5;2020-08-16 07:55:06;E10,945162;N48,346292;498,900;300;SW V1-11 (2020-06-17);2019-06-11 14:16:04;original set-up
2020-08-16 10:00:06;SN19052;measure;11,29;10,53;10,18;41112,6;2478,6;458,0;85,3;101,0;42,7;29,2;13,5;9,0;2,2;0,0;0,0;2,2;0,0;0,0;0,0;0,0;0,0;0,0;0,0;0,0;0,0;0,0;0,0;177890618;30,6;42,7;25,5;2020-08-16 08:00:06;E10,945167;N48,346297;498,400;300;SW V1-11 (2020-06-17);2019-06-11 14:16:04;original set-up
2020-08-16 10:05:06;SN19052;measure;10,89;10,51;10,12;41870,1;2424,5;496,7;111,1;83,9;59,0;34,0;15,9;2,3;2,3;0,0;0,0;0,0;2,3;0,0;0,0;0,0;0,0;0,0;0,0;0,0;0,0;0,0;0,0;177890618;29,3;42,8;25,4;2020-08-16 08:05:06;E10,945168;N48,346298;498,200;300;SW V1-11 (2020-06-17);2019-06-11 14:16:04;original set-up
2020-08-16 10:10:06;SN19052;measure;11,35;10,90;10,57;42636,4;2696,9;468,1;84,5;82,2;45,7;32,0;11,4;2,3;2,3;2,3;0,0;0,0;0,0;0,0;0,0;0,0;0,0;0,0;0,0;0,0;0,0;0,0;0,0;177890618;30,6;43,0;25,2;2020-08-16 08:10:06;E10,945172;N48,346298;498,500;300;SW V1-11 (2020-06-17);2019-06-11 14:16:04;original set-up
2020-08-16 10:15:06;SN19052;measure;11,06;10,56;10,19;40521,3;2383,1;488,1;103,1;98,5;45,8;39,0;6,9;4,6;2,3;0,0;2,3;0,0;0,0;0,0;0,0;0,0;0,0;0,0;0,0;0,0;0,0;0,0;0,0;177890618;31,6;43,0;25,4;2020-08-16 08:15:06;E10,945175;N48,346300;498,300;300;SW V1-11 (2020-06-17);2019-06-11 14:16:04;original set-up
2020-08-16 10:20:06;SN19052;measure;10,35;10,17;9,85;40620,2;2144,9;444,6;82,5;107,7;41,2;36,7;2,3;2,3;2,3;0,0;0,0;0,0;0,0;0,0;0,0;0,0;0,0;0,0;0,0;0,0;0,0;0,0;0,0;177890618;30,1;43,3;25,6;2020-08-16 08:20:06;E10,945173;N48,346302;498,200;300;SW V1-11 (2020-06-17);2019-06-11 14:16:04;original set-up
2020-08-16 10:25:06;SN19052;measure;10,44;10,00;9,73;40150,1;2213,5;366,6;80,2;107,7;36,7;25,2;2,3;2,3;4,6;2,3;0,0;0,0;0,0;0,0;0,0;0,0;0,0;0,0;0,0;0,0;0,0;0,0;0,0;177890618;29,8;43,6;24,7;2020-08-16 08:25:06;E10,945172;N48,346305;498,200;300;SW V1-11 (2020-06-17);2019-06-11 14:16:04;original set-up
2020-08-16 10:30:06;SN19052;measure;10,68;10,03;9,72;40221,1;2231,8;488,1;75,6;91,7;57,3;20,6;11,5;6,9;0,0;2,3;2,3;0,0;0,0;0,0;0,0;0,0;0,0;0,0;0,0;0,0;0,0;0,0;0,0;177890618;29,4;43,7;24,3;2020-08-16 08:30:06;E10,945172;N48,346307;498,200;300;SW V1-11 (2020-06-17);2019-06-11 14:16:04;original set-up
2020-08-16 10:35:06;SN19052;measure;10,74;9,84;9,51;39091,8;2012,0;401,0;77,9;73,3;52,7;34,4;2,3;9,2;6,9;2,3;2,3;0,0;0,0;0,0;0,0;0,0;0,0;0,0;0,0;0,0;0,0;0,0;0,0;177890618;29,6;43,7;24,1;2020-08-16 08:35:06;E10,945173;N48,346307;498,500;300;SW V1-11 (2020-06-17);2019-06-11 14:16:04;original set-up
2020-08-16 10:40:06;SN19052;measure;10,20;10,03;9,66;40074,5;2307,4;426,2;89,4;114,6;71,0;34,4;2,3;2,3;2,3;0,0;0,0;0,0;0,0;0,0;0,0;0,0;0,0;0,0;0,0;0,0;0,0;0,0;0,0;177890618;29,4;43,8;24,4;2020-08-16 08:40:06;E10,945173;N48,346310;498,700;300;SW V1-11 (2020-06-17);2019-06-11 14:16:04;original set-up
2020-08-16 10:45:06;SN19052;measure;10,39;9,79;9,45;37879,5;1984,5;435,4;123,7;68,7;48,1;27,5;11,5;4,6;4,6;2,3;0,0;0,0;0,0;0,0;2,3;0,0;0,0;0,0;0,0;0,0;0,0;0,0;0,0;177890618;31,2;43,9;24,3;2020-08-16 08:45:06;E10,945172;N48,346312;498,700;300;SW V1-11 (2020-06-17);2019-06-11 14:16:04;original set-up
2020-08-16 10:50:06;SN19052;measure;10,08;9,55;9,21;37405,0;2048,5;391,8;71,0;87,1;61,9;25,2;9,2;6,9;2,3;2,3;0,0;0,0;0,0;0,0;0,0;0,0;0,0;0,0;2,3;0,0;0,0;0,0;0,0;177890618;30,9;44,0;24,7;2020-08-16 08:50:06;E10,945168;N48,346315;498,700;300;SW V1-11 (2020-06-17);2019-06-11 14:16:04;original set-up
2020-08-16 10:55:06;SN19052;measure;10,54;9,91;9,59;40445,4;2189,6;480,0;89,9;94,6;49,7;26,0;11,8;4,7;4,7;0,0;2,4;0,0;0,0;0,0;0,0;0,0;0,0;0,0;0,0;0,0;0,0;0,0;0,0;177890618;29,0;44,3;24,2;2020-08-16 08:55:06;E10,945163;N48,346317;498,600;300;SW V1-11 (2020-06-17);2019-06-11 14:16:04;original set-up
2020-08-16 11:00:06;SN19052;measure;11,02;10,25;9,90;41658,2;2341,0;453,3;124,7;91,1;38,4;36,0;9,6;7,2;2,4;0,0;4,8;0,0;0,0;0,0;0,0;0,0;0,0;0,0;0,0;0,0;0,0;0,0;0,0;177890618;28,9;44,5;23,8;2020-08-16 09:00:06;E10,945158;N48,346317;498,500;300;SW V1-11 (2020-06-17);2019-06-11 14:16:04;original set-up
2020-08-16 11:05:06;SN19052;measure;10,43;9,95;9,56;39858,2;2217,8;446,9;87,0;120,8;53,2;45,9;4,8;4,8;2,4;0,0;2,4;0,0;0,0;0,0;0,0;0,0;0,0;0,0;0,0;0,0;0,0;0,0;0,0;177890618;29,4;44,5;23,9;2020-08-16 09:05:06;E10,945155;N48,346317;498,500;300;SW V1-11 (2020-06-17);2019-06-11 14:16:04;original set-up
2020-08-16 11:10:06;SN19052;measure;11,17;9,98;9,58;39576,4;2068,3;419,5;84,9;126,1;50,9;31,5;19,4;7,3;2,4;2,4;2,4;2,4;0,0;0,0;0,0;0,0;0,0;0,0;0,0;0,0;0,0;0,0;0,0;177890618;29,8;44,5;23,8;2020-08-16 09:10:06;E10,945148;N48,346318;498,300;300;SW V1-11 (2020-06-17);2019-06-11 14:16:04;original set-up
2020-08-16 11:15:06;SN19052;measure;9,72;9,41;9,11;37788,6;2083,0;414,7;61,3;77,8;47,1;33,0;2,4;4,7;0,0;2,4;0,0;0,0;0,0;0,0;0,0;0,0;0,0;0,0;0,0;0,0;0,0;0,0;0,0;177890618;29,9;44,5;24,1;2020-08-16 09:15:06;E10,945147;N48,346318;498,300;300;SW V1-11 (2020-06-17);2019-06-11 14:16:04;original set-up
2020-08-16 11:20:06;SN19052;measure;10,02;9,39;9,02;36634,6;1970,3;420,6;83,6;99,9;51,1;32,5;13,9;4,6;4,6;2,3;0,0;0,0;0,0;0,0;0,0;0,0;0,0;0,0;0,0;0,0;0,0;0,0;0,0;177890618;30,9;44,8;23,7;2020-08-16 09:20:06;E10,945145;N48,346317;498,300;300;SW V1-11 (2020-06-17);2019-06-11 14:16:04;original set-up
2020-08-16 11:25:06;SN19052;measure;10,20;9,04;8,77;36066,7;1750,4;395,3;85,7;88,1;47,6;16,7;11,9;2,4;4,8;4,8;4,8;0,0;0,0;0,0;2,4;0,0;0,0;0,0;2,4;0,0;0,0;0,0;0,0;177890618;30,4;45,1;23,6;2020-08-16 09:25:06;E10,945143;N48,346315;498,200;300;SW V1-11 (2020-06-17);2019-06-11 14:16:04;original set-up
2020-08-16 11:30:06;SN19052;measure;9,78;8,96;8,62;35020,2;1723,6;327,4;77,0;110,7;74,6;24,1;4,8;2,4;7,2;2,4;2,4;0,0;0,0;0,0;0,0;0,0;0,0;0,0;0,0;0,0;0,0;0,0;0,0;177890618;31,0;45,4;23,0;2020-08-16 09:30:06;E10,945143;N48,346313;498,100;300;SW V1-11 (2020-06-17);2019-06-11 14:16:04;original set-up
2020-08-16 11:35:06;SN19052;measure;9,55;9,22;8,91;37181,4;1814,5;372,1;82,1;91,8;55,6;24,2;4,8;12,1;0,0;0,0;0,0;0,0;0,0;0,0;0,0;0,0;0,0;0,0;0,0;0,0;0,0;0,0;0,0;177890618;29,8;45,6;22,9;2020-08-16 09:35:06;E10,945143;N48,346312;498,000;300;SW V1-11 (2020-06-17);2019-06-11 14:16:04;original set-up
2020-08-16 11:40:06;SN19052;measure;9,53;9,16;8,93;36789,4;1802,9;377,0;89,8;87,2;43,6;12,8;5,1;5,1;0,0;2,6;0,0;0,0;0,0;0,0;0,0;0,0;0,0;0,0;0,0;0,0;0,0;0,0;0,0;177890618;30,0;45,7;22,4;2020-08-16 09:40:06;E10,945142;N48,346308;497,900;300;SW V1-11 (2020-06-17);2019-06-11 14:16:04;original set-up
2020-08-16 11:45:06;SN19052;measure;9,46;9,18;8,90;37250,7;1843,4;342,4;77,2;64,4;38,6;33,5;2,6;2,6;0,0;2,6;0,0;0,0;0,0;0,0;0,0;0,0;0,0;0,0;0,0;0,0;0,0;0,0;0,0;177890618;29,6;45,7;22,7;2020-08-16 09:45:06;E10,945138;N48,346307;497,700;300;SW V1-11 (2020-06-17);2019-06-11 14:16:04;original set-up
2020-08-16 11:50:06;SN19052;measure;9,79;9,34;9,03;37118,5;1868,0;407,1;49,9;72,4;67,4;20,0;10,0;10,0;2,5;0,0;0,0;0,0;0,0;0,0;0,0;0,0;0,0;0,0;0,0;0,0;0,0;0,0;0,0;177890618;30,1;45,7;22,2;2020-08-16 09:50:06;E10,945138;N48,346305;497,600;300;SW V1-11 (2020-06-17);2019-06-11 14:16:04;original set-up
2020-08-16 11:55:06;SN19052;measure;9,95;9,18;8,83;36166,9;1653,1;380,3;60,8;65,9;68,5;25,4;20,3;2,5;2,5;5,1;0,0;0,0;0,0;0,0;0,0;0,0;0,0;0,0;0,0;0,0;0,0;0,0;0,0;177890618;30,4;45,6;22,5;2020-08-16 09:55:06;E10,945138;N48,346303;497,400;300;SW V1-11 (2020-06-17);2019-06-11 14:16:04;original set-up
2020-08-16 12:00:06;SN19052;measure;9,56;8,68;8,32;33230,1;1469,0;350,0;69,0;81,8;61,3;30,7;5,1;10,2;5,1;0,0;0,0;2,6;0,0;0,0;0,0;0,0;0,0;0,0;0,0;0,0;0,0;0,0;0,0;177890618;32,1;45,5;22,7;2020-08-16 10:00:06;E10,945137;N48,346302;497,200;300;SW V1-11 (2020-06-17);2019-06-11 14:16:04;original set-up
2020-08-16 12:05:06;SN19052;measure;8,91;8,48;8,19;33568,3;1600,3;361,6;82,1;79,5;51,3;23,1;7,7;5,1;5,1;0,0;0,0;0,0;0,0;0,0;0,0;0,0;0,0;0,0;0,0;0,0;0,0;0,0;0,0;177890618;30,8;45,6;23,1;2020-08-16 10:05:06;E10,945135;N48,346302;497,000;300;SW V1-11 (2020-06-17);2019-06-11 14:16:04;original set-up
2020-08-16 12:10:06;SN19052;measure;8,77;8,25;7,94;32118,8;1374,7;295,0;64,1;79,5;53,9;20,5;12,8;7,7;0,0;2,6;0,0;0,0;0,0;2,6;0,0;0,0;0,0;0,0;0,0;0,0;0,0;0,0;0,0;177890618;30,8;45,8;21,8;2020-08-16 10:10:06;E10,945132;N48,346303;496,800;300;SW V1-11 (2020-06-17);2019-06-11 14:16:04;original set-up
2020-08-16 12:15:06;SN19052;measure;8,20;8,12;7,82;31581,6;1405,7;334,7;66,9;59,2;48,9;30,9;7,7;0,0;0,0;0,0;0,0;0,0;0,0;0,0;0,0;0,0;0,0;0,0;0,0;0,0;0,0;0,0;0,0;177890618;31,2;46,0;22,1;2020-08-16 10:15:06;E10,945128;N48,346302;496,600;300;SW V1-11 (2020-06-17);2019-06-11 14:16:04;original set-up
2020-08-16 12:20:06;SN19052;measure;7,95;7,38;7,12;29167,2;1254,2;341,3;58,2;66,2;34,4;26,5;7,9;2,6;5,3;2,6;0,0;0,0;0,0;0,0;0,0;0,0;0,0;0,0;0,0;0,0;0,0;0,0;0,0;177890618;30,3;46,1;21,8;2020-08-16 10:20:06;E10,945128;N48,346300;496,200;300;SW V1-11 (2020-06-17);2019-06-11 14:16:04;original set-up
2020-08-16 12:25:06;SN19052;measure;8,13;7,84;7,57;30412,4;1596,1;374,9;83,0;67,0;45,5;18,7;10,7;2,7;2,7;0,0;0,0;0,0;0,0;0,0;0,0;0,0;0,0;0,0;0,0;0,0;0,0;0,0;0,0;177890618;30,6;46,2;21,1;2020-08-16 10:25:06;E10,945132;N48,346292;495,900;300;SW V1-11 (2020-06-17);2019-06-11 14:16:04;original set-up
2020-08-16 12:30:06;SN19052;measure;9,37;8,69;8,30;33043,0;1671,0;450,8;102,6;72,9;56,7;40,5;5,4;5,4;2,7;0,0;0,0;2,7;0,0;0,0;0,0;0,0;0,0;0,0;0,0;0,0;0,0;0,0;0,0;177890618;31,6;46,1;21,6;2020-08-16 10:30:06;E10,945133;N48,346288;495,800;300;SW V1-11 (2020-06-17);2019-06-11 14:16:04;original set-up
2020-08-16 12:35:06;SN19052;measure;8,72;7,79;7,48;30222,8;1260,4;395,7;84,0;62,3;32,5;29,8;5,4;16,3;2,7;0,0;0,0;2,7;0,0;0,0;0,0;0,0;0,0;0,0;0,0;0,0;0,0;0,0;0,0;177890618;31,1;46,2;21,8;2020-08-16 10:35:06;E10,945132;N48,346287;495,600;300;SW V1-11 (2020-06-17);2019-06-11 14:16:04;original set-up
2020-08-16 12:40:06;SN19052;measure;7,66;7,57;7,29;29360,9;1406,8;306,3;86,7;94,9;48,8;19,0;8,1;0,0;0,0;0,0;0,0;0,0;0,0;0,0;0,0;0,0;0,0;0,0;0,0;0,0;0,0;0,0;0,0;177890618;30,8;46,3;21,1;2020-08-16 10:40:06;E10,945135;N48,346282;495,500;300;SW V1-11 (2020-06-17);2019-06-11 14:16:04;original set-up
2020-08-16 12:45:06;SN19052;measure;8,65;7,42;7,09;28203,3;1315,2;314,9;87,3;71,4;52,9;26,5;2,6;13,2;5,3;2,6;0,0;2,6;2,6;0,0;0,0;0,0;0,0;0,0;0,0;0,0;0,0;0,0;0,0;177890618;31,6;46,3;21,1;2020-08-16 10:45:06;E10,945135;N48,346280;495,500;300;SW V1-11 (2020-06-17);2019-06-11 14:16:04;original set-up
2020-08-16 12:50:06;SN19052;measure;8,10;7,61;7,33;29593,6;1328,2;324,0;64,3;85,7;40,2;21,4;10,7;2,7;5,4;0,0;0,0;0,0;2,7;0,0;0,0;0,0;0,0;0,0;0,0;0,0;0,0;0,0;0,0;177890618;31,0;46,1;21,7;2020-08-16 10:50:06;E10,945138;N48,346278;495,400;300;SW V1-11 (2020-06-17);2019-06-11 14:16:04;original set-up
2020-08-16 12:55:06;SN19052;measure;8,60;8,38;8,06;32450,1;1488,5;312,4;65,6;81,4;55,1;28,9;2,6;7,9;0,0;0,0;0,0;0,0;0,0;0,0;0,0;0,0;0,0;0,0;0,0;0,0;0,0;0,0;0,0;177890618;30,9;46,0;21,3;2020-08-16 10:55:06;E10,945143;N48,346275;495,400;300;SW V1-11 (2020-06-17);2019-06-11 14:16:04;original set-up
2020-08-16 13:00:06;SN19052;measure;8,72;8,09;7,85;30927,9;1326,0;346,0;73,2;63,1;45,5;15,2;5,1;5,1;10,1;0,0;0,0;0,0;0,0;0,0;0,0;0,0;0,0;0,0;0,0;0,0;0,0;0,0;0,0;177890618;32,2;45,9;21,4;2020-08-16 11:00:06;E10,945147;N48,346273;495,500;300;SW V1-11 (2020-06-17);2019-06-11 14:16:04;original set-up
2020-08-16 13:05:06;SN19052;measure;9,32;8,64;8,30;34030,7;1576,7;372,6;94,5;81,0;40,5;32,4;10,8;5,4;0,0;2,7;2,7;0,0;0,0;0,0;0,0;0,0;0,0;0,0;0,0;0,0;0,0;0,0;0,0;177890618;29,9;45,7;21,8;2020-08-16 11:05:06;E10,945147;N48,346273;495,300;300;SW V1-11 (2020-06-17);2019-06-11 14:16:04;original set-up
2020-08-16 13:10:06;SN19052;measure;8,85;8,42;8,16;31879,9;1323,1;376,9;65,9;76,4;31,6;21,1;10,5;2,6;0,0;0,0;2,6;0,0;0,0;0,0;0,0;2,6;0,0;0,0;0,0;0,0;0,0;0,0;0,0;177890618;32,7;45,7;21,2;2020-08-16 11:10:06;E10,945145;N48,346277;494,800;300;SW V1-11 (2020-06-17);2019-06-11 14:16:04;original set-up
2020-08-16 13:15:06;SN19052;measure;8,37;7,95;7,64;29926,9;1280,4;261,2;78,6;91,3;48,2;22,8;5,1;10,1;2,5;0,0;0,0;0,0;0,0;0,0;0,0;0,0;0,0;0,0;0,0;0,0;0,0;0,0;0,0;177890618;33,1;45,7;22,0;2020-08-16 11:15:06;E10,945142;N48,346285;494,300;300;SW V1-11 (2020-06-17);2019-06-11 14:16:04;original set-up
2020-08-16 13:20:06;SN19052;measure;9,44;8,91;8,56;33878,2;1396,6;372,8;65,6;86,6;57,8;31,5;10,5;2,6;7,9;0,0;0,0;0,0;0,0;2,6;0,0;0,0;0,0;0,0;0,0;0,0;0,0;0,0;0,0;177890618;32,8;45,9;22,5;2020-08-16 11:20:06;E10,945138;N48,346290;493,700;300;SW V1-11 (2020-06-17);2019-06-11 14:16:04;original set-up
2020-08-16 13:25:06;SN19052;measure;9,48;8,45;8,12;32009,0;1401,1;332,1;62,3;83,0;33,7;33,7;5,2;15,6;7,8;0,0;2,6;0,0;0,0;0,0;0,0;0,0;0,0;0,0;0,0;0,0;0,0;0,0;0,0;177890618;32,7;46,3;21,5;2020-08-16 11:25:06;E10,945137;N48,346295;493,400;300;SW V1-11 (2020-06-17);2019-06-11 14:16:04;original set-up
2020-08-16 13:30:06;SN19052;measure;8,63;8,11;7,84;31214,2;1482,5;324,1;77,0;90,3;29,2;23,9;5,3;10,6;2,7;0,0;0,0;0,0;2,7;0,0;0,0;0,0;0,0;0,0;0,0;0,0;0,0;0,0;0,0;177890618;32,0;46,5;21,4;2020-08-16 11:30:06;E10,945133;N48,346300;493,000;300;SW V1-11 (2020-06-17);2019-06-11 14:16:04;original set-up
2020-08-16 13:35:06;SN19052;measure;7,79;7,60;7,39;29681,1;1386,0;363,5;68,0;86,3;36,6;10,5;10,5;0,0;0,0;0,0;0,0;0,0;2,6;0,0;0,0;0,0;0,0;0,0;0,0;0,0;0,0;0,0;0,0;177890618;31,1;46,7;20,9;2020-08-16 11:35:06;E10,945135;N48,346302;492,900;300;SW V1-11 (2020-06-17);2019-06-11 14:16:04;original set-up
2020-08-16 13:40:06;SN19052;measure;9,08;8,37;8,11;31994,8;1492,9;362,2;52,1;93,3;35,7;22,0;8,2;2,7;0,0;2,7;2,7;0,0;2,7;0,0;0,0;0,0;0,0;0,0;0,0;0,0;0,0;0,0;0,0;177890618;32,0;46,6;20,5;2020-08-16 11:40:06;E10,945138;N48,346307;492,700;300;SW V1-11 (2020-06-17);2019-06-11 14:16:04;original set-up
2020-08-16 13:45:06;SN19052;measure;8,98;8,54;8,18;32246,9;1538,6;423,6;79,3;95,6;49,2;32,8;5,5;10,9;2,7;0,0;0,0;0,0;0,0;0,0;0,0;0,0;0,0;0,0;0,0;0,0;0,0;0,0;0,0;177890618;32,2;46,6;20,9;2020-08-16 11:45:06;E10,945128;N48,346312;490,100;300;SW V1-11 (2020-06-17);2019-06-11 14:16:04;original set-up
2020-08-16 13:50:06;SN19052;measure;8,77;8,20;7,93;31205,6;1431,7;351,1;51,7;100,7;43,5;21,8;5,4;0,0;2,7;0,0;0,0;2,7;0,0;0,0;0,0;0,0;0,0;0,0;0,0;0,0;0,0;0,0;0,0;177890618;32,4;46,5;20,8;2020-08-16 11:50:06;E10,945130;N48,346315;489,700;300;SW V1-11 (2020-06-17);2019-06-11 14:16:04;original set-up
2020-08-16 13:55:06;SN19052;measure;8,44;7,80;7,47;29207,8;1358,2;332,1;78,9;81,7;62,6;19,1;10,9;5,4;0,0;0,0;0,0;2,7;0,0;0,0;0,0;0,0;0,0;0,0;0,0;0,0;0,0;0,0;0,0;177890618;32,8;46,5;20,7;2020-08-16 11:55:06;E10,945130;N48,346318;489,400;300;SW V1-11 (2020-06-17);2019-06-11 14:16:04;original set-up
2020-08-16 14:00:06;SN19052;measure;7,59;7,35;7,04;27938,6;1272,2;340,4;61,4;83,7;41,8;27,9;11,2;0,0;2,8;0,0;0,0;0,0;0,0;0,0;0,0;0,0;0,0;0,0;0,0;0,0;0,0;0,0;0,0;177890618;31,8;46,5;20,9;2020-08-16 12:00:06;E10,945132;N48,346320;489,100;300;SW V1-11 (2020-06-17);2019-06-11 14:16:04;original set-up
2020-08-16 14:05:06;SN19052;measure;8,66;8,16;7,79;30410,3;1419,1;327,9;46,8;93,7;49,6;33,1;13,8;5,5;0,0;2,8;0,0;0,0;0,0;0,0;0,0;0,0;0,0;0,0;0,0;0,0;0,0;0,0;0,0;177890618;32,5;46,5;20,1;2020-08-16 12:05:06;E10,945130;N48,346320;488,800;300;SW V1-11 (2020-06-17);2019-06-11 14:16:04;original set-up
2020-08-16 14:10:06;SN19052;measure;8,52;7,96;7,61;29877,6;1347,3;341,6;101,1;114,8;49,2;19,1;16,4;5,5;0,0;0,0;2,7;0,0;0,0;0,0;0,0;0,0;0,0;0,0;0,0;0,0;0,0;0,0;0,0;177890618;32,2;46,4;20,7;2020-08-16 12:10:06;E10,945128;N48,346323;488,400;300;SW V1-11 (2020-06-17);2019-06-11 14:16:04;original set-up
2020-08-16 14:15:06;SN19052;measure;8,81;7,36;7,05;27967,3;1453,8;393,5;68,3;71,1;65,6;16,4;10,9;5,5;8,2;2,7;2,7;2,7;0,0;0,0;0,0;0,0;0,0;0,0;0,0;0,0;0,0;0,0;0,0;177890618;31,6;46,4;20,9;2020-08-16 12:15:06;E10,945128;N48,346325;488,100;300;SW V1-11 (2020-06-17);2019-06-11 14:16:04;original set-up
2020-08-16 14:20:06;SN19052;measure;7,28;6,70;6,40;24957,4;1162,1;302,1;51,7;81,6;49,0;24,5;2,7;13,6;0,0;2,7;0,0;0,0;0,0;0,0;0,0;0,0;0,0;0,0;0,0;0,0;0,0;0,0;0,0;177890618;32,6;46,5;20,3;2020-08-16 12:20:06;E10,945133;N48,346325;488,100;300;SW V1-11 (2020-06-17);2019-06-11 14:16:04;original set-up
2020-08-16 14:25:06;SN19052;measure;7,99;7,47;7,19;28138,1;1290,1;411,0;51,7;62,6;57,2;19,1;8,2;2,7;8,2;0,0;0,0;0,0;0,0;0,0;0,0;0,0;0,0;0,0;0,0;0,0;0,0;0,0;0,0;177890618;32,2;46,5;20,2;2020-08-16 12:25:06;E10,945135;N48,346327;487,900;300;SW V1-11 (2020-06-17);2019-06-11 14:16:04;original set-up
2020-08-16 14:30:06;SN19052;measure;8,61;7,45;7,16;28021,9;1401,6;370,1;81,6;87,1;43,5;13,6;8,2;16,3;2,7;2,7;2,7;0,0;2,7;0,0;0,0;0,0;0,0;0,0;0,0;0,0;0,0;0,0;0,0;177890618;32,2;46,6;20,3;2020-08-16 12:30:06;E10,945138;N48,346327;487,700;300;SW V1-11 (2020-06-17);2019-06-11 14:16:04;original set-up
2020-08-16 14:35:06;SN19052;measure;7,68;7,28;6,99;27291,6;1371,8;359,3;70,8;81,7;46,3;21,8;8,2;2,7;5,4;0,0;0,0;0,0;0,0;0,0;0,0;0,0;0,0;0,0;0,0;0,0;0,0;0,0;0,0;177890618;32,5;46,8;20,2;2020-08-16 12:35:06;E10,945140;N48,346327;487,700;300;SW V1-11 (2020-06-17);2019-06-11 14:16:04;original set-up
2020-08-16 14:40:06;SN19052;measure;8,57;8,19;7,79;30327,2;1447,9;413,7;81,6;62,6;65,3;38,1;5,4;8,2;2,7;0,0;0,0;0,0;0,0;0,0;0,0;0,0;0,0;0,0;0,0;0,0;0,0;0,0;0,0;177890618;32,2;46,9;19,5;2020-08-16 12:40:06;E10,945142;N48,346325;487,500;300;SW V1-11 (2020-06-17);2019-06-11 14:16:04;original set-up
2020-08-16 14:45:06;SN19052;measure;8,24;8,06;7,69;30340,1;1499,7;359,3;73,5;65,3;46,3;40,8;10,9;2,7;0,0;0,0;0,0;0,0;0,0;0,0;0,0;0,0;2,7;0,0;0,0;0,0;0,0;0,0;0,0;177890618;31,9;46,9;20,2;2020-08-16 12:45:06;E10,945143;N48,346323;487,400;300;SW V1-11 (2020-06-17);2019-06-11 14:16:04;original set-up
2020-08-16 14:50:06;SN19052;measure;8,39;7,78;7,54;29488,9;1358,1;359,3;59,9;62,6;51,7;10,9;5,4;5,4;2,7;2,7;0,0;0,0;2,7;0,0;0,0;0,0;0,0;0,0;0,0;0,0;0,0;2,7;0,0;177890618;32,8;47,0;20,2;2020-08-16 12:50:06;E10,945145;N48,346323;487,400;300;SW V1-11 (2020-06-17);2019-06-11 14:16:04;original set-up
2020-08-16 14:55:06;SN19052;measure;9,17;8,40;8,16;32069,9;1542,9;424,1;44,6;78,1;39,1;16,7;8,4;2,8;0,0;2,8;0,0;2,8;0,0;0,0;0,0;0,0;0,0;0,0;0,0;2,8;0,0;0,0;0,0;177890618;32,4;47,1;20,2;2020-08-16 12:55:06;E10,945147;N48,346325;487,300;300;SW V1-11 (2020-06-17);2019-06-11 14:16:04;original set-up
2020-08-16 15:00:06;SN19052;measure;8,72;8,21;7,97;31204,0;1474,9;395,6;67,8;101,7;25,4;14,1;14,1;5,7;2,8;0,0;0,0;0,0;2,8;0,0;0,0;0,0;0,0;0,0;0,0;0,0;0,0;0,0;0,0;177890618;32,8;47,2;20,2;2020-08-16 13:00:06;E10,945148;N48,346327;487,000;300;SW V1-11 (2020-06-17);2019-06-11 14:16:04;original set-up
2020-08-16 15:05:06;SN19052;measure;9,17;8,04;7,70;30025,9;1476,1;373,3;85,5;48,4;68,4;22,8;8,5;11,4;2,8;2,8;0,0;2,8;0,0;0,0;0,0;0,0;0,0;0,0;0,0;0,0;0,0;0,0;0,0;177890618;33,0;47,3;20,1;2020-08-16 13:05:06;E10,945152;N48,346327;487,000;300;SW V1-11 (2020-06-17);2019-06-11 14:16:04;original set-up
2020-08-16 15:10:06;SN19052;measure;8,30;7,91;7,61;29799,6;1564,3;386,2;55,6;91,7;47,2;30,6;0,0;5,6;0,0;0,0;2,8;0,0;0,0;0,0;2,8;0,0;0,0;0,0;0,0;0,0;0,0;0,0;0,0;177890618;32,8;47,3;20,2;2020-08-16 13:10:06;E10,945152;N48,346325;487,000;300;SW V1-11 (2020-06-17);2019-06-11 14:16:04;original set-up
2020-08-16 15:15:06;SN19052;measure;8,05;7,38;7,01;27088,1;1380,4;361,0;55,1;68,9;66,1;33,1;5,5;5,5;0,0;0,0;0,0;2,8;2,8;0,0;0,0;0,0;0,0;0,0;0,0;0,0;0,0;0,0;0,0;177890618;33,7;47,5;19,7;2020-08-16 13:15:06;E10,945153;N48,346325;486,800;300;SW V1-11 (2020-06-17);2019-06-11 14:16:04;original set-up
2020-08-16 15:20:06;SN19052;measure;7,53;6,77;6,42;24851,7;1254,8;278,5;73,2;70,3;56,3;30,9;5,6;8,4;0,0;0,0;0,0;2,8;2,8;0,0;0,0;0,0;2,8;0,0;0,0;0,0;0,0;0,0;0,0;177890618;33,5;47,7;19,6;2020-08-16 13:20:06;E10,945152;N48,346325;486,600;300;SW V1-11 (2020-06-17);2019-06-11 14:16:04;original set-up
2020-08-16 15:25:06;SN19052;measure;7,20;6,97;6,67;25983,6;1223,0;346,5;64,1;61,2;29,1;29,1;14,6;2,9;0,0;0,0;0,0;0,0;0,0;0,0;0,0;0,0;0,0;0,0;0,0;0,0;0,0;0,0;0,0;177890618;32,8;47,9;19,1;2020-08-16 13:25:06;E10,945150;N48,346323;486,300;300;SW V1-11 (2020-06-17);2019-06-11 14:16:04;original set-up
2020-08-16 15:30:06;SN19052;measure;7,37;6,74;6,55;25691,6;1087,0;240,5;39,6;85,3;36,5;6,1;3,0;9,1;3,0;3,0;0,0;0,0;0,0;0,0;0,0;0,0;0,0;0,0;0,0;0,0;0,0;0,0;0,0;177890618;32,2;48,0;18,7;2020-08-16 13:30:06;E10,945148;N48,346322;486,100;300;SW V1-11 (2020-06-17);2019-06-11 14:16:04;original set-up
2020-08-16 15:35:06;SN19052;measure;6,74;6,39;6,06;23633,6;912,4;278,9;48,5;90,9;42,4;30,3;12,1;3,0;3,0;0,0;0,0;0,0;0,0;0,0;0,0;0,0;0,0;0,0;0,0;0,0;0,0;0,0;0,0;177890618;32,5;47,9;18,5;2020-08-16 13:35:06;E10,945148;N48,346323;485,900;300;SW V1-11 (2020-06-17);2019-06-11 14:16:04;original set-up
2020-08-16 15:40:06;SN19052;measure;6,50;6,06;5,74;22486,8;917,6;247,9;70,8;85,6;59,0;20,7;11,8;3,0;0,0;3,0;0,0;0,0;0,0;0,0;0,0;0,0;0,0;0,0;0,0;0,0;0,0;0,0;0,0;177890618;31,8;47,8;18,5;2020-08-16 13:40:06;E10,945150;N48,346322;485,600;300;SW V1-11 (2020-06-17);2019-06-11 14:16:04;original set-up
2020-08-16 15:45:06;SN19052;measure;6,86;6,14;5,82;22540,7;763,3;238,3;76,6;68,1;42,6;25,5;14,2;2,8;0,0;2,8;2,8;0,0;0,0;0,0;0,0;0,0;0,0;0,0;0,0;0,0;0,0;0,0;0,0;177890618;33,0;47,7;18,6;2020-08-16 13:45:06;E10,945150;N48,346322;485,600;300;SW V1-11 (2020-06-17);2019-06-11 14:16:04;original set-up
2020-08-16 15:50:06;SN19052;measure;6,86;6,01;5,60;22226,7;801,3;231,0;49,7;84,8;55,6;46,8;11,7;0,0;0,0;5,8;2,9;0,0;0,0;0,0;0,0;0,0;0,0;0,0;0,0;0,0;0,0;0,0;0,0;177890618;31,3;47,6;19,0;2020-08-16 13:50:06;E10,945152;N48,346322;485,400;300;SW V1-11 (2020-06-17);2019-06-11 14:16:04;original set-up
2020-08-16 15:55:06;SN19052;measure;6,45;6,04;5,74;22033,4;788,6;243,5;72,5;87,0;58,0;17,4;5,8;2,9;0,0;0,0;2,9;0,0;0,0;0,0;0,0;0,0;0,0;0,0;0,0;0,0;0,0;0,0;0,0;177890618;33,8;47,6;18,7;2020-08-16 13:55:06;E10,945155;N48,346322;485,500;300;SW V1-11 (2020-06-17);2019-06-11 14:16:04;original set-up
2020-08-16 16:00:06;SN19052;measure;6,73;5,99;5,68;21951,1;800,2;260,8;65,2;85,9;44,5;26,7;8,9;0,0;8,9;3,0;0,0;0,0;0,0;0,0;0,0;0,0;0,0;0,0;0,0;0,0;0,0;0,0;0,0;177890618;33,8;47,5;19,5;2020-08-16 14:00:06;E10,945155;N48,346322;485,400;300;SW V1-11 (2020-06-17);2019-06-11 14:16:04;original set-up
2020-08-16 16:05:06;SN19052;measure;6,85;5,77;5,44;21210,0;783,6;218,2;52,2;95,3;33,8;36,9;9,2;3,1;6,1;3,1;3,1;0,0;3,1;0,0;0,0;0,0;0,0;0,0;0,0;0,0;0,0;3,1;0,0;177890618;32,6;47,5;19,1;2020-08-16 14:05:06;E10,945148;N48,346318;485,100;300;SW V1-11 (2020-06-17);2019-06-11 14:16:04;original set-up
2020-08-16 16:10:06;SN19052;measure;6,60;5,49;5,24;20429,8;795,2;222,3;65,7;68,9;50,1;15,7;0,0;9,4;3,1;0,0;3,1;3,1;0,0;0,0;0,0;0,0;0,0;0,0;0,0;0,0;0,0;0,0;0,0;177890618;32,2;47,8;18,5;2020-08-16 14:10:06;E10,945147;N48,346320;484,700;300;SW V1-11 (2020-06-17);2019-06-11 14:16:04;original set-up
2020-08-16 16:15:06;SN19052;measure;6,85;5,41;5,06;19508,9;723,7;224,3;38,9;80,7;59,8;32,9;6,0;6,0;12,0;3,0;0,0;3,0;0,0;0,0;0,0;0,0;0,0;0,0;0,0;0,0;0,0;0,0;0,0;177890618;33,0;47,8;18,1;2020-08-16 14:15:06;E10,945142;N48,346322;484,400;300;SW V1-11 (2020-06-17);2019-06-11 14:16:04;original set-up
2020-08-16 16:20:06;SN19052;measure;5,79;5,42;5,10;19574,9;639,0;234,6;46,3;64,8;61,7;27,8;0,0;9,3;3,1;0,0;0,0;0,0;0,0;0,0;0,0;0,0;0,0;0,0;0,0;0,0;0,0;0,0;0,0;177890618;33,8;47,9;18,2;2020-08-16 14:20:06;E10,945140;N48,346323;484,000;300;SW V1-11 (2020-06-17);2019-06-11 14:16:04;original set-up
2020-08-16 16:25:06;SN19052;measure;6,09;5,31;4,97;19340,3;709,6;204,9;61,2;58,1;36,7;39,8;9,2;6,1;0,0;3,1;3,1;0,0;0,0;0,0;3,1;0,0;0,0;0,0;0,0;0,0;0,0;0,0;0,0;177890618;32,7;48,0;18,6;2020-08-16 14:25:06;E10,945137;N48,346323;483,800;300;SW V1-11 (2020-06-17);2019-06-11 14:16:04;original set-up
2020-08-16 16:30:06;SN19052;measure;6,17;5,38;5,17;20235,9;726,1;221,2;34,3;71,7;46,7;9,3;9,3;0,0;0,0;3,1;0,0;3,1;0,0;0,0;0,0;0,0;0,0;0,0;0,0;3,1;0,0;0,0;0,0;177890618;31,9;48,1;18,1;2020-08-16 14:30:06;E10,945137;N48,346325;483,700;300;SW V1-11 (2020-06-17);2019-06-11 14:16:04;original set-up
2020-08-16 16:35:06;SN19052;measure;6,58;6,14;5,89;22803,3;1152,3;322,6;58,4;76,8;43,0;15,4;6,1;9,2;3,1;0,0;0,0;0,0;0,0;0,0;0,0;0,0;0,0;0,0;0,0;0,0;0,0;0,0;0,0;177890618;32,0;48,0;17,9;2020-08-16 14:35:06;E10,945137;N48,346325;483,800;300;SW V1-11 (2020-06-17);2019-06-11 14:16:04;original set-up
2020-08-16 16:40:06;SN19052;measure;7,06;6,56;6,21;23797,8;1056,5;316,7;79,2;76,1;42,6;33,5;9,1;6,1;0,0;3,0;0,0;0,0;0,0;0,0;0,0;0,0;0,0;0,0;0,0;0,0;0,0;0,0;0,0;177890618;32,9;47,7;17,8;2020-08-16 14:40:06;E10,945140;N48,346327;483,900;300;SW V1-11 (2020-06-17);2019-06-11 14:16:04;original set-up
2020-08-16 16:45:06;SN19052;measure;5,51;5,40;5,14;19994,9;657,7;200,0;42,4;54,6;57,6;21,2;3,0;3,0;0,0;0,0;0,0;0,0;0,0;0,0;0,0;0,0;0,0;0,0;0,0;0,0;0,0;0,0;0,0;177890618;32,4;47,4;18,6;2020-08-16 14:45:06;E10,945142;N48,346327;484,300;300;SW V1-11 (2020-06-17);2019-06-11 14:16:04;original set-up
2020-08-16 16:50:06;SN19052;measure;6,29;5,98;5,64;21622,3;991,4;256,7;88,5;88,5;50,2;32,5;3,0;0,0;0,0;0,0;3,0;0,0;0,0;0,0;0,0;0,0;0,0;0,0;0,0;0,0;0,0;0,0;0,0;177890618;32,9;47,4;18,3;2020-08-16 14:50:06;E10,945142;N48,346325;484,900;300;SW V1-11 (2020-06-17);2019-06-11 14:16:04;original set-up
2020-08-16 16:55:06;SN19052;measure;6,27;5,48;5,29;20876,0;701,8;218,4;46,6;55,3;17,5;17,5;5,8;5,8;2,9;5,8;0,0;0,0;0,0;0,0;0,0;0,0;0,0;0,0;0,0;0,0;0,0;0,0;0,0;177890618;31,1;47,2;18,5;2020-08-16 14:55:06;E10,945142;N48,346323;485,400;300;SW V1-11 (2020-06-17);2019-06-11 14:16:04;original set-up
2020-08-16 17:00:06;SN19052;measure;6,31;5,85;5,58;21649,4;1010,3;280,0;43,3;63,5;43,3;28,9;2,9;2,9;2,9;2,9;0,0;0,0;0,0;0,0;0,0;0,0;0,0;0,0;0,0;0,0;0,0;0,0;2,9;177890618;31,8;47,1;18,3;2020-08-16 15:00:06;E10,945140;N48,346325;486,000;300;SW V1-11 (2020-06-17);2019-06-11 14:16:04;original set-up
2020-08-16 17:05:06;SN19052;measure;7,18;6,58;6,33;24275,4;1277,7;316,6;89,7;72,8;44,8;14,0;2,8;8,4;2,8;2,8;0,0;0,0;0,0;0,0;0,0;0,0;0,0;0,0;0,0;0,0;0,0;0,0;0,0;177890618;32,6;46,8;18,6;2020-08-16 15:05:06;E10,945135;N48,346325;486,600;300;SW V1-11 (2020-06-17);2019-06-11 14:16:04;original set-up
2020-08-16 17:10:06;SN19052;measure;5,60;5,09;4,89;18803,9;790,8;198,4;60,6;49,6;24,8;13,8;8,3;2,8;2,8;2,8;0,0;0,0;0,0;0,0;0,0;0,0;0,0;0,0;0,0;0,0;0,0;0,0;0,0;177890618;32,8;46,6;18,9;2020-08-16 15:10:06;E10,945130;N48,346327;487,100;300;SW V1-11 (2020-06-17);2019-06-11 14:16:04;original set-up
2020-08-16 17:15:06;SN19052;measure;5,90;4,87;4,56;17860,9;664,1;208,5;60,4;57,6;49,4;27,4;11,0;5,5;2,7;8,2;0,0;0,0;0,0;0,0;0,0;0,0;0,0;0,0;0,0;0,0;0,0;0,0;0,0;177890618;31,1;46,5;19,1;2020-08-16 15:15:06;E10,945127;N48,346327;487,600;300;SW V1-11 (2020-06-17);2019-06-11 14:16:04;original set-up
2020-08-16 17:20:06;SN19052;measure;5,46;5,04;4,72;18453,1;661,2;210,1;72,8;81,3;47,6;25,2;8,4;8,4;2,8;0,0;0,0;0,0;0,0;0,0;0,0;0,0;0,0;0,0;0,0;0,0;0,0;0,0;0,0;177890618;31,0;46,4;18,8;2020-08-16 15:20:06;E10,945127;N48,346325;488,100;300;SW V1-11 (2020-06-17);2019-06-11 14:16:04;original set-up
2020-08-16 17:25:06;SN19052;measure;5,62;5,08;4,83;18606,8;605,9;138,3;58,1;69,2;47,0;19,4;0,0;5,5;0,0;0,0;0,0;2,8;0,0;0,0;2,8;0,0;0,0;0,0;0,0;0,0;0,0;0,0;0,0;177890618;32,3;46,1;18,8;2020-08-16 15:25:06;E10,945128;N48,346323;488,800;300;SW V1-11 (2020-06-17);2019-06-11 14:16:04;original set-up
2020-08-16 17:30:06;SN19052;measure;5,63;5,08;4,86;18978,3;703,4;197,0;56,3;61,9;45,0;11,3;2,8;8,4;0,0;2,8;0,0;0,0;2,8;0,0;0,0;0,0;0,0;0,0;0,0;0,0;0,0;0,0;0,0;177890618;31,6;45,6;19,9;2020-08-16 15:30:06;E10,945130;N48,346323;489,400;300;SW V1-11 (2020-06-17);2019-06-11 14:16:04;original set-up
2020-08-16 17:35:06;SN19052;measure;6,14;5,02;4,70;18277,8;744,8;236,6;61,8;61,8;29,6;35,0;8,1;8,1;2,7;2,7;5,4;0,0;0,0;0,0;0,0;0,0;0,0;0,0;0,0;0,0;0,0;0,0;0,0;177890618;31,3;45,4;19,7;2020-08-16 15:35:06;E10,945130;N48,346322;489,500;300;SW V1-11 (2020-06-17);2019-06-11 14:16:04;original set-up
2020-08-16 17:40:06;SN19052;measure;5,43;4,96;4,74;18479,2;666,8;195,2;29,8;54,2;46,1;13,6;2,7;8,1;5,4;0,0;0,0;0,0;0,0;0,0;0,0;0,0;0,0;0,0;0,0;0,0;0,0;0,0;0,0;177890618;31,4;45,2;19,9;2020-08-16 15:40:06;E10,945128;N48,346320;489,500;300;SW V1-11 (2020-06-17);2019-06-11 14:16:04;original set-up
2020-08-16 17:45:06;SN19052;measure;6,29;5,38;5,10;19759,8;756,1;184,1;55,8;86,5;27,9;19,5;11,2;14,0;0,0;5,6;0,0;0,0;0,0;0,0;0,0;0,0;0,0;0,0;0,0;0,0;0,0;0,0;0,0;177890618;32,0;45,0;20,3;2020-08-16 15:45:06;E10,945128;N48,346318;489,600;300;SW V1-11 (2020-06-17);2019-06-11 14:16:04;original set-up
2020-08-16 17:50:06;SN19052;measure;6,11;5,21;4,92;19337,2;782,5;173,6;27,6;74,4;49,6;27,6;2,8;11,0;2,8;2,8;2,8;0,0;0,0;0,0;0,0;0,0;0,0;0,0;0,0;0,0;0,0;0,0;0,0;177890618;30,9;44,8;20,7;2020-08-16 15:50:06;E10,945127;N48,346317;489,400;300;SW V1-11 (2020-06-17);2019-06-11 14:16:04;original set-up
2020-08-16 17:55:06;SN19052;measure;5,21;4,96;4,72;18550,2;707,8;180,4;57,4;62,9;41,0;19,1;5,5;2,7;2,7;0,0;0,0;0,0;0,0;0,0;0,0;0,0;0,0;0,0;0,0;0,0;0,0;0,0;0,0;177890618;30,4;44,7;20,2;2020-08-16 15:55:06;E10,945130;N48,346312;489,500;300;SW V1-11 (2020-06-17);2019-06-11 14:16:04;original set-up
2020-08-16 18:00:06;SN19052;measure;5,22;5,08;4,88;19133,5;732,4;202,2;32,8;51,9;32,8;19,1;0,0;5,5;0,0;0,0;0,0;0,0;0,0;2,7;0,0;0,0;0,0;0,0;0,0;0,0;0,0;0,0;0,0;177890618;30,4;44,3;20,1;2020-08-16 16:00:06;E10,945138;N48,346308;489,800;300;SW V1-11 (2020-06-17);2019-06-11 14:16:04;original set-up
2020-08-16 18:05:06;SN19052;measure;5,80;5,15;4,92;19163,0;797,4;174,2;76,2;70,8;38,1;16,3;5,4;0,0;2,7;2,7;2,7;0,0;0,0;0,0;0,0;0,0;0,0;0,0;0,0;0,0;0,0;0,0;0,0;177890618;30,8;43,9;20,7;2020-08-16 16:05:06;E10,945143;N48,346303;490,200;300;SW V1-11 (2020-06-17);2019-06-11 14:16:04;original set-up
2020-08-16 18:10:06;SN19052;measure;11,07;10,22;9,97;39368,8;1824,9;185,5;42,6;62,7;35,1;22,6;7,5;7,5;0,0;0,0;2,5;2,5;0,0;0,0;0,0;0,0;0,0;0,0;0,0;0,0;0,0;0,0;0,0;177890618;30,1;43,6;21,1;2020-08-16 16:10:06;E10,945145;N48,346302;490,400;300;SW V1-11 (2020-06-17);2019-06-11 14:16:04;original set-up
2020-08-16 18:15:06;SN19052;measure;5,75;5,13;4,86;19039,3;836,7;187,6;60,9;83,7;43,1;17,7;12,7;0,0;2,5;0,0;0,0;2,5;0,0;2,5;0,0;0,0;0,0;0,0;0,0;0,0;0,0;0,0;0,0;177890618;30,1;43,3;21,2;2020-08-16 16:15:06;E10,945147;N48,346303;490,600;300;SW V1-11 (2020-06-17);2019-06-11 14:16:04;original set-up
2020-08-16 18:20:06;SN19052;measure;6,22;5,19;4,92;19276,3;786,3;199,1;57,2;64,7;37,3;14,9;7,5;19,9;2,5;0,0;0,0;2,5;0,0;0,0;0,0;0,0;0,0;0,0;0,0;0,0;0,0;0,0;0,0;177890618;30,2;42,9;21,7;2020-08-16 16:20:06;E10,945152;N48,346302;490,500;300;SW V1-11 (2020-06-17);2019-06-11 14:16:04;original set-up
2020-08-16 18:25:06;SN19052;measure;5,51;4,93;4,68;18396,3;684,5;166,7;40,4;50,5;37,9;22,7;5,1;10,1;0,0;2,5;0,0;0,0;2,5;0,0;0,0;0,0;0,0;0,0;0,0;0,0;0,0;0,0;0,0;177890618;30,1;42,6;22,0;2020-08-16 16:25:06;E10,945150;N48,346303;489,900;300;SW V1-11 (2020-06-17);2019-06-11 14:16:04;original set-up
2020-08-16 18:30:06;SN19052;measure;4,95;4,72;4,47;17512,8;632,1;181,0;54,5;34,7;37,2;19,8;14,9;2,5;0,0;0,0;0,0;0,0;0,0;0,0;0,0;0,0;0,0;0,0;0,0;0,0;0,0;0,0;0,0;177890618;30,1;42,3;22,1;2020-08-16 16:30:06;E10,945148;N48,346308;489,100;300;SW V1-11 (2020-06-17);2019-06-11 14:16:04;original set-up
2020-08-16 18:35:06;SN19052;measure;5,71;4,86;4,58;17828,9;728,3;159,9;68,9;88,6;49,2;17,2;7,4;4,9;2,5;0,0;4,9;0,0;2,5;0,0;0,0;0,0;0,0;0,0;0,0;0,0;0,0;0,0;0,0;177890618;30,3;42,2;22,1;2020-08-16 16:35:06;E10,945147;N48,346310;488,300;300;SW V1-11 (2020-06-17);2019-06-11 14:16:04;original set-up
2020-08-16 18:40:06;SN19052;measure;5,94;4,79;4,51;17617,7;674,1;207,6;85,5;58,6;44,0;24,4;2,4;2,4;2,4;4,9;2,4;2,4;0,0;0,0;0,0;0,0;0,0;0,0;0,0;0,0;0,0;0,0;0,0;177890618;30,1;42,0;22,4;2020-08-16 16:40:06;E10,945148;N48,346312;487,800;300;SW V1-11 (2020-06-17);2019-06-11 14:16:04;original set-up
2020-08-16 18:45:06;SN19052;measure;5,44;4,83;4,59;18180,3;641,8;180,5;52,6;87,7;37,6;17,5;7,5;2,5;2,5;0,0;0,0;2,5;0,0;0,0;0,0;0,0;0,0;0,0;0,0;0,0;0,0;0,0;0,0;177890618;29,3;42,0;22,5;2020-08-16 16:45:06;E10,945157;N48,346308;488,200;300;SW V1-11 (2020-06-17);2019-06-11 14:16:04;original set-up
2020-08-16 18:50:06;SN19052;measure;6,22;5,29;5,06;19964,5;740,9;200,0;69,1;64,2;32,1;19,8;4,9;4,9;2,5;2,5;4,9;0,0;0,0;0,0;0,0;0,0;0,0;0,0;0,0;0,0;0,0;0,0;0,0;177890618;29,5;41,9;22,6;2020-08-16 16:50:06;E10,945163;N48,346307;488,300;300;SW V1-11 (2020-06-17);2019-06-11 14:16:04;original set-up
2020-08-16 18:55:06;SN19052;measure;5,99;5,35;5,03;19779,2;841,1;242,5;80,8;55,6;37,9;32,8;5,1;12,6;0,0;2,5;0,0;0,0;2,5;0,0;0,0;0,0;0,0;0,0;0,0;0,0;0,0;0,0;0,0;177890618;29,5;41,7;22,8;2020-08-16 16:55:06;E10,945168;N48,346300;488,600;300;SW V1-11 (2020-06-17);2019-06-11 14:16:04;original set-up
2020-08-16 19:00:06;SN19052;measure;6,82;6,21;5,87;23209,1;1028,7;242,9;91,7;99,2;52,1;29,7;5,0;2,5;2,5;5,0;0,0;0,0;0,0;0,0;2,5;0,0;0,0;0,0;0,0;0,0;0,0;0,0;0,0;177890618;29,0;41,5;22,9;2020-08-16 17:00:06;E10,945172;N48,346298;488,900;300;SW V1-11 (2020-06-17);2019-06-11 14:16:04;original set-up
2020-08-16 19:05:06;SN19052;measure;6,14;5,48;5,08;20156,4;862,1;262,0;78,6;78,6;57,2;35,7;14,3;11,9;0,0;0,0;2,4;0,0;0,0;0,0;0,0;0,0;0,0;0,0;0,0;0,0;0,0;0,0;0,0;177890618;28,7;41,3;23,2;2020-08-16 17:05:06;E10,945173;N48,346297;489,100;300;SW V1-11 (2020-06-17);2019-06-11 14:16:04;original set-up
2020-08-16 19:10:06;SN19052;measure;6,47;5,08;4,77;19040,1;732,3;194,2;53,8;72,5;56,2;23,4;7,0;11,7;7,0;2,3;2,3;2,3;0,0;0,0;0,0;0,0;0,0;0,0;0,0;0,0;0,0;0,0;0,0;177890618;28,7;41,0;23,7;2020-08-16 17:10:06;E10,945173;N48,346295;489,200;300;SW V1-11 (2020-06-17);2019-06-11 14:16:04;original set-up
2020-08-16 19:15:06;SN19052;measure;5,51;4,98;4,70;18764,3;738,6;194,5;55,6;78,7;41,7;23,2;9,3;2,3;6,9;0,0;0,0;0,0;2,3;0,0;0,0;0,0;0,0;0,0;0,0;0,0;0,0;0,0;0,0;177890618;28,7;40,7;24,1;2020-08-16 17:15:06;E10,945172;N48,346293;489,500;300;SW V1-11 (2020-06-17);2019-06-11 14:16:04;original set-up
2020-08-16 19:20:06;SN19052;measure;6,04;5,16;4,83;19448,7;723,8;199,3;54,6;90,2;42,7;33,2;9,5;7,1;4,7;2,4;2,4;0,0;0,0;0,0;0,0;0,0;0,0;0,0;0,0;0,0;0,0;0,0;0,0;177890618;28,2;40,4;24,7;2020-08-16 17:20:06;E10,945170;N48,346293;489,700;300;SW V1-11 (2020-06-17);2019-06-11 14:16:04;original set-up
2020-08-16 19:25:06;SN19052;measure;5,44;4,94;4,66;18714,7;767,1;181,9;60,6;72,3;46,6;18,7;11,7;7,0;4,7;0,0;0,0;0,0;0,0;0,0;0,0;0,0;0,0;0,0;0,0;0,0;0,0;0,0;0,0;177890618;28,3;40,1;24,9;2020-08-16 17:25:06;E10,945170;N48,346295;489,800;300;SW V1-11 (2020-06-17);2019-06-11 14:16:04;original set-up
2020-08-16 19:30:06;SN19052;measure;5,89;4,92;4,60;18417,9;662,4;222,3;78,6;78,6;51,6;24,7;9,0;6,7;4,5;0,0;2,2;2,2;0,0;4,5;0,0;0,0;0,0;0,0;0,0;0,0;0,0;0,0;0,0;177890618;28,4;39,9;25,2;2020-08-16 17:30:06;E10,945170;N48,346295;489,900;300;SW V1-11 (2020-06-17);2019-06-11 14:16:04;original set-up
2020-08-16 19:35:06;SN19052;measure;6,06;4,94;4,69;18979,2;655,1;203,5;56,2;58,5;32,8;16,4;16,4;7,0;2,3;4,7;0,0;2,3;0,0;0,0;0,0;0,0;0,0;0,0;0,0;0,0;0,0;0,0;0,0;177890618;28,1;39,7;25,6;2020-08-16 17:35:06;E10,945173;N48,346295;489,900;300;SW V1-11 (2020-06-17);2019-06-11 14:16:04;original set-up
2020-08-16 19:40:06;SN19052;measure;6,16;5,07;4,75;19149,7;766,4;189,9;78,7;53,3;57,9;27,8;4,6;11,6;4,6;4,6;2,3;0,0;0,0;0,0;0,0;0,0;0,0;0,0;0,0;0,0;0,0;0,0;0,0;177890618;28,0;39,5;25,9;2020-08-16 17:40:06;E10,945172;N48,346295;490,100;300;SW V1-11 (2020-06-17);2019-06-11 14:16:04;original set-up
2020-08-16 19:45:06;SN19052;measure;5,57;4,96;4,65;18767,9;711,6;252,9;40,3;62,7;51,5;31,3;9,0;4,5;2,2;0,0;0,0;2,2;0,0;0,0;0,0;0,0;0,0;0,0;0,0;0,0;0,0;0,0;0,0;177890618;28,0;39,2;26,2;2020-08-16 17:45:06;E10,945172;N48,346295;490,200;300;SW V1-11 (2020-06-17);2019-06-11 14:16:04;original set-up
2020-08-16 19:50:06;SN19052;measure;5,36;4,91;4,67;19037,8;734,8;199,6;43,1;52,2;34,0;24,9;9,1;2,3;2,3;0,0;2,3;0,0;0,0;0,0;0,0;0,0;0,0;0,0;0,0;0,0;0,0;0,0;0,0;177890618;27,6;39,1;26,5;2020-08-16 17:50:06;E10,945168;N48,346297;490,200;300;SW V1-11 (2020-06-17);2019-06-11 14:16:04;original set-up
2020-08-16 19:55:06;SN19052;measure;5,68;5,09;4,76;19287,0;714,8;194,1;29,7;98,2;48,0;32,0;11,4;6,9;2,3;0,0;2,3;0,0;0,0;2,3;0,0;0,0;0,0;0,0;0,0;0,0;0,0;0,0;0,0;177890618;28,0;38,9;26,8;2020-08-16 17:55:06;E10,945168;N48,346298;490,200;300;SW V1-11 (2020-06-17);2019-06-11 14:16:04;original set-up
2020-08-16 20:00:06;SN19052;measure;6,65;5,03;4,70;19220,7;829,1;215,6;53,3;75,6;26,7;37,8;13,3;11,1;6,7;2,2;4,4;2,2;2,2;0,0;0,0;0,0;0,0;0,0;0,0;0,0;0,0;0,0;0,0;177890618;27,3;38,7;27,1;2020-08-16 18:00:06;E10,945163;N48,346300;490,300;300;SW V1-11 (2020-06-17);2019-06-11 14:16:04;original set-up
2020-08-16 20:05:06;SN19052;measure;6,10;5,01;4,72;19340,7;837,9;179,9;52,6;74,6;46,1;24,1;8,8;6,6;4,4;2,2;2,2;2,2;0,0;0,0;0,0;0,0;0,0;0,0;0,0;0,0;0,0;0,0;0,0;177890618;27,2;38,5;27,3;2020-08-16 18:05:06;E10,945163;N48,346302;490,500;300;SW V1-11 (2020-06-17);2019-06-11 14:16:04;original set-up
2020-08-16 20:10:06;SN19052;measure;7,69;6,28;5,91;24211,8;1292,2;335,6;63,2;74,1;47,9;34,9;15,3;15,3;10,9;0,0;0,0;2,2;4,4;0,0;0,0;0,0;0,0;0,0;0,0;0,0;0,0;0,0;0,0;177890618;27,1;38,3;27,7;2020-08-16 18:10:06;E10,945157;N48,346305;490,400;300;SW V1-11 (2020-06-17);2019-06-11 14:16:04;original set-up
2020-08-16 20:15:06;SN19052;measure;7,18;6,09;5,78;23696,4;1268,4;321,5;76,0;80,4;47,8;23,9;13,0;6,5;2,2;8,7;0,0;0,0;2,2;0,0;0,0;0,0;0,0;2,2;0,0;0,0;0,0;0,0;0,0;177890618;26,9;38,1;27,8;2020-08-16 18:15:06;E10,945153;N48,346308;490,400;300;SW V1-11 (2020-06-17);2019-06-11 14:16:04;original set-up
2020-08-16 20:20:06;SN19052;measure;6,40;5,21;4,83;19877,6;933,1;205,7;62,8;90,9;45,5;34,6;19,5;8,7;10,8;4,3;0,0;0,0;0,0;0,0;0,0;0,0;0,0;0,0;0,0;0,0;0,0;0,0;0,0;177890618;26,9;38,0;28,1;2020-08-16 18:20:06;E10,945148;N48,346313;490,200;300;SW V1-11 (2020-06-17);2019-06-11 14:16:04;original set-up
2020-08-16 20:25:06;SN19052;measure;6,67;5,12;4,77;19638,1;846,5;212,2;49,8;54,1;47,6;34,6;15,2;10,8;6,5;4,3;2,2;2,2;2,2;2,2;0,0;0,0;0,0;0,0;0,0;0,0;0,0;0,0;0,0;177890618;27,0;37,8;28,4;2020-08-16 18:25:06;E10,945142;N48,346317;490,100;300;SW V1-11 (2020-06-17);2019-06-11 14:16:04;original set-up
2020-08-16 20:30:06;SN19052;measure;5,48;5,15;4,84;20063,8;885,5;246,8;71,4;80,1;56,3;23,8;8,7;6,5;2,2;0,0;0,0;0,0;0,0;2,2;0,0;0,0;0,0;2,2;0,0;0,0;0,0;0,0;0,0;177890618;26,6;37,6;28,7;2020-08-16 18:30:06;E10,945137;N48,346320;490,100;300;SW V1-11 (2020-06-17);2019-06-11 14:16:04;original set-up
2020-08-16 20:35:06;SN19052;measure;6,40;5,21;4,83;19932,6;868,1;246,8;77,9;71,4;43,3;45,5;6,5;13,0;4,3;2,2;2,2;2,2;0,0;0,0;0,0;0,0;0,0;0,0;0,0;0,0;0,0;0,0;0,0;177890618;26,8;37,5;29,0;2020-08-16 18:35:06;E10,945135;N48,346320;490,000;300;SW V1-11 (2020-06-17);2019-06-11 14:16:04;original set-up
2020-08-16 20:40:06;SN19052;measure;6,93;5,14;4,81;19918,7;777,3;201,4;52,0;75,8;47,6;32,5;10,8;10,8;6,5;4,3;2,2;4,3;2,2;0,0;0,0;0,0;0,0;0,0;0,0;0,0;0,0;0,0;0,0;177890618;26,9;37,3;29,3;2020-08-16 18:40:06;E10,945130;N48,346323;489,900;300;SW V1-11 (2020-06-17);2019-06-11 14:16:04;original set-up
2020-08-16 20:45:06;SN19052;measure;5,66;5,11;4,80;19960,7;829,2;192,7;41,1;64,9;54,1;32,5;10,8;2,2;2,2;0,0;0,0;2,2;0,0;2,2;0,0;0,0;2,2;0,0;0,0;0,0;0,0;0,0;0,0;177890618;26,8;37,2;29,8;2020-08-16 18:45:06;E10,945123;N48,346322;489,900;300;SW V1-11 (2020-06-17);2019-06-11 14:16:04;original set-up
2020-08-16 20:50:06;SN19052;measure;6,06;5,27;4,96;20748,0;946,1;207,8;45,5;82,3;56,3;23,8;10,8;10,8;8,7;0,0;0,0;0,0;2,2;2,2;0,0;0,0;0,0;0,0;0,0;0,0;0,0;0,0;0,0;177890618;26,4;37,0;29,9;2020-08-16 18:50:06;E10,945122;N48,346318;489,900;300;SW V1-11 (2020-06-17);2019-06-11 14:16:04;original set-up
2020-08-16 20:55:06;SN19052;measure;6,97;5,34;4,97;20995,5;814,0;205,7;49,8;47,6;41,1;36,8;21,6;19,5;6,5;2,2;2,2;2,2;2,2;2,2;0,0;0,0;0,0;0,0;0,0;0,0;0,0;0,0;0,0;177890618;26,3;36,9;30,4;2020-08-16 18:55:06;E10,945120;N48,346317;489,900;300;SW V1-11 (2020-06-17);2019-06-11 14:16:04;original set-up
2020-08-16 21:00:06;SN19052;measure;6,75;5,46;5,11;21588,6;870,3;192,9;46,1;75,5;65,0;31,5;10,5;12,6;8,4;4,2;2,1;0,0;2,1;0,0;0,0;0,0;0,0;0,0;0,0;0,0;0,0;0,0;0,0;177890618;26,2;36,8;30,5;2020-08-16 19:00:06;E10,945123;N48,346325;489,800;300;SW V1-11 (2020-06-17);2019-06-11 14:16:04;original set-up
2020-08-16 21:05:06;SN19052;measure;6,83;5,27;4,93;21025,9;834,0;187,9;70,2;64,0;49,5;35,1;8,3;16,5;8,3;2,1;4,1;2,1;0,0;0,0;2,1;0,0;0,0;0,0;0,0;0,0;0,0;0,0;0,0;177890618;25,8;36,6;30,8;2020-08-16 19:05:06;E10,945122;N48,346322;489,700;300;SW V1-11 (2020-06-17);2019-06-11 14:16:04;original set-up
2020-08-16 21:10:06;SN19052;measure;7,07;5,75;5,39;22932,0;961,0;228,8;71,9;74,1;43,6;37,0;19,6;4,4;6,5;4,4;4,4;0,0;2,2;0,0;0,0;0,0;0,0;0,0;0,0;0,0;0,0;0,0;0,0;177890618;25,9;36,5;31,1;2020-08-16 19:10:06;E10,945125;N48,346322;489,800;300;SW V1-11 (2020-06-17);2019-06-11 14:16:04;original set-up
2020-08-16 21:15:06;SN19052;measure;7,03;5,48;5,13;21944,9;942,4;206,2;48,4;82,0;44,2;37,9;10,5;16,8;10,5;6,3;2,1;0,0;0,0;0,0;0,0;0,0;0,0;0,0;0,0;0,0;0,0;0,0;0,0;177890618;25,8;36,4;31,4;2020-08-16 19:15:06;E10,945128;N48,346318;489,800;300;SW V1-11 (2020-06-17);2019-06-11 14:16:04;original set-up
2020-08-16 21:20:06;SN19052;measure;5,80;5,47;5,17;22025,1;898,7;227,8;64,2;74,5;33,1;33,1;14,5;4,1;2,1;0,0;0,0;0,0;0,0;2,1;0,0;0,0;0,0;0,0;0,0;0,0;0,0;0,0;0,0;177890618;25,9;36,3;31,6;2020-08-16 19:20:06;E10,945132;N48,346307;490,200;300;SW V1-11 (2020-06-17);2019-06-11 14:16:04;original set-up
2020-08-16 21:25:06;SN19052;measure;6,09;5,47;5,17;22108,5;964,4;197,0;86,2;67,7;39,0;30,8;8,2;6,2;4,1;0,0;2,1;0,0;2,1;0,0;0,0;0,0;0,0;0,0;0,0;0,0;0,0;0,0;0,0;177890618;25,8;36,2;31,7;2020-08-16 19:25:06;E10,945130;N48,346310;490,300;300;SW V1-11 (2020-06-17);2019-06-11 14:16:04;original set-up
2020-08-16 21:30:06;SN19052;measure;6,78;5,92;5,54;23975,4;923,4;185,1;82,0;86,2;54,7;40,0;12,6;6,3;4,2;2,1;0,0;2,1;0,0;2,1;0,0;0,0;0,0;0,0;0,0;0,0;0,0;0,0;0,0;177890618;25,5;36,0;32,1;2020-08-16 19:30:06;E10,945130;N48,346313;490,900;300;SW V1-11 (2020-06-17);2019-06-11 14:16:04;original set-up
2020-08-16 21:35:06;SN19052;measure;6,93;5,94;5,54;24107,9;1031,3;207,1;49,7;76,6;72,5;37,3;16,6;12,4;2,1;4,1;2,1;0,0;0,0;2,1;0,0;0,0;0,0;2,1;0,0;0,0;0,0;0,0;0,0;177890618;25,3;35,9;32,3;2020-08-16 19:35:06;E10,945130;N48,346317;490,700;300;SW V1-11 (2020-06-17);2019-06-11 14:16:04;original set-up
2020-08-16 21:40:06;SN19052;measure;7,23;5,78;5,46;23635,5;995,1;229,8;51,3;92,3;51,3;28,7;14,4;8,2;4,1;0,0;8,2;2,1;0,0;0,0;2,1;0,0;0,0;0,0;0,0;0,0;0,0;0,0;0,0;177890618;25,5;35,8;32,6;2020-08-16 19:40:06;E10,945132;N48,346318;490,400;300;SW V1-11 (2020-06-17);2019-06-11 14:16:04;original set-up
2020-08-16 21:45:06;SN19052;measure;7,61;5,94;5,63;24606,3;1048,1;212,1;65,3;65,3;53,0;18,4;22,4;10,2;4,1;8,2;2,0;2,0;2,0;0,0;0,0;0,0;0,0;0,0;0,0;0,0;0,0;0,0;0,0;177890618;25,2;35,7;32,8;2020-08-16 19:45:06;E10,945132;N48,346318;490,300;300;SW V1-11 (2020-06-17);2019-06-11 14:16:04;original set-up
2020-08-16 21:50:06;SN19052;measure;6,88;5,92;5,59;24616,4;1108,7;234,8;78,9;90,7;55,2;27,6;11,8;11,8;7,9;3,9;0,0;0,0;0,0;0,0;0,0;0,0;0,0;0,0;0,0;0,0;0,0;0,0;0,0;177890618;25,1;35,6;33,3;2020-08-16 19:50:06;E10,945128;N48,346320;490,000;300;SW V1-11 (2020-06-17);2019-06-11 14:16:04;original set-up
2020-08-16 21:55:06;SN19052;measure;6,85;6,03;5,74;25079,8;1057,3;198,3;54,1;92,1;50,1;26,0;10,0;4,0;4,0;2,0;4,0;0,0;0,0;0,0;2,0;0,0;0,0;0,0;0,0;0,0;0,0;0,0;0,0;177890618;25,2;35,5;33,3;2020-08-16 19:55:06;E10,945127;N48,346320;489,600;300;SW V1-11 (2020-06-17);2019-06-11 14:16:04;original set-up
2020-08-16 22:00:06;SN19052;measure;8,09;6,25;5,82;25283,5;1141,7;270,8;60,6;93,0;56,6;40,4;22,2;20,2;12,1;4,0;4,0;0,0;2,0;0,0;2,0;2,0;0,0;2,0;0,0;0,0;0,0;0,0;0,0;177890618;25,2;35,4;33,2;2020-08-16 20:00:06;E10,945127;N48,346320;489,300;300;SW V1-11 (2020-06-17);2019-06-11 14:16:04;original set-up
2020-08-16 22:05:06;SN19052;measure;8,87;6,30;5,84;25472,2;1167,4;253,3;46,6;77,0;85,1;48,6;18,2;10,1;8,1;4,1;8,1;6,1;4,1;2,0;2,0;2,0;0,0;0,0;0,0;0,0;0,0;0,0;0,0;177890618;25,1;35,3;33,4;2020-08-16 20:05:06;E10,945122;N48,346322;489,000;300;SW V1-11 (2020-06-17);2019-06-11 14:16:04;original set-up
2020-08-16 22:10:06;SN19052;measure;7,03;6,24;5,95;26100,5;1230,2;241,2;62,8;89,2;60,8;22,3;4,1;10,1;2,0;2,0;0,0;2,0;2,0;0,0;0,0;0,0;0,0;0,0;0,0;0,0;0,0;0,0;0,0;177890618;24,9;35,1;33,6;2020-08-16 20:10:06;E10,945122;N48,346322;489,200;300;SW V1-11 (2020-06-17);2019-06-11 14:16:04;original set-up
2020-08-16 22:15:06;SN19052;measure;7,41;6,69;6,32;27710,8;1252,3;280,5;73,2;75,2;63,0;30,5;14,2;22,4;2,0;0,0;0,0;0,0;0,0;0,0;0,0;0,0;0,0;0,0;0,0;0,0;0,0;0,0;0,0;177890618;25,1;35,1;34,0;2020-08-16 20:15:06;E10,945122;N48,346320;489,300;300;SW V1-11 (2020-06-17);2019-06-11 14:16:04;original set-up
2020-08-16 22:20:06;SN19052;measure;7,24;6,20;5,94;26217,6;1180,2;238,0;66,9;76,7;47,2;19,7;7,9;9,8;11,8;3,9;0,0;0,0;0,0;0,0;0,0;0,0;0,0;0,0;0,0;0,0;0,0;0,0;0,0;177890618;24,9;35,0;34,2;2020-08-16 20:20:06;E10,945123;N48,346320;489,400;300;SW V1-11 (2020-06-17);2019-06-11 14:16:04;original set-up
2020-08-16 22:25:06;SN19052;measure;6,87;6,28;6,02;26664,2;1289,0;269,4;67,8;71,7;36,8;19,4;19,4;7,8;5,8;0,0;0,0;0,0;0,0;0,0;0,0;0,0;0,0;0,0;0,0;0,0;0,0;0,0;0,0;177890618;24,8;34,9;34,4;2020-08-16 20:25:06;E10,945125;N48,346320;489,500;300;SW V1-11 (2020-06-17);2019-06-11 14:16:04;original set-up
2020-08-16 22:30:06;SN19052;measure;7,56;6,51;6,18;27584,7;1351,6;244,1;61,5;77,4;35,7;43,7;9,9;7,9;2,0;0,0;2,0;4,0;2,0;0,0;2,0;0,0;0,0;0,0;0,0;0,0;0,0;0,0;0,0;177890618;24,6;34,8;34,4;2020-08-16 20:30:06;E10,945125;N48,346318;489,500;300;SW V1-11 (2020-06-17);2019-06-11 14:16:04;original set-up
2020-08-16 22:35:06;SN19052;measure;8,25;6,69;6,42;28752,6;1408,0;271,2;70,3;100,4;40,2;24,1;6,0;8,0;8,0;4,0;0,0;6,0;0,0;0,0;0,0;0,0;0,0;0,0;0,0;0,0;0,0;0,0;0,0;177890618;24,5;34,8;34,6;2020-08-16 20:35:06;E10,945125;N48,346318;489,400;300;SW V1-11 (2020-06-17);2019-06-11 14:16:04;original set-up
2020-08-16 22:40:06;SN19052;measure;9,36;7,32;6,86;30533,4;1656,9;311,2;60,6;99,0;62,6;52,5;20,2;14,1;6,1;8,1;6,1;2,0;0,0;2,0;0,0;0,0;0,0;0,0;0,0;0,0;0,0;0,0;0,0;177890618;24,6;34,7;34,7;2020-08-16 20:40:06;E10,945125;N48,346315;489,100;300;SW V1-11 (2020-06-17);2019-06-11 14:16:04;original set-up
2020-08-16 22:45:06;SN19052;measure;8,50;7,62;7,20;31789,6;1601,2;330,4;87,2;117,6;62,8;42,6;12,2;16,2;6,1;0,0;2,0;0,0;0,0;0,0;0,0;0,0;0,0;0,0;0,0;0,0;0,0;0,0;0,0;177890618;24,6;34,6;34,4;2020-08-16 20:45:06;E10,945127;N48,346313;489,000;300;SW V1-11 (2020-06-17);2019-06-11 14:16:04;original set-up
2020-08-16 22:50:06;SN19052;measure;8,05;7,68;7,31;32541,2;1634,6;343,6;56,9;91,5;50,8;42,7;12,2;8,1;2,0;0,0;0,0;0,0;0,0;0,0;0,0;0,0;0,0;0,0;0,0;0,0;0,0;0,0;0,0;177890618;24,6;34,5;34,8;2020-08-16 20:50:06;E10,945125;N48,346308;489,000;300;SW V1-11 (2020-06-17);2019-06-11 14:16:04;original set-up
2020-08-16 22:55:06;SN19052;measure;7,95;7,15;6,80;30735,7;1640,4;314,7;62,9;53,1;43,3;49,2;13,8;3,9;0,0;7,9;0,0;0,0;2,0;2,0;0,0;0,0;0,0;0,0;0,0;0,0;0,0;0,0;0,0;177890618;24,3;34,5;35,3;2020-08-16 20:55:06;E10,945115;N48,346300;488,800;300;SW V1-11 (2020-06-17);2019-06-11 14:16:04;original set-up
2020-08-16 23:00:06;SN19052;measure;7,37;7,00;6,76;31055,3;1607,9;344,4;50,1;58,1;48,1;30,0;2,0;2,0;8,0;0,0;0,0;0,0;0,0;0,0;0,0;0,0;0,0;0,0;0,0;0,0;0,0;0,0;0,0;177890618;23,9;34,4;35,4;2020-08-16 21:00:06;E10,945103;N48,346292;488,300;300;SW V1-11 (2020-06-17);2019-06-11 14:16:04;original set-up
2020-08-16 23:05:06;SN19052;measure;8,18;7,07;6,80;31089,3;1578,0;258,1;56,7;84,1;52,8;21,5;5,9;13,7;9,8;0,0;2,0;2,0;0,0;0,0;0,0;0,0;0,0;2,0;0,0;0,0;0,0;0,0;0,0;177890618;24,1;34,4;35,6;2020-08-16 21:05:06;E10,945103;N48,346290;488,200;300;SW V1-11 (2020-06-17);2019-06-11 14:16:04;original set-up
2020-08-16 23:10:06;SN19052;measure;8,36;7,32;6,96;31699,9;1572,5;270,7;63,7;61,7;63,7;41,8;6,0;17,9;6,0;4,0;0,0;0,0;4,0;0,0;0,0;0,0;0,0;0,0;0,0;0,0;0,0;0,0;0,0;177890618;24,1;34,3;35,7;2020-08-16 21:10:06;E10,945090;N48,346303;488,300;300;SW V1-11 (2020-06-17);2019-06-11 14:16:04;original set-up
2020-08-16 23:15:06;SN19052;measure;8,03;7,37;6,93;31361,8;1583,5;338,5;72,5;112,8;44,3;66,5;8,1;10,1;2,0;0,0;0,0;2,0;2,0;2,0;0,0;0,0;0,0;0,0;0,0;0,0;0,0;0,0;0,0;177890618;24,2;34,2;35,8;2020-08-16 21:15:06;E10,945090;N48,346298;488,400;300;SW V1-11 (2020-06-17);2019-06-11 14:16:04;original set-up
2020-08-16 23:20:06;SN19052;measure;8,33;7,48;7,16;32661,4;1796,4;333,4;58,8;86,3;45,1;35,3;7,8;13,7;5,9;3,9;0,0;0,0;0,0;0,0;0,0;0,0;0,0;0,0;0,0;0,0;0,0;0,0;0,0;177890618;23,9;34,2;35,5;2020-08-16 21:20:06;E10,945093;N48,346293;488,600;300;SW V1-11 (2020-06-17);2019-06-11 14:16:04;original set-up
2020-08-16 23:25:06;SN19052;measure;11,36;10,51;10,18;46294,5;2537,9;521,9;90,8;81,2;54,1;36,7;7,7;7,7;1,9;0,0;3,9;1,9;0,0;0,0;0,0;0,0;0,0;0,0;0,0;0,0;0,0;0,0;0,0;177890618;24,1;34,1;35,9;2020-08-16 21:25:06;E10,945095;N48,346295;488,700;300;SW V1-11 (2020-06-17);2019-06-11 14:16:04;original set-up
2020-08-16 23:30:06;SN19052;measure;10,63;9,00;8,47;39370,0;2277,1;484,2;86,5;121,1;73,0;69,2;11,5;21,1;9,6;5,8;3,8;0,0;1,9;0,0;3,8;0,0;0,0;0,0;0,0;0,0;0,0;0,0;0,0;177890618;23,7;34,1;36,4;2020-08-16 21:30:06;E10,945095;N48,346290;489,400;300;SW V1-11 (2020-06-17);2019-06-11 14:16:04;original set-up
2020-08-16 23:35:06;SN19052;measure;9,16;8,21;7,71;35851,3;2135,1;393,8;106,9;106,9;69,3;55,4;23,7;17,8;0,0;2,0;0,0;2,0;0,0;2,0;0,0;0,0;0,0;0,0;0,0;0,0;0,0;0,0;0,0;177890618;23,8;34,0;36,8;2020-08-16 21:35:06;E10,945095;N48,346288;490,400;300;SW V1-11 (2020-06-17);2019-06-11 14:16:04;original set-up
2020-08-16 23:40:06;SN19052;measure;8,48;7,51;7,02;32723,7;1856,5;408,2;97,2;118,6;87,5;62,2;11,7;7,8;3,9;3,9;3,9;0,0;0,0;0,0;0,0;0,0;0,0;0,0;0,0;0,0;0,0;0,0;0,0;177890618;23,8;34,0;37,0;2020-08-16 21:40:06;E10,945100;N48,346283;491,200;300;SW V1-11 (2020-06-17);2019-06-11 14:16:04;original set-up
2020-08-16 23:45:06;SN19052;measure;8,33;7,15;6,76;32101,0;1840,6;385,5;113,7;92,5;59,7;42,4;13,5;17,3;5,8;7,7;0,0;0,0;0,0;0,0;0,0;0,0;0,0;0,0;0,0;0,0;0,0;0,0;0,0;177890618;23,4;34,0;36,9;2020-08-16 21:45:06;E10,945107;N48,346280;491,800;300;SW V1-11 (2020-06-17);2019-06-11 14:16:04;original set-up
2020-08-16 23:50:06;SN19052;measure;8,67;7,26;6,72;32071,5;1822,2;360,2;105,4;130,3;76,6;65,1;24,9;13,4;7,7;1,9;3,8;1,9;0,0;0,0;1,9;0,0;0,0;0,0;0,0;0,0;0,0;0,0;0,0;177890618;23,5;33,9;37,5;2020-08-16 21:50:06;E10,945110;N48,346273;492,000;300;SW V1-11 (2020-06-17);2019-06-11 14:16:04;original set-up
2020-08-16 23:55:06;SN19052;measure;8,04;7,22;6,74;33210,0;2026,2;390,6;94,7;110,5;90,8;47,3;35,5;9,9;2,0;3,9;0,0;0,0;0,0;0,0;0,0;0,0;0,0;0,0;0,0;0,0;0,0;0,0;0,0;177890618;22,9;33,9;37,4;2020-08-16 21:55:06;E10,945112;N48,346272;492,300;300;SW V1-11 (2020-06-17);2019-06-11 14:16:04;original set-up
