***begin of header***
date&time [local time];serial-no;type;PM10 [ug/m3];PM2.5 [ug/m3];PM1 [ug/m3];0,35 [um];0,46 [um];0,66 [um];1,0 [um];1,3 [um];1,7 [um];2,3 [um];3,0 [um];4,0 [um];5,2 [um];6,5 [um];8,0 [um];10 [um];12 [um];14 [um];16 [um];18 [um];20 [um];22 [um];25 [um];28 [um];31 [um];34 [um];37 [um];serial-OPC;T-out [°C];T-aerosol [°C];rH [%];date&time [UTC];longitude [°];latitude [°];height [m];time-resolution [s];software-version;last calibration [local time];configuration version
***end of header***
2020-08-16 00:00:06;SN19003;measure;0,09;0,09;0,09;418,5;0,0;0,0;0,0;0,0;0,0;0,0;0,0;0,0;0,0;0,0;0,0;0,0;0,0;0,0;0,0;0,0;0,0;0,0;0,0;0,0;0,0;0,0;0,0;177340616;22,8;30,1;43,1;2020-08-15 22:00:06;E10,902361;N48,356472;500,0;300;SW V1-11 (2020-06-17);2019-06-11 14:16:04;original set-up
2020-08-16 00:05:06;SN19003;measure;0,12;0,12;0,12;562,3;0,0;0,0;0,0;0,0;0,0;0,0;0,0;0,0;0,0;0,0;0,0;0,0;0,0;0,0;0,0;0,0;0,0;0,0;0,0;0,0;0,0;0,0;0,0;177340616;22,8;30,0;43,3;2020-08-15 22:05:06;E10,902361;N48,356472;500,0;300;SW V1-11 (2020-06-17);2019-06-11 14:16:04;original set-up
2020-08-16 00:10:06;SN19003;measure;0,11;0,11;0,11;549,3;0,0;0,0;0,0;0,0;0,0;0,0;0,0;0,0;0,0;0,0;0,0;0,0;0,0;0,0;0,0;0,0;0,0;0,0;0,0;0,0;0,0;0,0;0,0;177340616;22,7;29,9;43,6;2020-08-15 22:10:06;E10,902361;N48,356472;500,0;300;SW V1-11 (2020-06-17);2019-06-11 14:16:04;original set-up
2020-08-16 00:15:06;SN19003;measure;0,11;0,11;0,11;549,3;0,0;0,0;0,0;0,0;0,0;0,0;0,0;0,0;0,0;0,0;0,0;0,0;0,0;0,0;0,0;0,0;0,0;0,0;0,0;0,0;0,0;0,0;0,0;177340616;22,6;29,9;43,8;2020-08-15 22:15:06;E10,902361;N48,356472;500,0;300;SW V1-11 (2020-06-17);2019-06-11 14:16:04;original set-up
2020-08-16 00:20:06;SN19003;measure;0,08;0,08;0,08;379,3;0,0;0,0;0,0;0,0;0,0;0,0;0,0;0,0;0,0;0,0;0,0;0,0;0,0;0,0;0,0;0,0;0,0;0,0;0,0;0,0;0,0;0,0;0,0;177340616;22,6;29,8;44,1;2020-08-15 22:20:06;E10,902361;N48,356472;500,0;300;SW V1-11 (2020-06-17);2019-06-11 14:16:04;original set-up
2020-08-16 00:25:06;SN19003;measure;0,12;0,12;0,12;601,6;0,0;0,0;0,0;0,0;0,0;0,0;0,0;0,0;0,0;0,0;0,0;0,0;0,0;0,0;0,0;0,0;0,0;0,0;0,0;0,0;0,0;0,0;0,0;177340616;22,5;29,7;44,3;2020-08-15 22:25:06;E10,902361;N48,356472;500,0;300;SW V1-11 (2020-06-17);2019-06-11 14:16:04;original set-up
2020-08-16 00:30:06;SN19003;measure;0,13;0,13;0,13;614,6;0,0;0,0;0,0;0,0;0,0;0,0;0,0;0,0;0,0;0,0;0,0;0,0;0,0;0,0;0,0;0,0;0,0;0,0;0,0;0,0;0,0;0,0;0,0;177340616;22,5;29,6;44,4;2020-08-15 22:30:06;E10,902361;N48,356472;500,0;300;SW V1-11 (2020-06-17);2019-06-11 14:16:04;original set-up
2020-08-16 00:35:06;SN19003;measure;0,11;0,11;0,11;523,1;0,0;0,0;0,0;0,0;0,0;0,0;0,0;0,0;0,0;0,0;0,0;0,0;0,0;0,0;0,0;0,0;0,0;0,0;0,0;0,0;0,0;0,0;0,0;177340616;22,3;29,5;44,7;2020-08-15 22:35:06;E10,902361;N48,356472;500,0;300;SW V1-11 (2020-06-17);2019-06-11 14:16:04;original set-up
2020-08-16 00:40:06;SN19003;measure;0,11;0,11;0,11;536,2;0,0;0,0;0,0;0,0;0,0;0,0;0,0;0,0;0,0;0,0;0,0;0,0;0,0;0,0;0,0;0,0;0,0;0,0;0,0;0,0;0,0;0,0;0,0;177340616;22,2;29,4;44,8;2020-08-15 22:40:06;E10,902361;N48,356472;500,0;300;SW V1-11 (2020-06-17);2019-06-11 14:16:04;original set-up
2020-08-16 00:45:06;SN19003;measure;0,11;0,11;0,11;549,3;0,0;0,0;0,0;0,0;0,0;0,0;0,0;0,0;0,0;0,0;0,0;0,0;0,0;0,0;0,0;0,0;0,0;0,0;0,0;0,0;0,0;0,0;0,0;177340616;22,2;29,3;45,1;2020-08-15 22:45:06;E10,902361;N48,356472;500,0;300;SW V1-11 (2020-06-17);2019-06-11 14:16:04;original set-up
2020-08-16 00:50:06;SN19003;measure;0,14;0,14;0,14;680,1;0,0;0,0;0,0;0,0;0,0;0,0;0,0;0,0;0,0;0,0;0,0;0,0;0,0;0,0;0,0;0,0;0,0;0,0;0,0;0,0;0,0;0,0;0,0;177340616;22,3;29,3;45,3;2020-08-15 22:50:06;E10,902361;N48,356472;500,0;300;SW V1-11 (2020-06-17);2019-06-11 14:16:04;original set-up
2020-08-16 00:55:06;SN19003;measure;0,12;0,12;0,12;575,4;0,0;0,0;0,0;0,0;0,0;0,0;0,0;0,0;0,0;0,0;0,0;0,0;0,0;0,0;0,0;0,0;0,0;0,0;0,0;0,0;0,0;0,0;0,0;177340616;22,2;29,2;45,5;2020-08-15 22:55:06;E10,902361;N48,356472;500,0;300;SW V1-11 (2020-06-17);2019-06-11 14:16:04;original set-up
2020-08-16 01:00:06;SN19003;measure;0,09;0,09;0,09;457,7;0,0;0,0;0,0;0,0;0,0;0,0;0,0;0,0;0,0;0,0;0,0;0,0;0,0;0,0;0,0;0,0;0,0;0,0;0,0;0,0;0,0;0,0;0,0;177340616;22,1;29,1;45,7;2020-08-15 23:00:06;E10,902361;N48,356472;500,0;300;SW V1-11 (2020-06-17);2019-06-11 14:16:04;original set-up
2020-08-16 01:05:06;SN19003;measure;0,10;0,10;0,10;497,0;0,0;0,0;0,0;0,0;0,0;0,0;0,0;0,0;0,0;0,0;0,0;0,0;0,0;0,0;0,0;0,0;0,0;0,0;0,0;0,0;0,0;0,0;0,0;177340616;22,1;29,1;45,8;2020-08-15 23:05:06;E10,902361;N48,356472;500,0;300;SW V1-11 (2020-06-17);2019-06-11 14:16:04;original set-up
2020-08-16 01:10:06;SN19003;measure;0,12;0,12;0,12;614,7;0,0;0,0;0,0;0,0;0,0;0,0;0,0;0,0;0,0;0,0;0,0;0,0;0,0;0,0;0,0;0,0;0,0;0,0;0,0;0,0;0,0;0,0;0,0;177340616;21,9;29,0;45,8;2020-08-15 23:10:06;E10,902361;N48,356472;500,0;300;SW V1-11 (2020-06-17);2019-06-11 14:16:04;original set-up
2020-08-16 01:15:06;SN19003;measure;0,13;0,13;0,13;640,8;0,0;0,0;0,0;0,0;0,0;0,0;0,0;0,0;0,0;0,0;0,0;0,0;0,0;0,0;0,0;0,0;0,0;0,0;0,0;0,0;0,0;0,0;0,0;177340616;21,8;29,0;46,1;2020-08-15 23:15:06;E10,902361;N48,356472;500,0;300;SW V1-11 (2020-06-17);2019-06-11 14:16:04;original set-up
2020-08-16 01:20:06;SN19003;measure;0,14;0,14;0,14;693,1;0,0;0,0;0,0;0,0;0,0;0,0;0,0;0,0;0,0;0,0;0,0;0,0;0,0;0,0;0,0;0,0;0,0;0,0;0,0;0,0;0,0;0,0;0,0;177340616;21,8;28,9;46,3;2020-08-15 23:20:06;E10,902361;N48,356472;500,0;300;SW V1-11 (2020-06-17);2019-06-11 14:16:04;original set-up
2020-08-16 01:25:06;SN19003;measure;0,13;0,13;0,13;667,0;0,0;0,0;0,0;0,0;0,0;0,0;0,0;0,0;0,0;0,0;0,0;0,0;0,0;0,0;0,0;0,0;0,0;0,0;0,0;0,0;0,0;0,0;0,0;177340616;21,7;28,8;46,4;2020-08-15 23:25:06;E10,902361;N48,356472;500,0;300;SW V1-11 (2020-06-17);2019-06-11 14:16:04;original set-up
2020-08-16 01:30:06;SN19003;measure;0,10;0,10;0,10;510,0;0,0;0,0;0,0;0,0;0,0;0,0;0,0;0,0;0,0;0,0;0,0;0,0;0,0;0,0;0,0;0,0;0,0;0,0;0,0;0,0;0,0;0,0;0,0;177340616;21,6;28,8;46,6;2020-08-15 23:30:06;E10,902361;N48,356472;500,0;300;SW V1-11 (2020-06-17);2019-06-11 14:16:04;original set-up
2020-08-16 01:35:06;SN19003;measure;0,12;0,12;0,12;588,4;0,0;0,0;0,0;0,0;0,0;0,0;0,0;0,0;0,0;0,0;0,0;0,0;0,0;0,0;0,0;0,0;0,0;0,0;0,0;0,0;0,0;0,0;0,0;177340616;21,6;28,7;46,8;2020-08-15 23:35:06;E10,902361;N48,356472;500,0;300;SW V1-11 (2020-06-17);2019-06-11 14:16:04;original set-up
2020-08-16 01:40:06;SN19003;measure;0,13;0,13;0,13;667,1;0,0;0,0;0,0;0,0;0,0;0,0;0,0;0,0;0,0;0,0;0,0;0,0;0,0;0,0;0,0;0,0;0,0;0,0;0,0;0,0;0,0;0,0;0,0;177340616;21,6;28,6;47,0;2020-08-15 23:40:06;E10,902361;N48,356472;500,0;300;SW V1-11 (2020-06-17);2019-06-11 14:16:04;original set-up
2020-08-16 01:45:06;SN19003;measure;0,11;0,11;0,11;588,5;0,0;0,0;0,0;0,0;0,0;0,0;0,0;0,0;0,0;0,0;0,0;0,0;0,0;0,0;0,0;0,0;0,0;0,0;0,0;0,0;0,0;0,0;0,0;177340616;21,4;28,6;47,1;2020-08-15 23:45:06;E10,902361;N48,356472;500,0;300;SW V1-11 (2020-06-17);2019-06-11 14:16:04;original set-up
2020-08-16 01:50:06;SN19003;measure;0,11;0,11;0,11;575,4;0,0;0,0;0,0;0,0;0,0;0,0;0,0;0,0;0,0;0,0;0,0;0,0;0,0;0,0;0,0;0,0;0,0;0,0;0,0;0,0;0,0;0,0;0,0;177340616;21,4;28,6;47,1;2020-08-15 23:50:06;E10,902361;N48,356472;500,0;300;SW V1-11 (2020-06-17);2019-06-11 14:16:04;original set-up
2020-08-16 01:55:06;SN19003;measure;0,11;0,11;0,11;549,3;0,0;0,0;0,0;0,0;0,0;0,0;0,0;0,0;0,0;0,0;0,0;0,0;0,0;0,0;0,0;0,0;0,0;0,0;0,0;0,0;0,0;0,0;0,0;177340616;21,5;28,5;47,2;2020-08-15 23:55:06;E10,902361;N48,356472;500,0;300;SW V1-11 (2020-06-17);2019-06-11 14:16:04;original set-up
2020-08-16 02:00:06;SN19003;measure;0,16;0,16;0,16;850,1;0,0;0,0;0,0;0,0;0,0;0,0;0,0;0,0;0,0;0,0;0,0;0,0;0,0;0,0;0,0;0,0;0,0;0,0;0,0;0,0;0,0;0,0;0,0;177340616;21,4;28,5;47,4;2020-08-16 00:00:06;E10,902361;N48,356472;500,0;300;SW V1-11 (2020-06-17);2019-06-11 14:16:04;original set-up
2020-08-16 02:05:06;SN19003;measure;0,10;0,10;0,10;497,0;0,0;0,0;0,0;0,0;0,0;0,0;0,0;0,0;0,0;0,0;0,0;0,0;0,0;0,0;0,0;0,0;0,0;0,0;0,0;0,0;0,0;0,0;0,0;177340616;21,4;28,4;47,4;2020-08-16 00:05:06;E10,902361;N48,356472;500,0;300;SW V1-11 (2020-06-17);2019-06-11 14:16:04;original set-up
2020-08-16 02:10:06;SN19003;measure;0,11;0,11;0,11;588,5;0,0;0,0;0,0;0,0;0,0;0,0;0,0;0,0;0,0;0,0;0,0;0,0;0,0;0,0;0,0;0,0;0,0;0,0;0,0;0,0;0,0;0,0;0,0;177340616;21,4;28,3;47,4;2020-08-16 00:10:06;E10,902361;N48,356472;500,0;300;SW V1-11 (2020-06-17);2019-06-11 14:16:04;original set-up
2020-08-16 02:15:06;SN19003;measure;0,14;0,14;0,14;706,2;0,0;0,0;0,0;0,0;0,0;0,0;0,0;0,0;0,0;0,0;0,0;0,0;0,0;0,0;0,0;0,0;0,0;0,0;0,0;0,0;0,0;0,0;0,0;177340616;21,4;28,3;47,7;2020-08-16 00:15:06;E10,902361;N48,356472;500,0;300;SW V1-11 (2020-06-17);2019-06-11 14:16:04;original set-up
2020-08-16 02:20:06;SN19003;measure;0,12;0,12;0,12;614,7;0,0;0,0;0,0;0,0;0,0;0,0;0,0;0,0;0,0;0,0;0,0;0,0;0,0;0,0;0,0;0,0;0,0;0,0;0,0;0,0;0,0;0,0;0,0;177340616;21,3;28,2;47,8;2020-08-16 00:20:06;E10,902361;N48,356472;500,0;300;SW V1-11 (2020-06-17);2019-06-11 14:16:04;original set-up
2020-08-16 02:25:06;SN19003;measure;0,12;0,12;0,12;640,8;0,0;0,0;0,0;0,0;0,0;0,0;0,0;0,0;0,0;0,0;0,0;0,0;0,0;0,0;0,0;0,0;0,0;0,0;0,0;0,0;0,0;0,0;0,0;177340616;21,2;28,2;47,8;2020-08-16 00:25:06;E10,902361;N48,356472;500,0;300;SW V1-11 (2020-06-17);2019-06-11 14:16:04;original set-up
2020-08-16 02:30:06;SN19003;measure;0,11;0,11;0,11;601,6;0,0;0,0;0,0;0,0;0,0;0,0;0,0;0,0;0,0;0,0;0,0;0,0;0,0;0,0;0,0;0,0;0,0;0,0;0,0;0,0;0,0;0,0;0,0;177340616;21,1;28,1;47,9;2020-08-16 00:30:06;E10,902361;N48,356472;500,0;300;SW V1-11 (2020-06-17);2019-06-11 14:16:04;original set-up
2020-08-16 02:35:06;SN19003;measure;0,11;0,11;0,11;575,4;0,0;0,0;0,0;0,0;0,0;0,0;0,0;0,0;0,0;0,0;0,0;0,0;0,0;0,0;0,0;0,0;0,0;0,0;0,0;0,0;0,0;0,0;0,0;177340616;21,2;28,1;47,9;2020-08-16 00:35:06;E10,902361;N48,356472;500,0;300;SW V1-11 (2020-06-17);2019-06-11 14:16:04;original set-up
2020-08-16 02:40:06;SN19003;measure;0,14;0,14;0,14;732,4;0,0;0,0;0,0;0,0;0,0;0,0;0,0;0,0;0,0;0,0;0,0;0,0;0,0;0,0;0,0;0,0;0,0;0,0;0,0;0,0;0,0;0,0;0,0;177340616;21,0;28,0;48,1;2020-08-16 00:40:06;E10,902361;N48,356472;500,0;300;SW V1-11 (2020-06-17);2019-06-11 14:16:04;original set-up
2020-08-16 02:45:06;SN19003;measure;0,12;0,12;0,12;653,9;0,0;0,0;0,0;0,0;0,0;0,0;0,0;0,0;0,0;0,0;0,0;0,0;0,0;0,0;0,0;0,0;0,0;0,0;0,0;0,0;0,0;0,0;0,0;177340616;21,0;27,9;48,2;2020-08-16 00:45:06;E10,902361;N48,356472;500,0;300;SW V1-11 (2020-06-17);2019-06-11 14:16:04;original set-up
2020-08-16 02:50:06;SN19003;measure;0,13;0,13;0,13;706,2;0,0;0,0;0,0;0,0;0,0;0,0;0,0;0,0;0,0;0,0;0,0;0,0;0,0;0,0;0,0;0,0;0,0;0,0;0,0;0,0;0,0;0,0;0,0;177340616;21,1;27,9;48,5;2020-08-16 00:50:06;E10,902361;N48,356472;500,0;300;SW V1-11 (2020-06-17);2019-06-11 14:16:04;original set-up
2020-08-16 02:55:06;SN19003;measure;0,12;0,12;0,12;614,6;0,0;0,0;0,0;0,0;0,0;0,0;0,0;0,0;0,0;0,0;0,0;0,0;0,0;0,0;0,0;0,0;0,0;0,0;0,0;0,0;0,0;0,0;0,0;177340616;20,9;27,9;48,5;2020-08-16 00:55:06;E10,902361;N48,356472;500,0;300;SW V1-11 (2020-06-17);2019-06-11 14:16:04;original set-up
2020-08-16 03:00:06;SN19003;measure;0,13;0,13;0,13;667,0;0,0;0,0;0,0;0,0;0,0;0,0;0,0;0,0;0,0;0,0;0,0;0,0;0,0;0,0;0,0;0,0;0,0;0,0;0,0;0,0;0,0;0,0;0,0;177340616;20,9;27,9;48,5;2020-08-16 01:00:06;E10,902361;N48,356472;500,0;300;SW V1-11 (2020-06-17);2019-06-11 14:16:04;original set-up
2020-08-16 03:05:06;SN19003;measure;0,10;0,10;0,10;536,2;0,0;0,0;0,0;0,0;0,0;0,0;0,0;0,0;0,0;0,0;0,0;0,0;0,0;0,0;0,0;0,0;0,0;0,0;0,0;0,0;0,0;0,0;0,0;177340616;20,8;27,8;48,5;2020-08-16 01:05:06;E10,902361;N48,356472;500,0;300;SW V1-11 (2020-06-17);2019-06-11 14:16:04;original set-up
2020-08-16 03:10:06;SN19003;measure;0,14;0,14;0,14;758,5;0,0;0,0;0,0;0,0;0,0;0,0;0,0;0,0;0,0;0,0;0,0;0,0;0,0;0,0;0,0;0,0;0,0;0,0;0,0;0,0;0,0;0,0;0,0;177340616;20,9;27,8;48,8;2020-08-16 01:10:06;E10,902361;N48,356472;500,0;300;SW V1-11 (2020-06-17);2019-06-11 14:16:04;original set-up
2020-08-16 03:15:06;SN19003;measure;0,11;0,11;0,11;588,5;0,0;0,0;0,0;0,0;0,0;0,0;0,0;0,0;0,0;0,0;0,0;0,0;0,0;0,0;0,0;0,0;0,0;0,0;0,0;0,0;0,0;0,0;0,0;177340616;20,8;27,7;48,8;2020-08-16 01:15:06;E10,902361;N48,356472;500,0;300;SW V1-11 (2020-06-17);2019-06-11 14:16:04;original set-up
2020-08-16 03:20:06;SN19003;measure;0,13;0,13;0,13;706,2;0,0;0,0;0,0;0,0;0,0;0,0;0,0;0,0;0,0;0,0;0,0;0,0;0,0;0,0;0,0;0,0;0,0;0,0;0,0;0,0;0,0;0,0;0,0;177340616;20,8;27,7;48,9;2020-08-16 01:20:06;E10,902361;N48,356472;500,0;300;SW V1-11 (2020-06-17);2019-06-11 14:16:04;original set-up
2020-08-16 03:25:06;SN19003;measure;0,10;0,10;0,10;510,0;0,0;0,0;0,0;0,0;0,0;0,0;0,0;0,0;0,0;0,0;0,0;0,0;0,0;0,0;0,0;0,0;0,0;0,0;0,0;0,0;0,0;0,0;0,0;177340616;20,8;27,7;48,9;2020-08-16 01:25:06;E10,902361;N48,356472;500,0;300;SW V1-11 (2020-06-17);2019-06-11 14:16:04;original set-up
2020-08-16 03:30:06;SN19003;measure;0,09;0,09;0,09;510,0;0,0;0,0;0,0;0,0;0,0;0,0;0,0;0,0;0,0;0,0;0,0;0,0;0,0;0,0;0,0;0,0;0,0;0,0;0,0;0,0;0,0;0,0;0,0;177340616;20,6;27,6;49,1;2020-08-16 01:30:06;E10,902361;N48,356472;500,0;300;SW V1-11 (2020-06-17);2019-06-11 14:16:04;original set-up
2020-08-16 03:35:06;SN19003;measure;0,09;0,09;0,09;497,0;0,0;0,0;0,0;0,0;0,0;0,0;0,0;0,0;0,0;0,0;0,0;0,0;0,0;0,0;0,0;0,0;0,0;0,0;0,0;0,0;0,0;0,0;0,0;177340616;20,8;27,6;49,1;2020-08-16 01:35:06;E10,902361;N48,356472;500,0;300;SW V1-11 (2020-06-17);2019-06-11 14:16:04;original set-up
2020-08-16 03:40:06;SN19003;measure;0,14;0,14;0,14;732,3;0,0;0,0;0,0;0,0;0,0;0,0;0,0;0,0;0,0;0,0;0,0;0,0;0,0;0,0;0,0;0,0;0,0;0,0;0,0;0,0;0,0;0,0;0,0;177340616;20,6;27,6;49,1;2020-08-16 01:40:06;E10,902361;N48,356472;500,0;300;SW V1-11 (2020-06-17);2019-06-11 14:16:04;original set-up
2020-08-16 03:45:06;SN19003;measure;0,13;0,13;0,13;693,1;0,0;0,0;0,0;0,0;0,0;0,0;0,0;0,0;0,0;0,0;0,0;0,0;0,0;0,0;0,0;0,0;0,0;0,0;0,0;0,0;0,0;0,0;0,0;177340616;20,7;27,5;49,1;2020-08-16 01:45:06;E10,902361;N48,356472;500,0;300;SW V1-11 (2020-06-17);2019-06-11 14:16:04;original set-up
2020-08-16 03:50:06;SN19003;measure;0,13;0,13;0,13;719,3;0,0;0,0;0,0;0,0;0,0;0,0;0,0;0,0;0,0;0,0;0,0;0,0;0,0;0,0;0,0;0,0;0,0;0,0;0,0;0,0;0,0;0,0;0,0;177340616;20,6;27,5;49,4;2020-08-16 01:50:06;E10,902361;N48,356472;500,0;300;SW V1-11 (2020-06-17);2019-06-11 14:16:04;original set-up
2020-08-16 03:55:06;SN19003;measure;0,14;0,14;0,14;771,6;0,0;0,0;0,0;0,0;0,0;0,0;0,0;0,0;0,0;0,0;0,0;0,0;0,0;0,0;0,0;0,0;0,0;0,0;0,0;0,0;0,0;0,0;0,0;177340616;20,6;27,4;49,5;2020-08-16 01:55:06;E10,902361;N48,356472;500,0;300;SW V1-11 (2020-06-17);2019-06-11 14:16:04;original set-up
2020-08-16 04:00:06;SN19003;measure;0,11;0,11;0,11;601,6;0,0;0,0;0,0;0,0;0,0;0,0;0,0;0,0;0,0;0,0;0,0;0,0;0,0;0,0;0,0;0,0;0,0;0,0;0,0;0,0;0,0;0,0;0,0;177340616;20,5;27,4;49,6;2020-08-16 02:00:06;E10,902361;N48,356472;500,0;300;SW V1-11 (2020-06-17);2019-06-11 14:16:04;original set-up
2020-08-16 04:05:06;SN19003;measure;0,17;0,17;0,17;902,4;0,0;0,0;0,0;0,0;0,0;0,0;0,0;0,0;0,0;0,0;0,0;0,0;0,0;0,0;0,0;0,0;0,0;0,0;0,0;0,0;0,0;0,0;0,0;177340616;20,6;27,4;49,6;2020-08-16 02:05:06;E10,902361;N48,356472;500,0;300;SW V1-11 (2020-06-17);2019-06-11 14:16:04;original set-up
2020-08-16 04:10:06;SN19003;measure;0,11;0,11;0,11;588,5;0,0;0,0;0,0;0,0;0,0;0,0;0,0;0,0;0,0;0,0;0,0;0,0;0,0;0,0;0,0;0,0;0,0;0,0;0,0;0,0;0,0;0,0;0,0;177340616;20,4;27,3;49,6;2020-08-16 02:10:06;E10,902361;N48,356472;500,0;300;SW V1-11 (2020-06-17);2019-06-11 14:16:04;original set-up
2020-08-16 04:15:06;SN19003;measure;0,12;0,12;0,12;653,9;0,0;0,0;0,0;0,0;0,0;0,0;0,0;0,0;0,0;0,0;0,0;0,0;0,0;0,0;0,0;0,0;0,0;0,0;0,0;0,0;0,0;0,0;0,0;177340616;20,4;27,3;49,7;2020-08-16 02:15:06;E10,902361;N48,356472;500,0;300;SW V1-11 (2020-06-17);2019-06-11 14:16:04;original set-up
2020-08-16 04:20:06;SN19003;measure;0,14;0,14;0,14;758,5;0,0;0,0;0,0;0,0;0,0;0,0;0,0;0,0;0,0;0,0;0,0;0,0;0,0;0,0;0,0;0,0;0,0;0,0;0,0;0,0;0,0;0,0;0,0;177340616;20,3;27,3;49,8;2020-08-16 02:20:06;E10,902361;N48,356472;500,0;300;SW V1-11 (2020-06-17);2019-06-11 14:16:04;original set-up
2020-08-16 04:25:06;SN19003;measure;0,14;0,14;0,14;784,7;0,0;0,0;0,0;0,0;0,0;0,0;0,0;0,0;0,0;0,0;0,0;0,0;0,0;0,0;0,0;0,0;0,0;0,0;0,0;0,0;0,0;0,0;0,0;177340616;20,1;27,3;49,8;2020-08-16 02:25:06;E10,902361;N48,356472;500,0;300;SW V1-11 (2020-06-17);2019-06-11 14:16:04;original set-up
2020-08-16 04:30:06;SN19003;measure;0,14;0,14;0,14;797,8;0,0;0,0;0,0;0,0;0,0;0,0;0,0;0,0;0,0;0,0;0,0;0,0;0,0;0,0;0,0;0,0;0,0;0,0;0,0;0,0;0,0;0,0;0,0;177340616;20,0;27,2;49,8;2020-08-16 02:30:06;E10,902361;N48,356472;500,0;300;SW V1-11 (2020-06-17);2019-06-11 14:16:04;original set-up
2020-08-16 04:35:06;SN19003;measure;0,15;0,15;0,15;863,1;0,0;0,0;0,0;0,0;0,0;0,0;0,0;0,0;0,0;0,0;0,0;0,0;0,0;0,0;0,0;0,0;0,0;0,0;0,0;0,0;0,0;0,0;0,0;177340616;19,9;27,2;49,9;2020-08-16 02:35:06;E10,902361;N48,356472;500,0;300;SW V1-11 (2020-06-17);2019-06-11 14:16:04;original set-up
2020-08-16 04:40:06;SN19003;measure;0,12;0,12;0,12;653,9;0,0;0,0;0,0;0,0;0,0;0,0;0,0;0,0;0,0;0,0;0,0;0,0;0,0;0,0;0,0;0,0;0,0;0,0;0,0;0,0;0,0;0,0;0,0;177340616;19,9;27,1;50,2;2020-08-16 02:40:06;E10,902361;N48,356472;500,0;300;SW V1-11 (2020-06-17);2019-06-11 14:16:04;original set-up
2020-08-16 04:45:06;SN19003;measure;0,10;0,10;0,10;549,2;0,0;0,0;0,0;0,0;0,0;0,0;0,0;0,0;0,0;0,0;0,0;0,0;0,0;0,0;0,0;0,0;0,0;0,0;0,0;0,0;0,0;0,0;0,0;177340616;19,9;27,0;50,3;2020-08-16 02:45:06;E10,902361;N48,356472;500,0;300;SW V1-11 (2020-06-17);2019-06-11 14:16:04;original set-up
2020-08-16 04:50:06;SN19003;measure;0,10;0,10;0,10;588,5;0,0;0,0;0,0;0,0;0,0;0,0;0,0;0,0;0,0;0,0;0,0;0,0;0,0;0,0;0,0;0,0;0,0;0,0;0,0;0,0;0,0;0,0;0,0;177340616;19,9;26,9;50,4;2020-08-16 02:50:06;E10,902361;N48,356472;500,0;300;SW V1-11 (2020-06-17);2019-06-11 14:16:04;original set-up
2020-08-16 04:55:06;SN19003;measure;0,12;0,12;0,12;653,9;0,0;0,0;0,0;0,0;0,0;0,0;0,0;0,0;0,0;0,0;0,0;0,0;0,0;0,0;0,0;0,0;0,0;0,0;0,0;0,0;0,0;0,0;0,0;177340616;20,0;26,9;50,6;2020-08-16 02:55:06;E10,902361;N48,356472;500,0;300;SW V1-11 (2020-06-17);2019-06-11 14:16:04;original set-up
2020-08-16 05:00:06;SN19003;measure;0,14;0,14;0,14;797,8;0,0;0,0;0,0;0,0;0,0;0,0;0,0;0,0;0,0;0,0;0,0;0,0;0,0;0,0;0,0;0,0;0,0;0,0;0,0;0,0;0,0;0,0;0,0;177340616;20,1;26,9;50,7;2020-08-16 03:00:06;E10,902361;N48,356472;500,0;300;SW V1-11 (2020-06-17);2019-06-11 14:16:04;original set-up
2020-08-16 05:05:06;SN19003;measure;0,14;0,14;0,14;797,8;0,0;0,0;0,0;0,0;0,0;0,0;0,0;0,0;0,0;0,0;0,0;0,0;0,0;0,0;0,0;0,0;0,0;0,0;0,0;0,0;0,0;0,0;0,0;177340616;19,9;26,9;50,7;2020-08-16 03:05:06;E10,902361;N48,356472;500,0;300;SW V1-11 (2020-06-17);2019-06-11 14:16:04;original set-up
2020-08-16 05:10:06;SN19003;measure;0,17;0,17;0,17;967,7;0,0;0,0;0,0;0,0;0,0;0,0;0,0;0,0;0,0;0,0;0,0;0,0;0,0;0,0;0,0;0,0;0,0;0,0;0,0;0,0;0,0;0,0;0,0;177340616;19,8;26,8;50,6;2020-08-16 03:10:06;E10,902361;N48,356472;500,0;300;SW V1-11 (2020-06-17);2019-06-11 14:16:04;original set-up
2020-08-16 05:20:06;SN19003;measure;0,13;0,13;0,13;745,4;0,0;0,0;0,0;0,0;0,0;0,0;0,0;0,0;0,0;0,0;0,0;0,0;0,0;0,0;0,0;0,0;0,0;0,0;0,0;0,0;0,0;0,0;0,0;177340616;19,8;26,8;50,7;2020-08-16 03:20:06;E10,902361;N48,356472;500,0;300;SW V1-11 (2020-06-17);2019-06-11 14:16:04;original set-up
2020-08-16 05:25:06;SN19003;measure;0,12;0,12;0,12;667,0;0,0;0,0;0,0;0,0;0,0;0,0;0,0;0,0;0,0;0,0;0,0;0,0;0,0;0,0;0,0;0,0;0,0;0,0;0,0;0,0;0,0;0,0;0,0;177340616;19,8;26,8;50,8;2020-08-16 03:25:06;E10,902361;N48,356472;500,0;300;SW V1-11 (2020-06-17);2019-06-11 14:16:04;original set-up
2020-08-16 05:30:06;SN19003;measure;0,12;0,12;0,12;706,2;0,0;0,0;0,0;0,0;0,0;0,0;0,0;0,0;0,0;0,0;0,0;0,0;0,0;0,0;0,0;0,0;0,0;0,0;0,0;0,0;0,0;0,0;0,0;177340616;19,7;26,7;50,7;2020-08-16 03:30:06;E10,902361;N48,356472;500,0;300;SW V1-11 (2020-06-17);2019-06-11 14:16:04;original set-up
2020-08-16 05:35:06;SN19003;measure;0,13;0,13;0,13;732,3;0,0;0,0;0,0;0,0;0,0;0,0;0,0;0,0;0,0;0,0;0,0;0,0;0,0;0,0;0,0;0,0;0,0;0,0;0,0;0,0;0,0;0,0;0,0;177340616;19,8;26,7;50,5;2020-08-16 03:35:06;E10,902361;N48,356472;500,0;300;SW V1-11 (2020-06-17);2019-06-11 14:16:04;original set-up
2020-08-16 05:40:06;SN19003;measure;0,14;0,14;0,14;784,7;0,0;0,0;0,0;0,0;0,0;0,0;0,0;0,0;0,0;0,0;0,0;0,0;0,0;0,0;0,0;0,0;0,0;0,0;0,0;0,0;0,0;0,0;0,0;177340616;19,6;26,6;50,2;2020-08-16 03:40:06;E10,902361;N48,356472;500,0;300;SW V1-11 (2020-06-17);2019-06-11 14:16:04;original set-up
2020-08-16 05:45:06;SN19003;measure;0,16;0,16;0,16;902,3;0,0;0,0;0,0;0,0;0,0;0,0;0,0;0,0;0,0;0,0;0,0;0,0;0,0;0,0;0,0;0,0;0,0;0,0;0,0;0,0;0,0;0,0;0,0;177340616;19,4;26,6;50,2;2020-08-16 03:45:06;E10,902361;N48,356472;500,0;300;SW V1-11 (2020-06-17);2019-06-11 14:16:04;original set-up
2020-08-16 05:50:06;SN19003;measure;0,12;0,12;0,12;693,1;0,0;0,0;0,0;0,0;0,0;0,0;0,0;0,0;0,0;0,0;0,0;0,0;0,0;0,0;0,0;0,0;0,0;0,0;0,0;0,0;0,0;0,0;0,0;177340616;19,3;26,5;50,3;2020-08-16 03:50:06;E10,902361;N48,356472;500,0;300;SW V1-11 (2020-06-17);2019-06-11 14:16:04;original set-up
2020-08-16 05:55:06;SN19003;measure;0,09;0,09;0,09;536,2;0,0;0,0;0,0;0,0;0,0;0,0;0,0;0,0;0,0;0,0;0,0;0,0;0,0;0,0;0,0;0,0;0,0;0,0;0,0;0,0;0,0;0,0;0,0;177340616;19,3;26,4;50,3;2020-08-16 03:55:06;E10,902361;N48,356472;500,0;300;SW V1-11 (2020-06-17);2019-06-11 14:16:04;original set-up
2020-08-16 06:00:06;SN19003;measure;0,14;0,14;0,14;810,8;0,0;0,0;0,0;0,0;0,0;0,0;0,0;0,0;0,0;0,0;0,0;0,0;0,0;0,0;0,0;0,0;0,0;0,0;0,0;0,0;0,0;0,0;0,0;177340616;19,4;26,3;50,4;2020-08-16 04:00:06;E10,902361;N48,356472;500,0;300;SW V1-11 (2020-06-17);2019-06-11 14:16:04;original set-up
2020-08-16 06:05:06;SN19003;measure;0,12;0,12;0,12;693,1;0,0;0,0;0,0;0,0;0,0;0,0;0,0;0,0;0,0;0,0;0,0;0,0;0,0;0,0;0,0;0,0;0,0;0,0;0,0;0,0;0,0;0,0;0,0;177340616;19,4;26,3;50,7;2020-08-16 04:05:06;E10,902361;N48,356472;500,0;300;SW V1-11 (2020-06-17);2019-06-11 14:16:04;original set-up
2020-08-16 06:10:06;SN19003;measure;0,12;0,12;0,12;667,0;0,0;0,0;0,0;0,0;0,0;0,0;0,0;0,0;0,0;0,0;0,0;0,0;0,0;0,0;0,0;0,0;0,0;0,0;0,0;0,0;0,0;0,0;0,0;177340616;19,4;26,3;50,9;2020-08-16 04:10:06;E10,902361;N48,356472;500,0;300;SW V1-11 (2020-06-17);2019-06-11 14:16:04;original set-up
2020-08-16 06:15:06;SN19003;measure;0,16;0,16;0,16;915,5;0,0;0,0;0,0;0,0;0,0;0,0;0,0;0,0;0,0;0,0;0,0;0,0;0,0;0,0;0,0;0,0;0,0;0,0;0,0;0,0;0,0;0,0;0,0;177340616;19,5;26,2;51,1;2020-08-16 04:15:06;E10,902361;N48,356472;500,0;300;SW V1-11 (2020-06-17);2019-06-11 14:16:04;original set-up
2020-08-16 06:20:06;SN19003;measure;0,13;0,13;0,13;732,4;0,0;0,0;0,0;0,0;0,0;0,0;0,0;0,0;0,0;0,0;0,0;0,0;0,0;0,0;0,0;0,0;0,0;0,0;0,0;0,0;0,0;0,0;0,0;177340616;19,5;26,3;51,1;2020-08-16 04:20:06;E10,902361;N48,356472;500,0;300;SW V1-11 (2020-06-17);2019-06-11 14:16:04;original set-up
2020-08-16 06:25:06;SN19003;measure;0,14;0,14;0,14;784,7;0,0;0,0;0,0;0,0;0,0;0,0;0,0;0,0;0,0;0,0;0,0;0,0;0,0;0,0;0,0;0,0;0,0;0,0;0,0;0,0;0,0;0,0;0,0;177340616;19,4;26,2;51,2;2020-08-16 04:25:06;E10,902361;N48,356472;500,0;300;SW V1-11 (2020-06-17);2019-06-11 14:16:04;original set-up
2020-08-16 06:30:06;SN19003;measure;0,16;0,16;0,16;915,4;0,0;0,0;0,0;0,0;0,0;0,0;0,0;0,0;0,0;0,0;0,0;0,0;0,0;0,0;0,0;0,0;0,0;0,0;0,0;0,0;0,0;0,0;0,0;177340616;19,4;26,2;50,9;2020-08-16 04:30:06;E10,902361;N48,356472;500,0;300;SW V1-11 (2020-06-17);2019-06-11 14:16:04;original set-up
2020-08-16 06:40:06;SN19003;measure;0,11;0,11;0,11;588,5;0,0;0,0;0,0;0,0;0,0;0,0;0,0;0,0;0,0;0,0;0,0;0,0;0,0;0,0;0,0;0,0;0,0;0,0;0,0;0,0;0,0;0,0;0,0;177340616;19,4;26,1;50,9;2020-08-16 04:40:06;E10,902361;N48,356472;500,0;300;SW V1-11 (2020-06-17);2019-06-11 14:16:04;original set-up
2020-08-16 06:45:06;SN19003;measure;0,16;0,16;0,16;928,5;0,0;0,0;0,0;0,0;0,0;0,0;0,0;0,0;0,0;0,0;0,0;0,0;0,0;0,0;0,0;0,0;0,0;0,0;0,0;0,0;0,0;0,0;0,0;177340616;19,4;26,2;51,1;2020-08-16 04:45:06;E10,902361;N48,356472;500,0;300;SW V1-11 (2020-06-17);2019-06-11 14:16:04;original set-up
2020-08-16 06:50:06;SN19003;measure;0,13;0,13;0,13;719,2;0,0;0,0;0,0;0,0;0,0;0,0;0,0;0,0;0,0;0,0;0,0;0,0;0,0;0,0;0,0;0,0;0,0;0,0;0,0;0,0;0,0;0,0;0,0;177340616;19,2;26,1;51,2;2020-08-16 04:50:06;E10,902361;N48,356472;500,0;300;SW V1-11 (2020-06-17);2019-06-11 14:16:04;original set-up
2020-08-16 06:55:06;SN19003;measure;0,16;0,16;0,16;915,5;0,0;0,0;0,0;0,0;0,0;0,0;0,0;0,0;0,0;0,0;0,0;0,0;0,0;0,0;0,0;0,0;0,0;0,0;0,0;0,0;0,0;0,0;0,0;177340616;19,3;26,1;51,1;2020-08-16 04:55:06;E10,902361;N48,356472;500,0;300;SW V1-11 (2020-06-17);2019-06-11 14:16:04;original set-up
2020-08-16 07:00:06;SN19003;measure;0,17;0,17;0,17;993,9;0,0;0,0;0,0;0,0;0,0;0,0;0,0;0,0;0,0;0,0;0,0;0,0;0,0;0,0;0,0;0,0;0,0;0,0;0,0;0,0;0,0;0,0;0,0;177340616;19,3;26,1;51,2;2020-08-16 05:00:06;E10,902361;N48,356472;500,0;300;SW V1-11 (2020-06-17);2019-06-11 14:16:04;original set-up
2020-08-16 07:05:06;SN19003;measure;0,11;0,11;0,11;640,8;0,0;0,0;0,0;0,0;0,0;0,0;0,0;0,0;0,0;0,0;0,0;0,0;0,0;0,0;0,0;0,0;0,0;0,0;0,0;0,0;0,0;0,0;0,0;177340616;19,3;26,1;51,5;2020-08-16 05:05:06;E10,902361;N48,356472;500,0;300;SW V1-11 (2020-06-17);2019-06-11 14:16:04;original set-up
2020-08-16 07:10:06;SN19003;measure;0,15;0,15;0,15;876,2;0,0;0,0;0,0;0,0;0,0;0,0;0,0;0,0;0,0;0,0;0,0;0,0;0,0;0,0;0,0;0,0;0,0;0,0;0,0;0,0;0,0;0,0;0,0;177340616;19,3;26,1;51,4;2020-08-16 05:10:06;E10,902361;N48,356472;500,0;300;SW V1-11 (2020-06-17);2019-06-11 14:16:04;original set-up
2020-08-16 07:15:06;SN19003;measure;0,12;0,12;0,12;693,1;0,0;0,0;0,0;0,0;0,0;0,0;0,0;0,0;0,0;0,0;0,0;0,0;0,0;0,0;0,0;0,0;0,0;0,0;0,0;0,0;0,0;0,0;0,0;177340616;19,3;26,1;51,4;2020-08-16 05:15:06;E10,902361;N48,356472;500,0;300;SW V1-11 (2020-06-17);2019-06-11 14:16:04;original set-up
2020-08-16 07:20:06;SN19003;measure;0,11;0,11;0,11;640,8;0,0;0,0;0,0;0,0;0,0;0,0;0,0;0,0;0,0;0,0;0,0;0,0;0,0;0,0;0,0;0,0;0,0;0,0;0,0;0,0;0,0;0,0;0,0;177340616;19,6;26,1;51,4;2020-08-16 05:20:06;E10,902361;N48,356472;500,0;300;SW V1-11 (2020-06-17);2019-06-11 14:16:04;original set-up
2020-08-16 07:25:06;SN19003;measure;0,15;0,15;0,15;823,9;0,0;0,0;0,0;0,0;0,0;0,0;0,0;0,0;0,0;0,0;0,0;0,0;0,0;0,0;0,0;0,0;0,0;0,0;0,0;0,0;0,0;0,0;0,0;177340616;19,6;26,1;51,7;2020-08-16 05:25:06;E10,902361;N48,356472;500,0;300;SW V1-11 (2020-06-17);2019-06-11 14:16:04;original set-up
2020-08-16 07:30:06;SN19003;measure;0,12;0,12;0,12;693,1;0,0;0,0;0,0;0,0;0,0;0,0;0,0;0,0;0,0;0,0;0,0;0,0;0,0;0,0;0,0;0,0;0,0;0,0;0,0;0,0;0,0;0,0;0,0;177340616;19,6;26,2;51,6;2020-08-16 05:30:06;E10,902361;N48,356472;500,0;300;SW V1-11 (2020-06-17);2019-06-11 14:16:04;original set-up
2020-08-16 07:35:06;SN19003;measure;0,14;0,14;0,14;771,6;0,0;0,0;0,0;0,0;0,0;0,0;0,0;0,0;0,0;0,0;0,0;0,0;0,0;0,0;0,0;0,0;0,0;0,0;0,0;0,0;0,0;0,0;0,0;177340616;19,7;26,2;51,7;2020-08-16 05:35:06;E10,902361;N48,356472;500,0;300;SW V1-11 (2020-06-17);2019-06-11 14:16:04;original set-up
2020-08-16 07:40:06;SN19003;measure;0,18;0,18;0,18;980,8;0,0;0,0;0,0;0,0;0,0;0,0;0,0;0,0;0,0;0,0;0,0;0,0;0,0;0,0;0,0;0,0;0,0;0,0;0,0;0,0;0,0;0,0;0,0;177340616;19,8;26,2;51,9;2020-08-16 05:40:06;E10,902361;N48,356472;500,0;300;SW V1-11 (2020-06-17);2019-06-11 14:16:04;original set-up
2020-08-16 07:45:06;SN19003;measure;0,15;0,15;0,15;823,9;0,0;0,0;0,0;0,0;0,0;0,0;0,0;0,0;0,0;0,0;0,0;0,0;0,0;0,0;0,0;0,0;0,0;0,0;0,0;0,0;0,0;0,0;0,0;177340616;19,8;26,3;51,7;2020-08-16 05:45:06;E10,902361;N48,356472;500,0;300;SW V1-11 (2020-06-17);2019-06-11 14:16:04;original set-up
2020-08-16 07:50:06;SN19003;measure;0,12;0,12;0,12;667,0;0,0;0,0;0,0;0,0;0,0;0,0;0,0;0,0;0,0;0,0;0,0;0,0;0,0;0,0;0,0;0,0;0,0;0,0;0,0;0,0;0,0;0,0;0,0;177340616;19,9;26,4;51,5;2020-08-16 05:50:06;E10,902361;N48,356472;500,0;300;SW V1-11 (2020-06-17);2019-06-11 14:16:04;original set-up
2020-08-16 07:55:06;SN19003;measure;0,14;0,14;0,14;797,8;0,0;0,0;0,0;0,0;0,0;0,0;0,0;0,0;0,0;0,0;0,0;0,0;0,0;0,0;0,0;0,0;0,0;0,0;0,0;0,0;0,0;0,0;0,0;177340616;20,0;26,4;51,7;2020-08-16 05:55:06;E10,902361;N48,356472;500,0;300;SW V1-11 (2020-06-17);2019-06-11 14:16:04;original set-up
2020-08-16 08:00:06;SN19003;measure;0,14;0,14;0,14;758,5;0,0;0,0;0,0;0,0;0,0;0,0;0,0;0,0;0,0;0,0;0,0;0,0;0,0;0,0;0,0;0,0;0,0;0,0;0,0;0,0;0,0;0,0;0,0;177340616;20,1;26,4;51,9;2020-08-16 06:00:06;E10,902361;N48,356472;500,0;300;SW V1-11 (2020-06-17);2019-06-11 14:16:04;original set-up
2020-08-16 08:05:06;SN19003;measure;0,15;0,15;0,15;823,9;0,0;0,0;0,0;0,0;0,0;0,0;0,0;0,0;0,0;0,0;0,0;0,0;0,0;0,0;0,0;0,0;0,0;0,0;0,0;0,0;0,0;0,0;0,0;177340616;20,1;26,5;51,9;2020-08-16 06:05:06;E10,902361;N48,356472;500,0;300;SW V1-11 (2020-06-17);2019-06-11 14:16:04;original set-up
2020-08-16 08:10:06;SN19003;measure;0,11;0,11;0,11;614,7;0,0;0,0;0,0;0,0;0,0;0,0;0,0;0,0;0,0;0,0;0,0;0,0;0,0;0,0;0,0;0,0;0,0;0,0;0,0;0,0;0,0;0,0;0,0;177340616;20,4;26,5;52,1;2020-08-16 06:10:06;E10,902361;N48,356472;500,0;300;SW V1-11 (2020-06-17);2019-06-11 14:16:04;original set-up
2020-08-16 08:15:06;SN19003;measure;0,11;0,11;0,11;627,7;0,0;0,0;0,0;0,0;0,0;0,0;0,0;0,0;0,0;0,0;0,0;0,0;0,0;0,0;0,0;0,0;0,0;0,0;0,0;0,0;0,0;0,0;0,0;177340616;20,5;26,6;52,1;2020-08-16 06:15:06;E10,902361;N48,356472;500,0;300;SW V1-11 (2020-06-17);2019-06-11 14:16:04;original set-up
2020-08-16 08:20:06;SN19003;measure;0,15;0,15;0,15;810,8;0,0;0,0;0,0;0,0;0,0;0,0;0,0;0,0;0,0;0,0;0,0;0,0;0,0;0,0;0,0;0,0;0,0;0,0;0,0;0,0;0,0;0,0;0,0;177340616;20,6;26,7;51,8;2020-08-16 06:20:06;E10,902361;N48,356472;500,0;300;SW V1-11 (2020-06-17);2019-06-11 14:16:04;original set-up
2020-08-16 08:25:06;SN19003;measure;0,12;0,12;0,12;640,8;0,0;0,0;0,0;0,0;0,0;0,0;0,0;0,0;0,0;0,0;0,0;0,0;0,0;0,0;0,0;0,0;0,0;0,0;0,0;0,0;0,0;0,0;0,0;177340616;20,8;26,8;51,9;2020-08-16 06:25:06;E10,902361;N48,356472;500,0;300;SW V1-11 (2020-06-17);2019-06-11 14:16:04;original set-up
2020-08-16 08:30:06;SN19003;measure;0,09;0,09;0,09;510,0;0,0;0,0;0,0;0,0;0,0;0,0;0,0;0,0;0,0;0,0;0,0;0,0;0,0;0,0;0,0;0,0;0,0;0,0;0,0;0,0;0,0;0,0;0,0;177340616;20,9;26,9;51,8;2020-08-16 06:30:06;E10,902361;N48,356472;500,0;300;SW V1-11 (2020-06-17);2019-06-11 14:16:04;original set-up
2020-08-16 08:35:06;SN19003;measure;0,12;0,12;0,12;640,8;0,0;0,0;0,0;0,0;0,0;0,0;0,0;0,0;0,0;0,0;0,0;0,0;0,0;0,0;0,0;0,0;0,0;0,0;0,0;0,0;0,0;0,0;0,0;177340616;21,0;27,0;51,7;2020-08-16 06:35:06;E10,902361;N48,356472;500,0;300;SW V1-11 (2020-06-17);2019-06-11 14:16:04;original set-up
2020-08-16 08:40:06;SN19003;measure;0,11;0,11;0,11;601,6;0,0;0,0;0,0;0,0;0,0;0,0;0,0;0,0;0,0;0,0;0,0;0,0;0,0;0,0;0,0;0,0;0,0;0,0;0,0;0,0;0,0;0,0;0,0;177340616;21,1;27,1;51,5;2020-08-16 06:40:06;E10,902361;N48,356472;500,0;300;SW V1-11 (2020-06-17);2019-06-11 14:16:04;original set-up
2020-08-16 08:45:06;SN19003;measure;0,13;0,13;0,13;706,2;0,0;0,0;0,0;0,0;0,0;0,0;0,0;0,0;0,0;0,0;0,0;0,0;0,0;0,0;0,0;0,0;0,0;0,0;0,0;0,0;0,0;0,0;0,0;177340616;21,2;27,2;51,4;2020-08-16 06:45:06;E10,902361;N48,356472;500,0;300;SW V1-11 (2020-06-17);2019-06-11 14:16:04;original set-up
2020-08-16 08:50:06;SN19003;measure;0,12;0,12;0,12;640,8;0,0;0,0;0,0;0,0;0,0;0,0;0,0;0,0;0,0;0,0;0,0;0,0;0,0;0,0;0,0;0,0;0,0;0,0;0,0;0,0;0,0;0,0;0,0;177340616;21,2;27,4;51,2;2020-08-16 06:50:06;E10,902361;N48,356472;500,0;300;SW V1-11 (2020-06-17);2019-06-11 14:16:04;original set-up
2020-08-16 08:55:06;SN19003;measure;0,16;0,16;0,16;837,0;0,0;0,0;0,0;0,0;0,0;0,0;0,0;0,0;0,0;0,0;0,0;0,0;0,0;0,0;0,0;0,0;0,0;0,0;0,0;0,0;0,0;0,0;0,0;177340616;21,4;27,5;50,9;2020-08-16 06:55:06;E10,902361;N48,356472;500,0;300;SW V1-11 (2020-06-17);2019-06-11 14:16:04;original set-up
2020-08-16 09:00:06;SN19003;measure;0,14;0,14;0,14;732,4;0,0;0,0;0,0;0,0;0,0;0,0;0,0;0,0;0,0;0,0;0,0;0,0;0,0;0,0;0,0;0,0;0,0;0,0;0,0;0,0;0,0;0,0;0,0;177340616;21,6;27,6;50,6;2020-08-16 07:00:06;E10,902361;N48,356472;500,0;300;SW V1-11 (2020-06-17);2019-06-11 14:16:04;original set-up
2020-08-16 09:05:06;SN19003;measure;0,12;0,12;0,12;627,7;0,0;0,0;0,0;0,0;0,0;0,0;0,0;0,0;0,0;0,0;0,0;0,0;0,0;0,0;0,0;0,0;0,0;0,0;0,0;0,0;0,0;0,0;0,0;177340616;21,7;27,7;50,7;2020-08-16 07:05:06;E10,902361;N48,356472;500,0;300;SW V1-11 (2020-06-17);2019-06-11 14:16:04;original set-up
2020-08-16 09:10:06;SN19003;measure;0,14;0,14;0,14;706,2;0,0;0,0;0,0;0,0;0,0;0,0;0,0;0,0;0,0;0,0;0,0;0,0;0,0;0,0;0,0;0,0;0,0;0,0;0,0;0,0;0,0;0,0;0,0;177340616;21,9;27,8;50,4;2020-08-16 07:10:06;E10,902361;N48,356472;500,0;300;SW V1-11 (2020-06-17);2019-06-11 14:16:04;original set-up
2020-08-16 09:15:06;SN19003;measure;0,16;0,16;0,16;797,8;0,0;0,0;0,0;0,0;0,0;0,0;0,0;0,0;0,0;0,0;0,0;0,0;0,0;0,0;0,0;0,0;0,0;0,0;0,0;0,0;0,0;0,0;0,0;177340616;22,0;27,9;50,1;2020-08-16 07:15:06;E10,902361;N48,356472;500,0;300;SW V1-11 (2020-06-17);2019-06-11 14:16:04;original set-up
2020-08-16 09:20:06;SN19003;measure;0,11;0,11;0,11;536,2;0,0;0,0;0,0;0,0;0,0;0,0;0,0;0,0;0,0;0,0;0,0;0,0;0,0;0,0;0,0;0,0;0,0;0,0;0,0;0,0;0,0;0,0;0,0;177340616;22,1;28,0;49,7;2020-08-16 07:20:06;E10,902361;N48,356472;500,0;300;SW V1-11 (2020-06-17);2019-06-11 14:16:04;original set-up
2020-08-16 09:25:06;SN19003;measure;0,13;0,13;0,13;640,8;0,0;0,0;0,0;0,0;0,0;0,0;0,0;0,0;0,0;0,0;0,0;0,0;0,0;0,0;0,0;0,0;0,0;0,0;0,0;0,0;0,0;0,0;0,0;177340616;22,2;28,2;49,4;2020-08-16 07:25:06;E10,902361;N48,356472;500,0;300;SW V1-11 (2020-06-17);2019-06-11 14:16:04;original set-up
2020-08-16 09:30:06;SN19003;measure;0,10;0,10;0,10;510,0;0,0;0,0;0,0;0,0;0,0;0,0;0,0;0,0;0,0;0,0;0,0;0,0;0,0;0,0;0,0;0,0;0,0;0,0;0,0;0,0;0,0;0,0;0,0;177340616;22,4;28,3;49,1;2020-08-16 07:30:06;E10,902361;N48,356472;500,0;300;SW V1-11 (2020-06-17);2019-06-11 14:16:04;original set-up
2020-08-16 09:35:06;SN19003;measure;0,11;0,11;0,11;562,4;0,0;0,0;0,0;0,0;0,0;0,0;0,0;0,0;0,0;0,0;0,0;0,0;0,0;0,0;0,0;0,0;0,0;0,0;0,0;0,0;0,0;0,0;0,0;177340616;22,4;28,4;48,7;2020-08-16 07:35:06;E10,902361;N48,356472;500,0;300;SW V1-11 (2020-06-17);2019-06-11 14:16:04;original set-up
2020-08-16 09:40:06;SN19003;measure;0,13;0,13;0,13;640,8;0,0;0,0;0,0;0,0;0,0;0,0;0,0;0,0;0,0;0,0;0,0;0,0;0,0;0,0;0,0;0,0;0,0;0,0;0,0;0,0;0,0;0,0;0,0;177340616;22,7;28,6;48,1;2020-08-16 07:40:06;E10,902361;N48,356472;500,0;300;SW V1-11 (2020-06-17);2019-06-11 14:16:04;original set-up
2020-08-16 09:45:06;SN19003;measure;0,11;0,11;0,11;510,0;0,0;0,0;0,0;0,0;0,0;0,0;0,0;0,0;0,0;0,0;0,0;0,0;0,0;0,0;0,0;0,0;0,0;0,0;0,0;0,0;0,0;0,0;0,0;177340616;22,8;28,6;47,7;2020-08-16 07:45:06;E10,902361;N48,356472;500,0;300;SW V1-11 (2020-06-17);2019-06-11 14:16:04;original set-up
2020-08-16 09:50:06;SN19003;measure;0,13;0,13;0,13;627,7;0,0;0,0;0,0;0,0;0,0;0,0;0,0;0,0;0,0;0,0;0,0;0,0;0,0;0,0;0,0;0,0;0,0;0,0;0,0;0,0;0,0;0,0;0,0;177340616;22,9;28,8;47,2;2020-08-16 07:50:06;E10,902361;N48,356472;500,0;300;SW V1-11 (2020-06-17);2019-06-11 14:16:04;original set-up
2020-08-16 09:55:06;SN19003;measure;0,12;0,12;0,12;549,3;0,0;0,0;0,0;0,0;0,0;0,0;0,0;0,0;0,0;0,0;0,0;0,0;0,0;0,0;0,0;0,0;0,0;0,0;0,0;0,0;0,0;0,0;0,0;177340616;23,0;28,9;46,9;2020-08-16 07:55:06;E10,902361;N48,356472;500,0;300;SW V1-11 (2020-06-17);2019-06-11 14:16:04;original set-up
2020-08-16 10:00:06;SN19003;measure;0,15;0,15;0,15;719,3;0,0;0,0;0,0;0,0;0,0;0,0;0,0;0,0;0,0;0,0;0,0;0,0;0,0;0,0;0,0;0,0;0,0;0,0;0,0;0,0;0,0;0,0;0,0;177340616;23,1;29,0;46,7;2020-08-16 08:00:06;E10,902361;N48,356472;500,0;300;SW V1-11 (2020-06-17);2019-06-11 14:16:04;original set-up
2020-08-16 10:05:06;SN19003;measure;0,18;0,18;0,18;876,2;0,0;0,0;0,0;0,0;0,0;0,0;0,0;0,0;0,0;0,0;0,0;0,0;0,0;0,0;0,0;0,0;0,0;0,0;0,0;0,0;0,0;0,0;0,0;177340616;23,2;29,1;47,0;2020-08-16 08:05:06;E10,902361;N48,356472;500,0;300;SW V1-11 (2020-06-17);2019-06-11 14:16:04;original set-up
2020-08-16 10:10:06;SN19003;measure;0,11;0,11;0,11;523,1;0,0;0,0;0,0;0,0;0,0;0,0;0,0;0,0;0,0;0,0;0,0;0,0;0,0;0,0;0,0;0,0;0,0;0,0;0,0;0,0;0,0;0,0;0,0;177340616;23,4;29,3;47,0;2020-08-16 08:10:06;E10,902361;N48,356472;500,0;300;SW V1-11 (2020-06-17);2019-06-11 14:16:04;original set-up
2020-08-16 10:15:06;SN19003;measure;0,11;0,11;0,11;523,1;0,0;0,0;0,0;0,0;0,0;0,0;0,0;0,0;0,0;0,0;0,0;0,0;0,0;0,0;0,0;0,0;0,0;0,0;0,0;0,0;0,0;0,0;0,0;177340616;23,4;29,4;46,6;2020-08-16 08:15:06;E10,902361;N48,356472;500,0;300;SW V1-11 (2020-06-17);2019-06-11 14:16:04;original set-up
2020-08-16 10:20:06;SN19003;measure;0,09;0,09;0,09;431,6;0,0;0,0;0,0;0,0;0,0;0,0;0,0;0,0;0,0;0,0;0,0;0,0;0,0;0,0;0,0;0,0;0,0;0,0;0,0;0,0;0,0;0,0;0,0;177340616;23,6;29,5;46,2;2020-08-16 08:20:06;E10,902361;N48,356472;500,0;300;SW V1-11 (2020-06-17);2019-06-11 14:16:04;original set-up
2020-08-16 10:25:06;SN19003;measure;0,11;0,11;0,11;496,9;0,0;0,0;0,0;0,0;0,0;0,0;0,0;0,0;0,0;0,0;0,0;0,0;0,0;0,0;0,0;0,0;0,0;0,0;0,0;0,0;0,0;0,0;0,0;177340616;23,8;29,6;45,8;2020-08-16 08:25:06;E10,902361;N48,356472;500,0;300;SW V1-11 (2020-06-17);2019-06-11 14:16:04;original set-up
2020-08-16 10:30:06;SN19003;measure;0,11;0,11;0,11;523,1;0,0;0,0;0,0;0,0;0,0;0,0;0,0;0,0;0,0;0,0;0,0;0,0;0,0;0,0;0,0;0,0;0,0;0,0;0,0;0,0;0,0;0,0;0,0;177340616;23,6;29,8;45,4;2020-08-16 08:30:06;E10,902361;N48,356472;500,0;300;SW V1-11 (2020-06-17);2019-06-11 14:16:04;original set-up
2020-08-16 10:35:06;SN19003;measure;0,12;0,12;0,12;549,2;0,0;0,0;0,0;0,0;0,0;0,0;0,0;0,0;0,0;0,0;0,0;0,0;0,0;0,0;0,0;0,0;0,0;0,0;0,0;0,0;0,0;0,0;0,0;177340616;23,8;29,9;44,9;2020-08-16 08:35:06;E10,902361;N48,356472;500,0;300;SW V1-11 (2020-06-17);2019-06-11 14:16:04;original set-up
2020-08-16 10:40:06;SN19003;measure;0,10;0,10;0,10;457,7;0,0;0,0;0,0;0,0;0,0;0,0;0,0;0,0;0,0;0,0;0,0;0,0;0,0;0,0;0,0;0,0;0,0;0,0;0,0;0,0;0,0;0,0;0,0;177340616;24,1;30,0;44,6;2020-08-16 08:40:06;E10,902361;N48,356472;500,0;300;SW V1-11 (2020-06-17);2019-06-11 14:16:04;original set-up
2020-08-16 10:45:06;SN19003;measure;0,12;0,12;0,12;562,4;0,0;0,0;0,0;0,0;0,0;0,0;0,0;0,0;0,0;0,0;0,0;0,0;0,0;0,0;0,0;0,0;0,0;0,0;0,0;0,0;0,0;0,0;0,0;177340616;24,1;30,1;44,5;2020-08-16 08:45:06;E10,902361;N48,356472;500,0;300;SW V1-11 (2020-06-17);2019-06-11 14:16:04;original set-up
2020-08-16 10:50:06;SN19003;measure;0,13;0,13;0,13;601,6;0,0;0,0;0,0;0,0;0,0;0,0;0,0;0,0;0,0;0,0;0,0;0,0;0,0;0,0;0,0;0,0;0,0;0,0;0,0;0,0;0,0;0,0;0,0;177340616;24,3;30,2;44,3;2020-08-16 08:50:06;E10,902361;N48,356472;500,0;300;SW V1-11 (2020-06-17);2019-06-11 14:16:04;original set-up
2020-08-16 10:55:06;SN19003;measure;0,15;0,15;0,15;680,1;0,0;0,0;0,0;0,0;0,0;0,0;0,0;0,0;0,0;0,0;0,0;0,0;0,0;0,0;0,0;0,0;0,0;0,0;0,0;0,0;0,0;0,0;0,0;177340616;24,3;30,3;44,1;2020-08-16 08:55:06;E10,902361;N48,356472;500,0;300;SW V1-11 (2020-06-17);2019-06-11 14:16:04;original set-up
2020-08-16 11:00:06;SN19003;measure;0,11;0,11;0,11;496,9;0,0;0,0;0,0;0,0;0,0;0,0;0,0;0,0;0,0;0,0;0,0;0,0;0,0;0,0;0,0;0,0;0,0;0,0;0,0;0,0;0,0;0,0;0,0;177340616;24,4;30,4;43,6;2020-08-16 09:00:06;E10,902361;N48,356472;500,0;300;SW V1-11 (2020-06-17);2019-06-11 14:16:04;original set-up
2020-08-16 11:05:06;SN19003;measure;0,14;0,14;0,14;627,7;0,0;0,0;0,0;0,0;0,0;0,0;0,0;0,0;0,0;0,0;0,0;0,0;0,0;0,0;0,0;0,0;0,0;0,0;0,0;0,0;0,0;0,0;0,0;177340616;24,7;30,6;43,4;2020-08-16 09:05:06;E10,902361;N48,356472;500,0;300;SW V1-11 (2020-06-17);2019-06-11 14:16:04;original set-up
2020-08-16 11:10:06;SN19003;measure;0,13;0,13;0,13;588,5;0,0;0,0;0,0;0,0;0,0;0,0;0,0;0,0;0,0;0,0;0,0;0,0;0,0;0,0;0,0;0,0;0,0;0,0;0,0;0,0;0,0;0,0;0,0;177340616;24,9;30,7;43,4;2020-08-16 09:10:06;E10,902361;N48,356472;500,0;300;SW V1-11 (2020-06-17);2019-06-11 14:16:04;original set-up
2020-08-16 11:15:06;SN19003;measure;0,10;0,10;0,10;470,8;0,0;0,0;0,0;0,0;0,0;0,0;0,0;0,0;0,0;0,0;0,0;0,0;0,0;0,0;0,0;0,0;0,0;0,0;0,0;0,0;0,0;0,0;0,0;177340616;24,9;30,8;43,0;2020-08-16 09:15:06;E10,902361;N48,356472;500,0;300;SW V1-11 (2020-06-17);2019-06-11 14:16:04;original set-up
2020-08-16 11:20:06;SN19003;measure;0,10;0,10;0,10;431,6;0,0;0,0;0,0;0,0;0,0;0,0;0,0;0,0;0,0;0,0;0,0;0,0;0,0;0,0;0,0;0,0;0,0;0,0;0,0;0,0;0,0;0,0;0,0;177340616;24,9;30,9;42,7;2020-08-16 09:20:06;E10,902361;N48,356472;500,0;300;SW V1-11 (2020-06-17);2019-06-11 14:16:04;original set-up
2020-08-16 11:25:06;SN19003;measure;0,08;0,08;0,08;366,2;0,0;0,0;0,0;0,0;0,0;0,0;0,0;0,0;0,0;0,0;0,0;0,0;0,0;0,0;0,0;0,0;0,0;0,0;0,0;0,0;0,0;0,0;0,0;177340616;24,9;31,0;42,4;2020-08-16 09:25:06;E10,902361;N48,356472;500,0;300;SW V1-11 (2020-06-17);2019-06-11 14:16:04;original set-up
2020-08-16 11:30:06;SN19003;measure;0,11;0,11;0,11;470,8;0,0;0,0;0,0;0,0;0,0;0,0;0,0;0,0;0,0;0,0;0,0;0,0;0,0;0,0;0,0;0,0;0,0;0,0;0,0;0,0;0,0;0,0;0,0;177340616;24,9;31,1;42,0;2020-08-16 09:30:06;E10,902361;N48,356472;500,0;300;SW V1-11 (2020-06-17);2019-06-11 14:16:04;original set-up
2020-08-16 11:35:06;SN19003;measure;0,11;0,11;0,11;483,9;0,0;0,0;0,0;0,0;0,0;0,0;0,0;0,0;0,0;0,0;0,0;0,0;0,0;0,0;0,0;0,0;0,0;0,0;0,0;0,0;0,0;0,0;0,0;177340616;25,2;31,2;41,9;2020-08-16 09:35:06;E10,902361;N48,356472;500,0;300;SW V1-11 (2020-06-17);2019-06-11 14:16:04;original set-up
2020-08-16 11:40:06;SN19003;measure;0,11;0,11;0,11;470,8;0,0;0,0;0,0;0,0;0,0;0,0;0,0;0,0;0,0;0,0;0,0;0,0;0,0;0,0;0,0;0,0;0,0;0,0;0,0;0,0;0,0;0,0;0,0;177340616;25,5;31,3;41,8;2020-08-16 09:40:06;E10,902361;N48,356472;500,0;300;SW V1-11 (2020-06-17);2019-06-11 14:16:04;original set-up
2020-08-16 11:45:06;SN19003;measure;0,09;0,09;0,09;418,5;0,0;0,0;0,0;0,0;0,0;0,0;0,0;0,0;0,0;0,0;0,0;0,0;0,0;0,0;0,0;0,0;0,0;0,0;0,0;0,0;0,0;0,0;0,0;177340616;25,3;31,4;41,9;2020-08-16 09:45:06;E10,902361;N48,356472;500,0;300;SW V1-11 (2020-06-17);2019-06-11 14:16:04;original set-up
2020-08-16 11:50:06;SN19003;measure;0,09;0,09;0,09;405,4;0,0;0,0;0,0;0,0;0,0;0,0;0,0;0,0;0,0;0,0;0,0;0,0;0,0;0,0;0,0;0,0;0,0;0,0;0,0;0,0;0,0;0,0;0,0;177340616;25,4;31,5;41,0;2020-08-16 09:50:06;E10,902361;N48,356472;500,0;300;SW V1-11 (2020-06-17);2019-06-11 14:16:04;original set-up
2020-08-16 11:55:06;SN19003;measure;0,12;0,12;0,12;536,2;0,0;0,0;0,0;0,0;0,0;0,0;0,0;0,0;0,0;0,0;0,0;0,0;0,0;0,0;0,0;0,0;0,0;0,0;0,0;0,0;0,0;0,0;0,0;177340616;25,4;31,6;40,9;2020-08-16 09:55:06;E10,902361;N48,356472;500,0;300;SW V1-11 (2020-06-17);2019-06-11 14:16:04;original set-up
2020-08-16 12:00:06;SN19003;measure;0,08;0,08;0,08;366,2;0,0;0,0;0,0;0,0;0,0;0,0;0,0;0,0;0,0;0,0;0,0;0,0;0,0;0,0;0,0;0,0;0,0;0,0;0,0;0,0;0,0;0,0;0,0;177340616;25,5;31,7;40,7;2020-08-16 10:00:06;E10,902361;N48,356472;500,0;300;SW V1-11 (2020-06-17);2019-06-11 14:16:04;original set-up
2020-08-16 12:05:06;SN19003;measure;0,10;0,10;0,10;418,5;0,0;0,0;0,0;0,0;0,0;0,0;0,0;0,0;0,0;0,0;0,0;0,0;0,0;0,0;0,0;0,0;0,0;0,0;0,0;0,0;0,0;0,0;0,0;177340616;25,8;31,8;40,2;2020-08-16 10:05:06;E10,902361;N48,356472;500,0;300;SW V1-11 (2020-06-17);2019-06-11 14:16:04;original set-up
2020-08-16 12:10:06;SN19003;measure;0,08;0,08;0,08;366,2;0,0;0,0;0,0;0,0;0,0;0,0;0,0;0,0;0,0;0,0;0,0;0,0;0,0;0,0;0,0;0,0;0,0;0,0;0,0;0,0;0,0;0,0;0,0;177340616;25,9;31,9;40,3;2020-08-16 10:10:06;E10,902361;N48,356472;500,0;300;SW V1-11 (2020-06-17);2019-06-11 14:16:04;original set-up
2020-08-16 12:15:06;SN19003;measure;0,08;0,08;0,08;366,2;0,0;0,0;0,0;0,0;0,0;0,0;0,0;0,0;0,0;0,0;0,0;0,0;0,0;0,0;0,0;0,0;0,0;0,0;0,0;0,0;0,0;0,0;0,0;177340616;26,1;32,1;39,8;2020-08-16 10:15:06;E10,902361;N48,356472;500,0;300;SW V1-11 (2020-06-17);2019-06-11 14:16:04;original set-up
2020-08-16 12:20:06;SN19003;measure;0,10;0,10;0,10;418,5;0,0;0,0;0,0;0,0;0,0;0,0;0,0;0,0;0,0;0,0;0,0;0,0;0,0;0,0;0,0;0,0;0,0;0,0;0,0;0,0;0,0;0,0;0,0;177340616;26,2;32,2;39,3;2020-08-16 10:20:06;E10,902361;N48,356472;500,0;300;SW V1-11 (2020-06-17);2019-06-11 14:16:04;original set-up
2020-08-16 12:25:06;SN19003;measure;0,09;0,09;0,09;392,3;0,0;0,0;0,0;0,0;0,0;0,0;0,0;0,0;0,0;0,0;0,0;0,0;0,0;0,0;0,0;0,0;0,0;0,0;0,0;0,0;0,0;0,0;0,0;177340616;26,2;32,4;38,7;2020-08-16 10:25:06;E10,902361;N48,356472;500,0;300;SW V1-11 (2020-06-17);2019-06-11 14:16:04;original set-up
2020-08-16 12:30:06;SN19003;measure;0,10;0,10;0,10;405,4;0,0;0,0;0,0;0,0;0,0;0,0;0,0;0,0;0,0;0,0;0,0;0,0;0,0;0,0;0,0;0,0;0,0;0,0;0,0;0,0;0,0;0,0;0,0;177340616;26,5;32,5;38,3;2020-08-16 10:30:06;E10,902361;N48,356472;500,0;300;SW V1-11 (2020-06-17);2019-06-11 14:16:04;original set-up
2020-08-16 12:35:06;SN19003;measure;0,07;0,07;0,07;313,9;0,0;0,0;0,0;0,0;0,0;0,0;0,0;0,0;0,0;0,0;0,0;0,0;0,0;0,0;0,0;0,0;0,0;0,0;0,0;0,0;0,0;0,0;0,0;177340616;26,4;32,6;38,0;2020-08-16 10:35:06;E10,902361;N48,356472;500,0;300;SW V1-11 (2020-06-17);2019-06-11 14:16:04;original set-up
2020-08-16 12:40:06;SN19003;measure;0,10;0,10;0,10;444,7;0,0;0,0;0,0;0,0;0,0;0,0;0,0;0,0;0,0;0,0;0,0;0,0;0,0;0,0;0,0;0,0;0,0;0,0;0,0;0,0;0,0;0,0;0,0;177340616;26,5;32,7;37,7;2020-08-16 10:40:06;E10,902361;N48,356472;500,0;300;SW V1-11 (2020-06-17);2019-06-11 14:16:04;original set-up
2020-08-16 12:45:06;SN19003;measure;0,09;0,09;0,09;379,3;0,0;0,0;0,0;0,0;0,0;0,0;0,0;0,0;0,0;0,0;0,0;0,0;0,0;0,0;0,0;0,0;0,0;0,0;0,0;0,0;0,0;0,0;0,0;177340616;26,7;32,8;37,6;2020-08-16 10:45:06;E10,902361;N48,356472;500,0;300;SW V1-11 (2020-06-17);2019-06-11 14:16:04;original set-up
2020-08-16 12:50:06;SN19003;measure;0,09;0,09;0,09;392,3;0,0;0,0;0,0;0,0;0,0;0,0;0,0;0,0;0,0;0,0;0,0;0,0;0,0;0,0;0,0;0,0;0,0;0,0;0,0;0,0;0,0;0,0;0,0;177340616;27,0;32,9;37,3;2020-08-16 10:50:06;E10,902361;N48,356472;500,0;300;SW V1-11 (2020-06-17);2019-06-11 14:16:04;original set-up
2020-08-16 12:55:06;SN19003;measure;0,07;0,07;0,07;313,9;0,0;0,0;0,0;0,0;0,0;0,0;0,0;0,0;0,0;0,0;0,0;0,0;0,0;0,0;0,0;0,0;0,0;0,0;0,0;0,0;0,0;0,0;0,0;177340616;27,1;33,0;37,1;2020-08-16 10:55:06;E10,902361;N48,356472;500,0;300;SW V1-11 (2020-06-17);2019-06-11 14:16:04;original set-up
2020-08-16 13:00:06;SN19003;measure;0,11;0,11;0,11;457,7;0,0;0,0;0,0;0,0;0,0;0,0;0,0;0,0;0,0;0,0;0,0;0,0;0,0;0,0;0,0;0,0;0,0;0,0;0,0;0,0;0,0;0,0;0,0;177340616;27,3;33,2;37,0;2020-08-16 11:00:06;E10,902361;N48,356472;500,0;300;SW V1-11 (2020-06-17);2019-06-11 14:16:04;original set-up
2020-08-16 13:05:06;SN19003;measure;0,09;0,09;0,09;379,2;0,0;0,0;0,0;0,0;0,0;0,0;0,0;0,0;0,0;0,0;0,0;0,0;0,0;0,0;0,0;0,0;0,0;0,0;0,0;0,0;0,0;0,0;0,0;177340616;27,4;33,3;36,9;2020-08-16 11:05:06;E10,902361;N48,356472;500,0;300;SW V1-11 (2020-06-17);2019-06-11 14:16:04;original set-up
2020-08-16 13:10:06;SN19003;measure;0,10;0,10;0,10;405,4;0,0;0,0;0,0;0,0;0,0;0,0;0,0;0,0;0,0;0,0;0,0;0,0;0,0;0,0;0,0;0,0;0,0;0,0;0,0;0,0;0,0;0,0;0,0;177340616;27,8;33,5;36,3;2020-08-16 11:10:06;E10,902361;N48,356472;500,0;300;SW V1-11 (2020-06-17);2019-06-11 14:16:04;original set-up
2020-08-16 13:15:06;SN19003;measure;0,14;0,14;0,14;562,4;0,0;0,0;0,0;0,0;0,0;0,0;0,0;0,0;0,0;0,0;0,0;0,0;0,0;0,0;0,0;0,0;0,0;0,0;0,0;0,0;0,0;0,0;0,0;177340616;28,0;33,7;35,6;2020-08-16 11:15:06;E10,902361;N48,356472;500,0;300;SW V1-11 (2020-06-17);2019-06-11 14:16:04;original set-up
2020-08-16 13:20:06;SN19003;measure;0,10;0,10;0,10;392,3;0,0;0,0;0,0;0,0;0,0;0,0;0,0;0,0;0,0;0,0;0,0;0,0;0,0;0,0;0,0;0,0;0,0;0,0;0,0;0,0;0,0;0,0;0,0;177340616;28,2;34,0;34,9;2020-08-16 11:20:06;E10,902361;N48,356472;500,0;300;SW V1-11 (2020-06-17);2019-06-11 14:16:04;original set-up
2020-08-16 13:25:06;SN19003;measure;0,11;0,11;0,11;457,7;0,0;0,0;0,0;0,0;0,0;0,0;0,0;0,0;0,0;0,0;0,0;0,0;0,0;0,0;0,0;0,0;0,0;0,0;0,0;0,0;0,0;0,0;0,0;177340616;28,6;34,2;34,7;2020-08-16 11:25:06;E10,902361;N48,356472;500,0;300;SW V1-11 (2020-06-17);2019-06-11 14:16:04;original set-up
2020-08-16 13:30:06;SN19003;measure;0,09;0,09;0,09;366,2;0,0;0,0;0,0;0,0;0,0;0,0;0,0;0,0;0,0;0,0;0,0;0,0;0,0;0,0;0,0;0,0;0,0;0,0;0,0;0,0;0,0;0,0;0,0;177340616;29,9;34,4;34,6;2020-08-16 11:30:06;E10,902361;N48,356472;500,0;300;SW V1-11 (2020-06-17);2019-06-11 14:16:04;original set-up
2020-08-16 13:35:06;SN19003;measure;0,11;0,11;0,11;431,5;0,0;0,0;0,0;0,0;0,0;0,0;0,0;0,0;0,0;0,0;0,0;0,0;0,0;0,0;0,0;0,0;0,0;0,0;0,0;0,0;0,0;0,0;0,0;177340616;30,9;34,7;34,8;2020-08-16 11:35:06;E10,902361;N48,356472;500,0;300;SW V1-11 (2020-06-17);2019-06-11 14:16:04;original set-up
2020-08-16 13:40:06;SN19003;measure;0,07;0,07;0,07;261,6;0,0;0,0;0,0;0,0;0,0;0,0;0,0;0,0;0,0;0,0;0,0;0,0;0,0;0,0;0,0;0,0;0,0;0,0;0,0;0,0;0,0;0,0;0,0;177340616;33,1;35,3;34,6;2020-08-16 11:40:06;E10,902361;N48,356472;500,0;300;SW V1-11 (2020-06-17);2019-06-11 14:16:04;original set-up
2020-08-16 13:45:06;SN19003;measure;0,09;0,09;0,09;340,0;0,0;0,0;0,0;0,0;0,0;0,0;0,0;0,0;0,0;0,0;0,0;0,0;0,0;0,0;0,0;0,0;0,0;0,0;0,0;0,0;0,0;0,0;0,0;177340616;33,8;36,5;33,0;2020-08-16 11:45:06;E10,902361;N48,356472;500,0;300;SW V1-11 (2020-06-17);2019-06-11 14:16:04;original set-up
2020-08-16 13:50:06;SN19003;measure;0,06;0,06;0,06;248,5;0,0;0,0;0,0;0,0;0,0;0,0;0,0;0,0;0,0;0,0;0,0;0,0;0,0;0,0;0,0;0,0;0,0;0,0;0,0;0,0;0,0;0,0;0,0;177340616;34,4;37,9;30,7;2020-08-16 11:50:06;E10,902361;N48,356472;500,0;300;SW V1-11 (2020-06-17);2019-06-11 14:16:04;original set-up
2020-08-16 13:55:06;SN19003;measure;0,06;0,06;0,06;235,4;0,0;0,0;0,0;0,0;0,0;0,0;0,0;0,0;0,0;0,0;0,0;0,0;0,0;0,0;0,0;0,0;0,0;0,0;0,0;0,0;0,0;0,0;0,0;177340616;35,1;39,2;28,9;2020-08-16 11:55:06;E10,902361;N48,356472;500,0;300;SW V1-11 (2020-06-17);2019-06-11 14:16:04;original set-up
2020-08-16 14:00:06;SN19003;measure;0,05;0,05;0,05;183,1;0,0;0,0;0,0;0,0;0,0;0,0;0,0;0,0;0,0;0,0;0,0;0,0;0,0;0,0;0,0;0,0;0,0;0,0;0,0;0,0;0,0;0,0;0,0;177340616;36,3;40,4;27,3;2020-08-16 12:00:06;E10,902361;N48,356472;500,0;300;SW V1-11 (2020-06-17);2019-06-11 14:16:04;original set-up
2020-08-16 14:05:06;SN19003;measure;0,04;0,04;0,04;143,9;0,0;0,0;0,0;0,0;0,0;0,0;0,0;0,0;0,0;0,0;0,0;0,0;0,0;0,0;0,0;0,0;0,0;0,0;0,0;0,0;0,0;0,0;0,0;177340616;37,1;41,6;25,5;2020-08-16 12:05:06;E10,902361;N48,356472;500,0;300;SW V1-11 (2020-06-17);2019-06-11 14:16:04;original set-up
2020-08-16 14:10:06;SN19003;measure;0,04;0,04;0,04;170,0;0,0;0,0;0,0;0,0;0,0;0,0;0,0;0,0;0,0;0,0;0,0;0,0;0,0;0,0;0,0;0,0;0,0;0,0;0,0;0,0;0,0;0,0;0,0;177340616;38,0;42,8;24,3;2020-08-16 12:10:06;E10,902361;N48,356472;500,0;300;SW V1-11 (2020-06-17);2019-06-11 14:16:04;original set-up
2020-08-16 14:15:06;SN19003;measure;0,02;0,02;0,02;91,5;0,0;0,0;0,0;0,0;0,0;0,0;0,0;0,0;0,0;0,0;0,0;0,0;0,0;0,0;0,0;0,0;0,0;0,0;0,0;0,0;0,0;0,0;0,0;177340616;38,9;43,9;23,3;2020-08-16 12:15:06;E10,902361;N48,356472;500,0;300;SW V1-11 (2020-06-17);2019-06-11 14:16:04;original set-up
2020-08-16 14:20:06;SN19003;measure;0,02;0,02;0,02;91,5;0,0;0,0;0,0;0,0;0,0;0,0;0,0;0,0;0,0;0,0;0,0;0,0;0,0;0,0;0,0;0,0;0,0;0,0;0,0;0,0;0,0;0,0;0,0;177340616;38,9;45,0;21,9;2020-08-16 12:20:06;E10,902361;N48,356472;500,0;300;SW V1-11 (2020-06-17);2019-06-11 14:16:04;original set-up
2020-08-16 14:25:06;SN19003;measure;0,02;0,02;0,02;65,4;0,0;0,0;0,0;0,0;0,0;0,0;0,0;0,0;0,0;0,0;0,0;0,0;0,0;0,0;0,0;0,0;0,0;0,0;0,0;0,0;0,0;0,0;0,0;177340616;38,8;46,1;20,9;2020-08-16 12:25:06;E10,902361;N48,356472;500,0;300;SW V1-11 (2020-06-17);2019-06-11 14:16:04;original set-up
2020-08-16 14:30:06;SN19003;measure;0,02;0,02;0,02;91,5;0,0;0,0;0,0;0,0;0,0;0,0;0,0;0,0;0,0;0,0;0,0;0,0;0,0;0,0;0,0;0,0;0,0;0,0;0,0;0,0;0,0;0,0;0,0;177340616;38,4;47,0;20,0;2020-08-16 12:30:06;E10,902361;N48,356472;500,0;300;SW V1-11 (2020-06-17);2019-06-11 14:16:04;original set-up
2020-08-16 14:35:06;SN19003;measure;0,02;0,02;0,02;65,4;0,0;0,0;0,0;0,0;0,0;0,0;0,0;0,0;0,0;0,0;0,0;0,0;0,0;0,0;0,0;0,0;0,0;0,0;0,0;0,0;0,0;0,0;0,0;177340616;39,1;47,7;18,7;2020-08-16 12:35:06;E10,902361;N48,356472;500,0;300;SW V1-11 (2020-06-17);2019-06-11 14:16:04;original set-up
2020-08-16 14:40:06;SN19003;measure;0,01;0,01;0,01;39,2;0,0;0,0;0,0;0,0;0,0;0,0;0,0;0,0;0,0;0,0;0,0;0,0;0,0;0,0;0,0;0,0;0,0;0,0;0,0;0,0;0,0;0,0;0,0;177340616;39,1;48,1;18,3;2020-08-16 12:40:06;E10,902361;N48,356472;500,0;300;SW V1-11 (2020-06-17);2019-06-11 14:16:04;original set-up
2020-08-16 14:45:06;SN19003;measure;0,02;0,02;0,02;78,5;0,0;0,0;0,0;0,0;0,0;0,0;0,0;0,0;0,0;0,0;0,0;0,0;0,0;0,0;0,0;0,0;0,0;0,0;0,0;0,0;0,0;0,0;0,0;177340616;39,6;48,6;18,4;2020-08-16 12:45:06;E10,902361;N48,356472;500,0;300;SW V1-11 (2020-06-17);2019-06-11 14:16:04;original set-up
2020-08-16 14:50:06;SN19003;measure;0,02;0,02;0,02;91,5;0,0;0,0;0,0;0,0;0,0;0,0;0,0;0,0;0,0;0,0;0,0;0,0;0,0;0,0;0,0;0,0;0,0;0,0;0,0;0,0;0,0;0,0;0,0;177340616;39,6;49,1;18,0;2020-08-16 12:50:06;E10,902361;N48,356472;500,0;300;SW V1-11 (2020-06-17);2019-06-11 14:16:04;original set-up
2020-08-16 14:55:06;SN19003;measure;0,02;0,02;0,02;65,4;0,0;0,0;0,0;0,0;0,0;0,0;0,0;0,0;0,0;0,0;0,0;0,0;0,0;0,0;0,0;0,0;0,0;0,0;0,0;0,0;0,0;0,0;0,0;177340616;39,9;49,5;17,5;2020-08-16 12:55:06;E10,902361;N48,356472;500,0;300;SW V1-11 (2020-06-17);2019-06-11 14:16:04;original set-up
2020-08-16 15:00:06;SN19003;measure;0,01;0,01;0,01;52,3;0,0;0,0;0,0;0,0;0,0;0,0;0,0;0,0;0,0;0,0;0,0;0,0;0,0;0,0;0,0;0,0;0,0;0,0;0,0;0,0;0,0;0,0;0,0;177340616;39,1;50,0;17,0;2020-08-16 13:00:06;E10,902361;N48,356472;500,0;300;SW V1-11 (2020-06-17);2019-06-11 14:16:04;original set-up
2020-08-16 15:05:06;SN19003;measure;0,01;0,01;0,01;52,3;0,0;0,0;0,0;0,0;0,0;0,0;0,0;0,0;0,0;0,0;0,0;0,0;0,0;0,0;0,0;0,0;0,0;0,0;0,0;0,0;0,0;0,0;0,0;177340616;39,3;50,4;16,5;2020-08-16 13:05:06;E10,902361;N48,356472;500,0;300;SW V1-11 (2020-06-17);2019-06-11 14:16:04;original set-up
2020-08-16 15:10:09;SN19003;measure;0,02;0,02;0,02;65,4;0,0;0,0;0,0;0,0;0,0;0,0;0,0;0,0;0,0;0,0;0,0;0,0;0,0;0,0;0,0;0,0;0,0;0,0;0,0;0,0;0,0;0,0;0,0;177340616;39,0;50,6;16,2;2020-08-16 13:10:09;E10,902361;N48,356472;500,0;300;SW V1-11 (2020-06-17);2019-06-11 14:16:04;original set-up
2020-08-16 15:15:08;SN19003;measure;0,01;0,01;0,01;39,2;0,0;0,0;0,0;0,0;0,0;0,0;0,0;0,0;0,0;0,0;0,0;0,0;0,0;0,0;0,0;0,0;0,0;0,0;0,0;0,0;0,0;0,0;0,0;177340616;38,9;50,6;16,1;2020-08-16 13:15:08;E10,902361;N48,356472;500,0;300;SW V1-11 (2020-06-17);2019-06-11 14:16:04;original set-up
2020-08-16 15:20:08;SN19003;measure;0,02;0,02;0,02;78,5;0,0;0,0;0,0;0,0;0,0;0,0;0,0;0,0;0,0;0,0;0,0;0,0;0,0;0,0;0,0;0,0;0,0;0,0;0,0;0,0;0,0;0,0;0,0;177340616;38,9;50,3;16,2;2020-08-16 13:20:08;E10,902361;N48,356472;500,0;300;SW V1-11 (2020-06-17);2019-06-11 14:16:04;original set-up
2020-08-16 15:25:09;SN19003;measure;0,00;0,00;0,00;13,1;0,0;0,0;0,0;0,0;0,0;0,0;0,0;0,0;0,0;0,0;0,0;0,0;0,0;0,0;0,0;0,0;0,0;0,0;0,0;0,0;0,0;0,0;0,0;177340616;39,8;50,1;16,0;2020-08-16 13:25:09;E10,902361;N48,356472;500,0;300;SW V1-11 (2020-06-17);2019-06-11 14:16:04;original set-up
2020-08-16 15:30:09;SN19003;measure;0,01;0,01;0,01;52,3;0,0;0,0;0,0;0,0;0,0;0,0;0,0;0,0;0,0;0,0;0,0;0,0;0,0;0,0;0,0;0,0;0,0;0,0;0,0;0,0;0,0;0,0;0,0;177340616;40,6;50,2;15,9;2020-08-16 13:30:09;E10,902361;N48,356472;500,0;300;SW V1-11 (2020-06-17);2019-06-11 14:16:04;original set-up
2020-08-16 15:35:09;SN19003;measure;0,01;0,01;0,01;52,1;0,0;0,0;0,0;0,0;0,0;0,0;0,0;0,0;0,0;0,0;0,0;0,0;0,0;0,0;0,0;0,0;0,0;0,0;0,0;0,0;0,0;0,0;0,0;177340616;40,1;50,5;16,0;2020-08-16 13:35:09;E10,902361;N48,356472;500,0;300;SW V1-11 (2020-06-17);2019-06-11 14:16:04;original set-up
2020-08-16 15:45:09;SN19003;measure;0,01;0,01;0,01;39,2;0,0;0,0;0,0;0,0;0,0;0,0;0,0;0,0;0,0;0,0;0,0;0,0;0,0;0,0;0,0;0,0;0,0;0,0;0,0;0,0;0,0;0,0;0,0;177340616;40,4;51,5;15,1;2020-08-16 13:45:09;E10,902361;N48,356472;500,0;300;SW V1-11 (2020-06-17);2019-06-11 14:16:04;original set-up
2020-08-16 15:50:08;SN19003;measure;0,01;0,01;0,01;39,3;0,0;0,0;0,0;0,0;0,0;0,0;0,0;0,0;0,0;0,0;0,0;0,0;0,0;0,0;0,0;0,0;0,0;0,0;0,0;0,0;0,0;0,0;0,0;177340616;40,9;51,9;14,9;2020-08-16 13:50:08;E10,902361;N48,356472;500,0;300;SW V1-11 (2020-06-17);2019-06-11 14:16:04;original set-up
2020-08-16 15:55:08;SN19003;measure;0,00;0,00;0,00;13,1;0,0;0,0;0,0;0,0;0,0;0,0;0,0;0,0;0,0;0,0;0,0;0,0;0,0;0,0;0,0;0,0;0,0;0,0;0,0;0,0;0,0;0,0;0,0;177340616;41,1;52,3;14,6;2020-08-16 13:55:08;E10,902361;N48,356472;500,0;300;SW V1-11 (2020-06-17);2019-06-11 14:16:04;original set-up
2020-08-16 16:00:08;SN19003;measure;0,01;0,01;0,01;26,2;0,0;0,0;0,0;0,0;0,0;0,0;0,0;0,0;0,0;0,0;0,0;0,0;0,0;0,0;0,0;0,0;0,0;0,0;0,0;0,0;0,0;0,0;0,0;177340616;41,4;52,7;14,2;2020-08-16 14:00:08;E10,902361;N48,356472;500,0;300;SW V1-11 (2020-06-17);2019-06-11 14:16:04;original set-up
2020-08-16 16:05:08;SN19003;measure;0,01;0,01;0,01;26,1;0,0;0,0;0,0;0,0;0,0;0,0;0,0;0,0;0,0;0,0;0,0;0,0;0,0;0,0;0,0;0,0;0,0;0,0;0,0;0,0;0,0;0,0;0,0;177340616;42,2;53,0;14,1;2020-08-16 14:05:08;E10,902361;N48,356472;500,0;300;SW V1-11 (2020-06-17);2019-06-11 14:16:04;original set-up
2020-08-16 16:10:09;SN19003;measure;0,01;0,01;0,01;39,2;0,0;0,0;0,0;0,0;0,0;0,0;0,0;0,0;0,0;0,0;0,0;0,0;0,0;0,0;0,0;0,0;0,0;0,0;0,0;0,0;0,0;0,0;0,0;177340616;42,1;53,2;14,0;2020-08-16 14:10:09;E10,902361;N48,356472;500,0;300;SW V1-11 (2020-06-17);2019-06-11 14:16:04;original set-up
2020-08-16 16:30:09;SN19003;measure;0,01;0,01;0,01;26,2;0,0;0,0;0,0;0,0;0,0;0,0;0,0;0,0;0,0;0,0;0,0;0,0;0,0;0,0;0,0;0,0;0,0;0,0;0,0;0,0;0,0;0,0;0,0;177340616;42,1;54,0;12,4;2020-08-16 14:30:09;E10,902361;N48,356472;500,0;300;SW V1-11 (2020-06-17);2019-06-11 14:16:04;original set-up
2020-08-16 16:55:19;SN19003;measure;0,01;0,01;0,01;25,5;0,0;0,0;0,0;0,0;0,0;0,0;0,0;0,0;0,0;0,0;0,0;0,0;0,0;0,0;0,0;0,0;0,0;0,0;0,0;0,0;0,0;0,0;0,0;177340616;40,9;54,4;12,5;2020-08-16 14:55:19;E10,902361;N48,356472;500,0;300;SW V1-11 (2020-06-17);2019-06-11 14:16:04;original set-up
2020-08-16 17:15:09;SN19003;measure;0,01;0,01;0,01;26,2;0,0;0,0;0,0;0,0;0,0;0,0;0,0;0,0;0,0;0,0;0,0;0,0;0,0;0,0;0,0;0,0;0,0;0,0;0,0;0,0;0,0;0,0;0,0;177340616;40,6;53,7;12,5;2020-08-16 15:15:09;E10,902361;N48,356472;500,0;300;SW V1-11 (2020-06-17);2019-06-11 14:16:04;original set-up
2020-08-16 17:35:16;SN19003;measure;0,01;0,01;0,01;25,5;0,0;0,0;0,0;0,0;0,0;0,0;0,0;0,0;0,0;0,0;0,0;0,0;0,0;0,0;0,0;0,0;0,0;0,0;0,0;0,0;0,0;0,0;0,0;177340616;39,2;52,6;13,2;2020-08-16 15:35:16;E10,902361;N48,356472;500,0;300;SW V1-11 (2020-06-17);2019-06-11 14:16:04;original set-up
2020-08-16 17:55:09;SN19003;measure;0,02;0,02;0,02;78,5;0,0;0,0;0,0;0,0;0,0;0,0;0,0;0,0;0,0;0,0;0,0;0,0;0,0;0,0;0,0;0,0;0,0;0,0;0,0;0,0;0,0;0,0;0,0;177340616;39,8;52,7;13,5;2020-08-16 15:55:09;E10,902361;N48,356472;500,0;300;SW V1-11 (2020-06-17);2019-06-11 14:16:04;original set-up
2020-08-16 18:15:09;SN19003;measure;0,01;0,01;0,01;52,2;0,0;0,0;0,0;0,0;0,0;0,0;0,0;0,0;0,0;0,0;0,0;0,0;0,0;0,0;0,0;0,0;0,0;0,0;0,0;0,0;0,0;0,0;0,0;177340616;38,3;52,2;13,5;2020-08-16 16:15:09;E10,902361;N48,356472;500,0;300;SW V1-11 (2020-06-17);2019-06-11 14:16:04;original set-up
2020-08-16 18:35:09;SN19003;measure;0,01;0,01;0,01;26,1;0,0;0,0;0,0;0,0;0,0;0,0;0,0;0,0;0,0;0,0;0,0;0,0;0,0;0,0;0,0;0,0;0,0;0,0;0,0;0,0;0,0;0,0;0,0;177340616;36,2;50,5;14,4;2020-08-16 16:35:09;E10,902361;N48,356472;500,0;300;SW V1-11 (2020-06-17);2019-06-11 14:16:04;original set-up
2020-08-16 18:55:16;SN19003;measure;0,01;0,01;0,01;51,1;0,0;0,0;0,0;0,0;0,0;0,0;0,0;0,0;0,0;0,0;0,0;0,0;0,0;0,0;0,0;0,0;0,0;0,0;0,0;0,0;0,0;0,0;0,0;177340616;33,8;46,8;16,4;2020-08-16 16:55:16;E10,902361;N48,356472;500,0;300;SW V1-11 (2020-06-17);2019-06-11 14:16:04;original set-up
2020-08-16 19:10:09;SN19003;measure;0,01;0,01;0,01;52,3;0,0;0,0;0,0;0,0;0,0;0,0;0,0;0,0;0,0;0,0;0,0;0,0;0,0;0,0;0,0;0,0;0,0;0,0;0,0;0,0;0,0;0,0;0,0;177340616;32,4;43,7;18,9;2020-08-16 17:10:09;E10,902361;N48,356472;500,0;300;SW V1-11 (2020-06-17);2019-06-11 14:16:04;original set-up
2020-08-16 19:20:08;SN19003;measure;0,05;0,05;0,05;182,1;0,0;0,0;0,0;0,0;0,0;0,0;0,0;0,0;0,0;0,0;0,0;0,0;0,0;0,0;0,0;0,0;0,0;0,0;0,0;0,0;0,0;0,0;0,0;177340616;31,6;42,1;20,3;2020-08-16 17:20:08;E10,902361;N48,356472;500,0;300;SW V1-11 (2020-06-17);2019-06-11 14:16:04;original set-up
2020-08-16 19:25:06;SN19003;measure;0,03;0,03;0,03;118,5;0,0;0,0;0,0;0,0;0,0;0,0;0,0;0,0;0,0;0,0;0,0;0,0;0,0;0,0;0,0;0,0;0,0;0,0;0,0;0,0;0,0;0,0;0,0;177340616;31,4;41,4;21,1;2020-08-16 17:25:06;E10,902361;N48,356472;500,0;300;SW V1-11 (2020-06-17);2019-06-11 14:16:04;original set-up
2020-08-16 19:30:06;SN19003;measure;0,04;0,04;0,04;143,9;0,0;0,0;0,0;0,0;0,0;0,0;0,0;0,0;0,0;0,0;0,0;0,0;0,0;0,0;0,0;0,0;0,0;0,0;0,0;0,0;0,0;0,0;0,0;177340616;31,2;40,9;21,8;2020-08-16 17:30:06;E10,902361;N48,356472;500,0;300;SW V1-11 (2020-06-17);2019-06-11 14:16:04;original set-up
2020-08-16 19:35:06;SN19003;measure;0,02;0,02;0,02;90,9;0,0;0,0;0,0;0,0;0,0;0,0;0,0;0,0;0,0;0,0;0,0;0,0;0,0;0,0;0,0;0,0;0,0;0,0;0,0;0,0;0,0;0,0;0,0;177340616;30,9;40,4;22,5;2020-08-16 17:35:06;E10,902361;N48,356472;500,0;300;SW V1-11 (2020-06-17);2019-06-11 14:16:04;original set-up
2020-08-16 19:40:06;SN19003;measure;0,06;0,06;0,06;222,3;0,0;0,0;0,0;0,0;0,0;0,0;0,0;0,0;0,0;0,0;0,0;0,0;0,0;0,0;0,0;0,0;0,0;0,0;0,0;0,0;0,0;0,0;0,0;177340616;30,7;40,0;23,1;2020-08-16 17:40:06;E10,902361;N48,356472;500,0;300;SW V1-11 (2020-06-17);2019-06-11 14:16:04;original set-up
2020-08-16 19:45:06;SN19003;measure;0,03;0,03;0,03;104,6;0,0;0,0;0,0;0,0;0,0;0,0;0,0;0,0;0,0;0,0;0,0;0,0;0,0;0,0;0,0;0,0;0,0;0,0;0,0;0,0;0,0;0,0;0,0;177340616;30,5;39,6;23,7;2020-08-16 17:45:06;E10,902361;N48,356472;500,0;300;SW V1-11 (2020-06-17);2019-06-11 14:16:04;original set-up
2020-08-16 19:50:06;SN19003;measure;0,04;0,04;0,04;143,9;0,0;0,0;0,0;0,0;0,0;0,0;0,0;0,0;0,0;0,0;0,0;0,0;0,0;0,0;0,0;0,0;0,0;0,0;0,0;0,0;0,0;0,0;0,0;177340616;30,1;39,2;24,3;2020-08-16 17:50:06;E10,902361;N48,356472;500,0;300;SW V1-11 (2020-06-17);2019-06-11 14:16:04;original set-up
2020-08-16 19:55:06;SN19003;measure;0,05;0,05;0,05;209,2;0,0;0,0;0,0;0,0;0,0;0,0;0,0;0,0;0,0;0,0;0,0;0,0;0,0;0,0;0,0;0,0;0,0;0,0;0,0;0,0;0,0;0,0;0,0;177340616;29,9;38,8;24,7;2020-08-16 17:55:06;E10,902361;N48,356472;500,0;300;SW V1-11 (2020-06-17);2019-06-11 14:16:04;original set-up
2020-08-16 20:00:06;SN19003;measure;0,04;0,04;0,04;156,9;0,0;0,0;0,0;0,0;0,0;0,0;0,0;0,0;0,0;0,0;0,0;0,0;0,0;0,0;0,0;0,0;0,0;0,0;0,0;0,0;0,0;0,0;0,0;177340616;29,7;38,4;25,2;2020-08-16 18:00:06;E10,902361;N48,356472;500,0;300;SW V1-11 (2020-06-17);2019-06-11 14:16:04;original set-up
2020-08-16 20:05:06;SN19003;measure;0,06;0,06;0,06;235,4;0,0;0,0;0,0;0,0;0,0;0,0;0,0;0,0;0,0;0,0;0,0;0,0;0,0;0,0;0,0;0,0;0,0;0,0;0,0;0,0;0,0;0,0;0,0;177340616;29,6;38,1;25,7;2020-08-16 18:05:06;E10,902361;N48,356472;500,0;300;SW V1-11 (2020-06-17);2019-06-11 14:16:04;original set-up
2020-08-16 20:10:06;SN19003;measure;0,04;0,04;0,04;170,0;0,0;0,0;0,0;0,0;0,0;0,0;0,0;0,0;0,0;0,0;0,0;0,0;0,0;0,0;0,0;0,0;0,0;0,0;0,0;0,0;0,0;0,0;0,0;177340616;29,2;37,7;26,2;2020-08-16 18:10:06;E10,902361;N48,356472;500,0;300;SW V1-11 (2020-06-17);2019-06-11 14:16:04;original set-up
2020-08-16 20:15:06;SN19003;measure;0,07;0,07;0,07;287,7;0,0;0,0;0,0;0,0;0,0;0,0;0,0;0,0;0,0;0,0;0,0;0,0;0,0;0,0;0,0;0,0;0,0;0,0;0,0;0,0;0,0;0,0;0,0;177340616;29,1;37,4;26,7;2020-08-16 18:15:06;E10,902361;N48,356472;500,0;300;SW V1-11 (2020-06-17);2019-06-11 14:16:04;original set-up
2020-08-16 20:20:06;SN19003;measure;0,04;0,04;0,04;170,0;0,0;0,0;0,0;0,0;0,0;0,0;0,0;0,0;0,0;0,0;0,0;0,0;0,0;0,0;0,0;0,0;0,0;0,0;0,0;0,0;0,0;0,0;0,0;177340616;29,0;37,1;27,0;2020-08-16 18:20:06;E10,902361;N48,356472;500,0;300;SW V1-11 (2020-06-17);2019-06-11 14:16:04;original set-up
2020-08-16 20:25:06;SN19003;measure;0,09;0,09;0,09;353,1;0,0;0,0;0,0;0,0;0,0;0,0;0,0;0,0;0,0;0,0;0,0;0,0;0,0;0,0;0,0;0,0;0,0;0,0;0,0;0,0;0,0;0,0;0,0;177340616;28,7;36,9;27,5;2020-08-16 18:25:06;E10,902361;N48,356472;500,0;300;SW V1-11 (2020-06-17);2019-06-11 14:16:04;original set-up
2020-08-16 20:30:06;SN19003;measure;0,06;0,06;0,06;235,4;0,0;0,0;0,0;0,0;0,0;0,0;0,0;0,0;0,0;0,0;0,0;0,0;0,0;0,0;0,0;0,0;0,0;0,0;0,0;0,0;0,0;0,0;0,0;177340616;28,6;36,6;28,0;2020-08-16 18:30:06;E10,902361;N48,356472;500,0;300;SW V1-11 (2020-06-17);2019-06-11 14:16:04;original set-up
2020-08-16 20:35:06;SN19003;measure;0,08;0,08;0,08;326,9;0,0;0,0;0,0;0,0;0,0;0,0;0,0;0,0;0,0;0,0;0,0;0,0;0,0;0,0;0,0;0,0;0,0;0,0;0,0;0,0;0,0;0,0;0,0;177340616;28,5;36,4;28,4;2020-08-16 18:35:06;E10,902361;N48,356472;500,0;300;SW V1-11 (2020-06-17);2019-06-11 14:16:04;original set-up
2020-08-16 20:40:06;SN19003;measure;0,08;0,08;0,08;313,9;0,0;0,0;0,0;0,0;0,0;0,0;0,0;0,0;0,0;0,0;0,0;0,0;0,0;0,0;0,0;0,0;0,0;0,0;0,0;0,0;0,0;0,0;0,0;177340616;28,4;36,1;29,0;2020-08-16 18:40:06;E10,902361;N48,356472;500,0;300;SW V1-11 (2020-06-17);2019-06-11 14:16:04;original set-up
2020-08-16 20:45:06;SN19003;measure;0,05;0,05;0,05;196,2;0,0;0,0;0,0;0,0;0,0;0,0;0,0;0,0;0,0;0,0;0,0;0,0;0,0;0,0;0,0;0,0;0,0;0,0;0,0;0,0;0,0;0,0;0,0;177340616;28,1;35,9;29,4;2020-08-16 18:45:06;E10,902361;N48,356472;500,0;300;SW V1-11 (2020-06-17);2019-06-11 14:16:04;original set-up
2020-08-16 20:50:06;SN19003;measure;0,06;0,06;0,06;248,5;0,0;0,0;0,0;0,0;0,0;0,0;0,0;0,0;0,0;0,0;0,0;0,0;0,0;0,0;0,0;0,0;0,0;0,0;0,0;0,0;0,0;0,0;0,0;177340616;27,9;35,7;29,9;2020-08-16 18:50:06;E10,902361;N48,356472;500,0;300;SW V1-11 (2020-06-17);2019-06-11 14:16:04;original set-up
2020-08-16 20:55:06;SN19003;measure;0,07;0,07;0,07;287,7;0,0;0,0;0,0;0,0;0,0;0,0;0,0;0,0;0,0;0,0;0,0;0,0;0,0;0,0;0,0;0,0;0,0;0,0;0,0;0,0;0,0;0,0;0,0;177340616;27,8;35,5;30,2;2020-08-16 18:55:06;E10,902361;N48,356472;500,0;300;SW V1-11 (2020-06-17);2019-06-11 14:16:04;original set-up
2020-08-16 21:00:06;SN19003;measure;0,11;0,11;0,11;457,7;0,0;0,0;0,0;0,0;0,0;0,0;0,0;0,0;0,0;0,0;0,0;0,0;0,0;0,0;0,0;0,0;0,0;0,0;0,0;0,0;0,0;0,0;0,0;177340616;27,7;35,3;30,6;2020-08-16 19:00:06;E10,902361;N48,356472;500,0;300;SW V1-11 (2020-06-17);2019-06-11 14:16:04;original set-up
2020-08-16 21:05:06;SN19003;measure;0,07;0,07;0,07;274,6;0,0;0,0;0,0;0,0;0,0;0,0;0,0;0,0;0,0;0,0;0,0;0,0;0,0;0,0;0,0;0,0;0,0;0,0;0,0;0,0;0,0;0,0;0,0;177340616;27,6;35,1;31,0;2020-08-16 19:05:06;E10,902361;N48,356472;500,0;300;SW V1-11 (2020-06-17);2019-06-11 14:16:04;original set-up
2020-08-16 21:10:06;SN19003;measure;0,08;0,08;0,08;326,9;0,0;0,0;0,0;0,0;0,0;0,0;0,0;0,0;0,0;0,0;0,0;0,0;0,0;0,0;0,0;0,0;0,0;0,0;0,0;0,0;0,0;0,0;0,0;177340616;27,4;34,9;31,4;2020-08-16 19:10:06;E10,902361;N48,356472;500,0;300;SW V1-11 (2020-06-17);2019-06-11 14:16:04;original set-up
2020-08-16 21:15:06;SN19003;measure;0,07;0,07;0,07;300,8;0,0;0,0;0,0;0,0;0,0;0,0;0,0;0,0;0,0;0,0;0,0;0,0;0,0;0,0;0,0;0,0;0,0;0,0;0,0;0,0;0,0;0,0;0,0;177340616;27,2;34,8;31,8;2020-08-16 19:15:06;E10,902361;N48,356472;500,0;300;SW V1-11 (2020-06-17);2019-06-11 14:16:04;original set-up
2020-08-16 21:20:06;SN19003;measure;0,09;0,09;0,09;379,3;0,0;0,0;0,0;0,0;0,0;0,0;0,0;0,0;0,0;0,0;0,0;0,0;0,0;0,0;0,0;0,0;0,0;0,0;0,0;0,0;0,0;0,0;0,0;177340616;27,2;34,6;32,3;2020-08-16 19:20:06;E10,902361;N48,356472;500,0;300;SW V1-11 (2020-06-17);2019-06-11 14:16:04;original set-up
2020-08-16 21:25:06;SN19003;measure;0,11;0,11;0,11;444,6;0,0;0,0;0,0;0,0;0,0;0,0;0,0;0,0;0,0;0,0;0,0;0,0;0,0;0,0;0,0;0,0;0,0;0,0;0,0;0,0;0,0;0,0;0,0;177340616;27,1;34,5;32,6;2020-08-16 19:25:06;E10,902361;N48,356472;500,0;300;SW V1-11 (2020-06-17);2019-06-11 14:16:04;original set-up
2020-08-16 21:30:06;SN19003;measure;0,07;0,07;0,07;287,7;0,0;0,0;0,0;0,0;0,0;0,0;0,0;0,0;0,0;0,0;0,0;0,0;0,0;0,0;0,0;0,0;0,0;0,0;0,0;0,0;0,0;0,0;0,0;177340616;26,9;34,3;33,0;2020-08-16 19:30:06;E10,902361;N48,356472;500,0;300;SW V1-11 (2020-06-17);2019-06-11 14:16:04;original set-up
2020-08-16 21:35:06;SN19003;measure;0,11;0,11;0,11;470,8;0,0;0,0;0,0;0,0;0,0;0,0;0,0;0,0;0,0;0,0;0,0;0,0;0,0;0,0;0,0;0,0;0,0;0,0;0,0;0,0;0,0;0,0;0,0;177340616;26,8;34,2;33,3;2020-08-16 19:35:06;E10,902361;N48,356472;500,0;300;SW V1-11 (2020-06-17);2019-06-11 14:16:04;original set-up
2020-08-16 21:40:06;SN19003;measure;0,06;0,06;0,06;248,5;0,0;0,0;0,0;0,0;0,0;0,0;0,0;0,0;0,0;0,0;0,0;0,0;0,0;0,0;0,0;0,0;0,0;0,0;0,0;0,0;0,0;0,0;0,0;177340616;26,8;34,1;33,6;2020-08-16 19:40:06;E10,902361;N48,356472;500,0;300;SW V1-11 (2020-06-17);2019-06-11 14:16:04;original set-up
2020-08-16 21:45:06;SN19003;measure;0,09;0,09;0,09;366,2;0,0;0,0;0,0;0,0;0,0;0,0;0,0;0,0;0,0;0,0;0,0;0,0;0,0;0,0;0,0;0,0;0,0;0,0;0,0;0,0;0,0;0,0;0,0;177340616;26,6;34,0;34,0;2020-08-16 19:45:06;E10,902361;N48,356472;500,0;300;SW V1-11 (2020-06-17);2019-06-11 14:16:04;original set-up
2020-08-16 21:50:06;SN19003;measure;0,08;0,08;0,08;340,0;0,0;0,0;0,0;0,0;0,0;0,0;0,0;0,0;0,0;0,0;0,0;0,0;0,0;0,0;0,0;0,0;0,0;0,0;0,0;0,0;0,0;0,0;0,0;177340616;26,6;33,8;34,2;2020-08-16 19:50:06;E10,902361;N48,356472;500,0;300;SW V1-11 (2020-06-17);2019-06-11 14:16:04;original set-up
2020-08-16 21:55:06;SN19003;measure;0,08;0,08;0,08;326,9;0,0;0,0;0,0;0,0;0,0;0,0;0,0;0,0;0,0;0,0;0,0;0,0;0,0;0,0;0,0;0,0;0,0;0,0;0,0;0,0;0,0;0,0;0,0;177340616;26,4;33,7;34,5;2020-08-16 19:55:06;E10,902361;N48,356472;500,0;300;SW V1-11 (2020-06-17);2019-06-11 14:16:04;original set-up
2020-08-16 22:00:06;SN19003;measure;0,08;0,08;0,08;340,0;0,0;0,0;0,0;0,0;0,0;0,0;0,0;0,0;0,0;0,0;0,0;0,0;0,0;0,0;0,0;0,0;0,0;0,0;0,0;0,0;0,0;0,0;0,0;177340616;26,4;33,6;34,8;2020-08-16 20:00:06;E10,902361;N48,356472;500,0;300;SW V1-11 (2020-06-17);2019-06-11 14:16:04;original set-up
2020-08-16 22:05:06;SN19003;measure;0,06;0,06;0,06;261,6;0,0;0,0;0,0;0,0;0,0;0,0;0,0;0,0;0,0;0,0;0,0;0,0;0,0;0,0;0,0;0,0;0,0;0,0;0,0;0,0;0,0;0,0;0,0;177340616;26,2;33,4;35,0;2020-08-16 20:05:06;E10,902361;N48,356472;500,0;300;SW V1-11 (2020-06-17);2019-06-11 14:16:04;original set-up
2020-08-16 22:10:06;SN19003;measure;0,07;0,07;0,07;300,8;0,0;0,0;0,0;0,0;0,0;0,0;0,0;0,0;0,0;0,0;0,0;0,0;0,0;0,0;0,0;0,0;0,0;0,0;0,0;0,0;0,0;0,0;0,0;177340616;26,1;33,4;35,3;2020-08-16 20:10:06;E10,902361;N48,356472;500,0;300;SW V1-11 (2020-06-17);2019-06-11 14:16:04;original set-up
2020-08-16 22:15:06;SN19003;measure;0,07;0,07;0,07;313,9;0,0;0,0;0,0;0,0;0,0;0,0;0,0;0,0;0,0;0,0;0,0;0,0;0,0;0,0;0,0;0,0;0,0;0,0;0,0;0,0;0,0;0,0;0,0;177340616;26,1;33,3;35,5;2020-08-16 20:15:06;E10,902361;N48,356472;500,0;300;SW V1-11 (2020-06-17);2019-06-11 14:16:04;original set-up
2020-08-16 22:20:06;SN19003;measure;0,07;0,07;0,07;300,8;0,0;0,0;0,0;0,0;0,0;0,0;0,0;0,0;0,0;0,0;0,0;0,0;0,0;0,0;0,0;0,0;0,0;0,0;0,0;0,0;0,0;0,0;0,0;177340616;26,0;33,2;35,7;2020-08-16 20:20:06;E10,902361;N48,356472;500,0;300;SW V1-11 (2020-06-17);2019-06-11 14:16:04;original set-up
2020-08-16 22:25:06;SN19003;measure;0,07;0,07;0,07;300,8;0,0;0,0;0,0;0,0;0,0;0,0;0,0;0,0;0,0;0,0;0,0;0,0;0,0;0,0;0,0;0,0;0,0;0,0;0,0;0,0;0,0;0,0;0,0;177340616;25,9;33,1;36,0;2020-08-16 20:25:06;E10,902361;N48,356472;500,0;300;SW V1-11 (2020-06-17);2019-06-11 14:16:04;original set-up
2020-08-16 22:30:06;SN19003;measure;0,08;0,08;0,08;326,9;0,0;0,0;0,0;0,0;0,0;0,0;0,0;0,0;0,0;0,0;0,0;0,0;0,0;0,0;0,0;0,0;0,0;0,0;0,0;0,0;0,0;0,0;0,0;177340616;25,8;33,0;36,2;2020-08-16 20:30:06;E10,902361;N48,356472;500,0;300;SW V1-11 (2020-06-17);2019-06-11 14:16:04;original set-up
2020-08-16 22:35:06;SN19003;measure;0,07;0,07;0,07;313,9;0,0;0,0;0,0;0,0;0,0;0,0;0,0;0,0;0,0;0,0;0,0;0,0;0,0;0,0;0,0;0,0;0,0;0,0;0,0;0,0;0,0;0,0;0,0;177340616;25,6;32,9;36,4;2020-08-16 20:35:06;E10,902361;N48,356472;500,0;300;SW V1-11 (2020-06-17);2019-06-11 14:16:04;original set-up
2020-08-16 22:40:06;SN19003;measure;0,07;0,07;0,07;300,8;0,0;0,0;0,0;0,0;0,0;0,0;0,0;0,0;0,0;0,0;0,0;0,0;0,0;0,0;0,0;0,0;0,0;0,0;0,0;0,0;0,0;0,0;0,0;177340616;25,7;32,8;36,5;2020-08-16 20:40:06;E10,902361;N48,356472;500,0;300;SW V1-11 (2020-06-17);2019-06-11 14:16:04;original set-up
2020-08-16 22:45:06;SN19003;measure;0,09;0,09;0,09;392,3;0,0;0,0;0,0;0,0;0,0;0,0;0,0;0,0;0,0;0,0;0,0;0,0;0,0;0,0;0,0;0,0;0,0;0,0;0,0;0,0;0,0;0,0;0,0;177340616;25,6;32,7;36,8;2020-08-16 20:45:06;E10,902361;N48,356472;500,0;300;SW V1-11 (2020-06-17);2019-06-11 14:16:04;original set-up
2020-08-16 22:50:06;SN19003;measure;0,07;0,07;0,07;287,7;0,0;0,0;0,0;0,0;0,0;0,0;0,0;0,0;0,0;0,0;0,0;0,0;0,0;0,0;0,0;0,0;0,0;0,0;0,0;0,0;0,0;0,0;0,0;177340616;25,4;32,6;36,9;2020-08-16 20:50:06;E10,902361;N48,356472;500,0;300;SW V1-11 (2020-06-17);2019-06-11 14:16:04;original set-up
2020-08-16 22:55:06;SN19003;measure;0,14;0,14;0,14;588,5;0,0;0,0;0,0;0,0;0,0;0,0;0,0;0,0;0,0;0,0;0,0;0,0;0,0;0,0;0,0;0,0;0,0;0,0;0,0;0,0;0,0;0,0;0,0;177340616;25,4;32,6;37,0;2020-08-16 20:55:06;E10,902361;N48,356472;500,0;300;SW V1-11 (2020-06-17);2019-06-11 14:16:04;original set-up
2020-08-16 23:00:06;SN19003;measure;0,10;0,10;0,10;431,6;0,0;0,0;0,0;0,0;0,0;0,0;0,0;0,0;0,0;0,0;0,0;0,0;0,0;0,0;0,0;0,0;0,0;0,0;0,0;0,0;0,0;0,0;0,0;177340616;25,3;32,5;37,4;2020-08-16 21:00:06;E10,902361;N48,356472;500,0;300;SW V1-11 (2020-06-17);2019-06-11 14:16:04;original set-up
2020-08-16 23:05:06;SN19003;measure;0,06;0,06;0,06;274,6;0,0;0,0;0,0;0,0;0,0;0,0;0,0;0,0;0,0;0,0;0,0;0,0;0,0;0,0;0,0;0,0;0,0;0,0;0,0;0,0;0,0;0,0;0,0;177340616;25,3;32,4;37,5;2020-08-16 21:05:06;E10,902361;N48,356472;500,0;300;SW V1-11 (2020-06-17);2019-06-11 14:16:04;original set-up
2020-08-16 23:10:06;SN19003;measure;0,09;0,09;0,09;405,4;0,0;0,0;0,0;0,0;0,0;0,0;0,0;0,0;0,0;0,0;0,0;0,0;0,0;0,0;0,0;0,0;0,0;0,0;0,0;0,0;0,0;0,0;0,0;177340616;25,1;32,3;37,7;2020-08-16 21:10:06;E10,902361;N48,356472;500,0;300;SW V1-11 (2020-06-17);2019-06-11 14:16:04;original set-up
2020-08-16 23:15:06;SN19003;measure;0,10;0,10;0,10;431,6;0,0;0,0;0,0;0,0;0,0;0,0;0,0;0,0;0,0;0,0;0,0;0,0;0,0;0,0;0,0;0,0;0,0;0,0;0,0;0,0;0,0;0,0;0,0;177340616;25,1;32,2;37,7;2020-08-16 21:15:06;E10,902361;N48,356472;500,0;300;SW V1-11 (2020-06-17);2019-06-11 14:16:04;original set-up
2020-08-16 23:20:06;SN19003;measure;0,06;0,06;0,06;274,6;0,0;0,0;0,0;0,0;0,0;0,0;0,0;0,0;0,0;0,0;0,0;0,0;0,0;0,0;0,0;0,0;0,0;0,0;0,0;0,0;0,0;0,0;0,0;177340616;25,1;32,1;38,0;2020-08-16 21:20:06;E10,902361;N48,356472;500,0;300;SW V1-11 (2020-06-17);2019-06-11 14:16:04;original set-up
2020-08-16 23:25:06;SN19003;measure;0,10;0,10;0,10;418,5;0,0;0,0;0,0;0,0;0,0;0,0;0,0;0,0;0,0;0,0;0,0;0,0;0,0;0,0;0,0;0,0;0,0;0,0;0,0;0,0;0,0;0,0;0,0;177340616;25,1;32,1;38,1;2020-08-16 21:25:06;E10,902361;N48,356472;500,0;300;SW V1-11 (2020-06-17);2019-06-11 14:16:04;original set-up
