***begin of header***
date&time [local time];serial-no;type;PM10 [ug/m3];PM2.5 [ug/m3];PM1 [ug/m3];0,35 [um];0,46 [um];0,66 [um];1,0 [um];1,3 [um];1,7 [um];2,3 [um];3,0 [um];4,0 [um];5,2 [um];6,5 [um];8,0 [um];10 [um];12 [um];14 [um];16 [um];18 [um];20 [um];22 [um];25 [um];28 [um];31 [um];34 [um];37 [um];serial-OPC;T-out [°C];T-aerosol [°C];rH [%];date&time [UTC];longitude [°];latitude [°];height [m];time-resolution [s];software-version;last calibration [local time];configuration version
***end of header***
2020-08-17 00:00:06;SN19017;measure;7,00;5,94;5,59;27972,9;1758,5;366,1;98,1;101,3;42,5;32,7;26,1;19,6;6,5;0,0;3,3;0,0;0,0;0,0;0,0;0,0;0,0;0,0;0,0;0,0;0,0;0,0;0,0;177340606;21,8;31,2;41,3;2020-08-16 22:00:06;E10,903073;N48,325998;491,600;300;SW V1-11 (2020-06-17);2019-06-11 14:16:04;original set-up
2020-08-17 00:05:06;SN19017;measure;7,28;5,26;4,81;23011,3;1389,3;275,9;85,4;92,0;62,4;62,4;13,1;16,4;9,9;3,3;3,3;6,6;0,0;0,0;0,0;0,0;0,0;0,0;0,0;0,0;0,0;0,0;0,0;177340606;22,2;31,1;40,7;2020-08-16 22:05:06;E10,903077;N48,326000;492,000;300;SW V1-11 (2020-06-17);2019-06-11 14:16:04;original set-up
2020-08-17 00:10:06;SN19017;measure;6,06;4,67;4,40;20305,2;1276,1;250,5;60,9;77,8;37,2;27,1;20,3;3,4;16,9;3,4;3,4;0,0;0,0;0,0;0,0;0,0;0,0;0,0;0,0;0,0;0,0;0,0;0,0;177340606;22,3;31,1;39,4;2020-08-16 22:10:06;E10,903080;N48,326000;491,700;300;SW V1-11 (2020-06-17);2019-06-11 14:16:04;original set-up
2020-08-17 00:15:06;SN19017;measure;5,80;3,79;3,45;15426,9;1006,7;274,5;62,1;71,9;62,1;36,0;6,5;9,8;16,3;6,5;3,3;3,3;0,0;0,0;0,0;0,0;0,0;0,0;0,0;0,0;0,0;0,0;0,0;177340606;22,4;31,2;37,8;2020-08-16 22:15:06;E10,903085;N48,326002;490,800;300;SW V1-11 (2020-06-17);2019-06-11 14:16:04;original set-up
2020-08-17 00:20:06;SN19017;measure;5,65;3,56;3,27;14486,0;889,1;209,4;41,9;67,6;45,1;29,0;16,1;6,4;12,9;3,2;3,2;6,4;0,0;0,0;0,0;0,0;0,0;0,0;0,0;0,0;0,0;0,0;0,0;177340606;22,3;31,3;36,7;2020-08-16 22:20:06;E10,903088;N48,326012;490,200;300;SW V1-11 (2020-06-17);2019-06-11 14:16:04;original set-up
2020-08-17 00:25:06;SN19017;measure;4,56;3,46;3,21;14111,3;851,8;245,7;57,4;54,2;22,3;31,9;9,6;6,4;3,2;0,0;3,2;3,2;3,2;0,0;0,0;0,0;0,0;0,0;0,0;0,0;0,0;0,0;0,0;177340606;22,3;31,3;36,2;2020-08-16 22:25:06;E10,903087;N48,326017;489,300;300;SW V1-11 (2020-06-17);2019-06-11 14:16:04;original set-up
2020-08-17 00:30:06;SN19017;measure;5,39;3,51;3,25;14311,8;982,3;234,2;74,8;52,0;35,8;19,5;13,0;16,3;13,0;3,3;3,3;3,3;0,0;3,3;0,0;0,0;0,0;0,0;0,0;0,0;0,0;0,0;0,0;177340606;22,2;31,4;36,1;2020-08-16 22:30:06;E10,903083;N48,326018;488,200;300;SW V1-11 (2020-06-17);2019-06-11 14:16:04;original set-up
2020-08-17 00:35:06;SN19017;measure;5,19;3,55;3,21;14226,2;778,5;213,5;65,7;65,7;49,3;36,1;9,9;19,7;0,0;6,6;3,3;3,3;0,0;0,0;3,3;0,0;0,0;0,0;0,0;0,0;0,0;0,0;0,0;177340606;22,1;31,5;35,7;2020-08-16 22:35:06;E10,903082;N48,326023;487,500;300;SW V1-11 (2020-06-17);2019-06-11 14:16:04;original set-up
2020-08-17 00:40:06;SN19017;measure;5,31;3,23;2,95;12933,3;788,9;194,8;39,6;66,0;46,2;13,2;19,8;26,4;3,3;3,3;6,6;3,3;0,0;0,0;0,0;0,0;0,0;0,0;0,0;0,0;0,0;0,0;0,0;177340606;22,2;31,5;35,6;2020-08-16 22:40:06;E10,903083;N48,326023;487,000;300;SW V1-11 (2020-06-17);2019-06-11 14:16:04;original set-up
2020-08-17 00:45:06;SN19017;measure;4,33;2,74;2,53;10931,0;744,5;187,7;55,0;64,7;25,9;16,2;9,7;16,2;19,4;0,0;3,2;0,0;3,2;0,0;0,0;0,0;0,0;0,0;0,0;0,0;0,0;0,0;0,0;177340606;22,2;31,5;35,0;2020-08-16 22:45:06;E10,903085;N48,326023;487,200;300;SW V1-11 (2020-06-17);2019-06-11 14:16:04;original set-up
2020-08-17 00:50:06;SN19017;measure;3,96;3,02;2,71;11627,9;729,2;213,5;46,0;75,5;49,3;26,3;9,9;19,7;9,9;0,0;0,0;0,0;0,0;0,0;0,0;0,0;0,0;0,0;0,0;0,0;0,0;0,0;0,0;177340606;22,4;31,5;34,6;2020-08-16 22:50:06;E10,903088;N48,326023;487,600;300;SW V1-11 (2020-06-17);2019-06-11 14:16:04;original set-up
2020-08-17 00:55:06;SN19017;measure;3,85;3,00;2,75;11810,2;713,0;165,0;59,4;29,7;39,6;19,8;9,9;13,2;3,3;3,3;0,0;0,0;3,3;0,0;0,0;0,0;0,0;0,0;0,0;0,0;0,0;0,0;0,0;177340606;22,5;31,5;34,7;2020-08-16 22:55:06;E10,903092;N48,326025;487,800;300;SW V1-11 (2020-06-17);2019-06-11 14:16:04;original set-up
2020-08-17 01:00:06;SN19017;measure;3,41;2,90;2,70;11577,8;792,9;169,2;56,4;73,0;26,5;10,0;13,3;6,6;0,0;3,3;0,0;0,0;0,0;0,0;0,0;0,0;0,0;0,0;0,0;0,0;0,0;0,0;0,0;177340606;22,5;31,5;34,9;2020-08-16 23:00:06;E10,903093;N48,326028;487,200;300;SW V1-11 (2020-06-17);2019-06-11 14:16:04;original set-up
2020-08-17 01:05:06;SN19017;measure;3,90;3,29;2,92;12559,7;733,1;205,7;43,1;59,7;43,1;43,1;23,2;6,6;3,3;0,0;0,0;0,0;3,3;0,0;0,0;0,0;0,0;0,0;0,0;0,0;0,0;0,0;0,0;177340606;22,6;31,5;34,9;2020-08-16 23:05:06;E10,903055;N48,325993;487,300;300;SW V1-11 (2020-06-17);2019-06-11 14:16:04;original set-up
2020-08-17 01:10:06;SN19017;measure;4,85;3,15;2,77;12115,2;816,1;182,5;49,8;63,0;39,8;49,8;19,9;6,6;10,0;0,0;6,6;3,3;0,0;0,0;0,0;0,0;0,0;0,0;0,0;0,0;0,0;0,0;0,0;177340606;22,1;31,5;35,1;2020-08-16 23:10:06;E10,903057;N48,325998;485,900;300;SW V1-11 (2020-06-17);2019-06-11 14:16:04;original set-up
2020-08-17 01:15:06;SN19017;measure;5,08;3,12;2,78;12032,3;802,8;146,0;56,4;79,6;26,5;39,8;16,6;16,6;3,3;6,6;10,0;0,0;0,0;0,0;0,0;0,0;0,0;0,0;0,0;0,0;0,0;0,0;0,0;177340606;22,3;31,5;34,9;2020-08-16 23:15:06;E10,903062;N48,325998;486,000;300;SW V1-11 (2020-06-17);2019-06-11 14:16:04;original set-up
2020-08-17 01:20:06;SN19017;measure;5,15;3,13;2,95;12741,3;905,6;202,3;92,9;39,8;36,5;10,0;0,0;10,0;6,6;10,0;0,0;6,6;0,0;3,3;0,0;0,0;0,0;0,0;0,0;0,0;0,0;0,0;0,0;177340606;22,2;31,5;34,8;2020-08-16 23:20:06;E10,903068;N48,326000;486,400;300;SW V1-11 (2020-06-17);2019-06-11 14:16:04;original set-up
2020-08-17 01:25:06;SN19017;measure;4,27;3,48;3,20;13887,1;932,2;197,3;102,1;34,0;23,8;30,6;3,4;23,8;0,0;3,4;0,0;0,0;0,0;0,0;0,0;0,0;0,0;0,0;0,0;0,0;0,0;0,0;0,0;177340606;22,2;31,5;35,0;2020-08-16 23:25:06;E10,903070;N48,326003;485,500;300;SW V1-11 (2020-06-17);2019-06-11 14:16:04;original set-up
2020-08-17 01:30:06;SN19017;measure;4,34;3,51;3,16;13782,7;972,3;203,7;55,8;39,4;36,1;39,4;29,6;6,6;9,9;0,0;0,0;0,0;0,0;0,0;0,0;0,0;0,0;0,0;0,0;0,0;0,0;0,0;0,0;177340606;22,1;31,5;35,2;2020-08-16 23:30:06;E10,903068;N48,326008;484,400;300;SW V1-11 (2020-06-17);2019-06-11 14:16:04;original set-up
2020-08-17 01:35:06;SN19017;measure;4,83;3,47;3,16;13989,0;860,0;222,3;58,0;93,4;45,1;29,0;12,9;12,9;3,2;0,0;3,2;3,2;6,4;3,2;0,0;0,0;0,0;0,0;0,0;0,0;0,0;0,0;0,0;177340606;21,9;31,4;35,8;2020-08-16 23:35:06;E10,903073;N48,326007;484,500;300;SW V1-11 (2020-06-17);2019-06-11 14:16:04;original set-up
2020-08-17 01:40:06;SN19017;measure;5,78;3,27;2,99;13336,0;813,6;232,9;60,6;76,6;54,2;25,5;6,4;9,6;6,4;16,0;6,4;3,2;0,0;0,0;0,0;0,0;0,0;0,0;0,0;0,0;0,0;0,0;0,0;177340606;21,9;31,3;36,2;2020-08-16 23:40:06;E10,903077;N48,326003;485,400;300;SW V1-11 (2020-06-17);2019-06-11 14:16:04;original set-up
2020-08-17 01:45:06;SN19017;measure;4,54;3,47;3,16;14123,1;829,4;188,7;87,8;55,3;39,0;29,3;13,0;19,5;0,0;6,5;0,0;0,0;3,3;0,0;0,0;0,0;0,0;0,0;0,0;0,0;0,0;0,0;0,0;177340606;21,7;31,2;36,0;2020-08-16 23:45:06;E10,903078;N48,325998;486,100;300;SW V1-11 (2020-06-17);2019-06-11 14:16:04;original set-up
2020-08-17 01:50:06;SN19017;measure;4,85;3,66;3,45;15484,2;863,9;210,2;72,3;52,6;32,8;13,1;13,1;9,9;16,4;3,3;0,0;0,0;0,0;0,0;0,0;0,0;0,0;0,0;0,0;0,0;0,0;0,0;0,0;177340606;21,6;31,1;36,1;2020-08-16 23:50:06;E10,903078;N48,325993;486,800;300;SW V1-11 (2020-06-17);2019-06-11 14:16:04;original set-up
2020-08-17 01:55:06;SN19017;measure;4,79;4,05;3,77;16917,6;1086,0;241,0;85,8;95,7;36,3;26,4;6,6;19,8;6,6;0,0;0,0;0,0;0,0;0,0;0,0;0,0;0,0;0,0;0,0;0,0;0,0;0,0;0,0;177340606;21,6;31,0;36,6;2020-08-16 23:55:06;E10,903080;N48,325992;488,000;300;SW V1-11 (2020-06-17);2019-06-11 14:16:04;original set-up
2020-08-17 02:00:06;SN19017;measure;5,56;4,50;4,17;19044,0;1230,7;238,8;79,6;89,6;59,7;33,2;6,6;16,6;6,6;0,0;0,0;3,3;0,0;0,0;0,0;0,0;0,0;0,0;0,0;0,0;0,0;0,0;0,0;177340606;21,4;31,0;37,1;2020-08-17 00:00:06;E10,903082;N48,325990;489,200;300;SW V1-11 (2020-06-17);2019-06-11 14:16:04;original set-up
2020-08-17 02:05:06;SN19017;measure;6,68;4,77;4,38;20191,7;1453,4;252,5;48,6;87,4;64,7;45,3;19,4;6,5;12,9;3,2;6,5;3,2;0,0;0,0;0,0;0,0;0,0;0,0;0,0;0,0;0,0;0,0;0,0;177340606;21,3;30,8;37,7;2020-08-17 00:05:06;E10,903082;N48,325987;490,600;300;SW V1-11 (2020-06-17);2019-06-11 14:16:04;original set-up
2020-08-17 02:10:06;SN19017;measure;5,69;4,85;4,56;21273,5;1397,7;336,6;76,9;89,8;54,5;25,6;3,2;16,0;6,4;0,0;3,2;0,0;0,0;0,0;0,0;0,0;0,0;0,0;0,0;0,0;0,0;0,0;0,0;177340606;21,2;30,7;38,3;2020-08-17 00:10:06;E10,903083;N48,325985;492,100;300;SW V1-11 (2020-06-17);2019-06-11 14:16:04;original set-up
2020-08-17 02:15:06;SN19017;measure;7,04;5,33;4,97;23182,8;1706,1;343,2;75,2;88,2;55,6;42,5;19,6;3,3;9,8;3,3;6,5;3,3;0,0;0,0;0,0;0,0;0,0;0,0;0,0;0,0;0,0;0,0;0,0;177340606;21,2;30,6;38,6;2020-08-17 00:15:06;E10,903083;N48,325982;493,600;300;SW V1-11 (2020-06-17);2019-06-11 14:16:04;original set-up
2020-08-17 02:20:06;SN19017;measure;7,00;5,65;5,25;25030,7;1674,9;335,0;80,5;54,8;77,3;48,3;12,9;12,9;6,4;6,4;3,2;0,0;3,2;0,0;0,0;0,0;0,0;0,0;0,0;0,0;0,0;0,0;0,0;177340606;21,0;30,5;39,1;2020-08-17 00:20:06;E10,903083;N48,325978;494,800;300;SW V1-11 (2020-06-17);2019-06-11 14:16:04;original set-up
2020-08-17 02:25:06;SN19017;measure;7,04;5,96;5,48;26107,3;1757,9;357,3;86,1;92,5;51,0;57,4;25,5;28,7;0,0;3,2;0,0;0,0;3,2;0,0;0,0;0,0;0,0;0,0;0,0;0,0;0,0;0,0;0,0;177340606;21,1;30,4;39,4;2020-08-17 00:25:06;E10,903083;N48,325975;495,800;300;SW V1-11 (2020-06-17);2019-06-11 14:16:04;original set-up
2020-08-17 02:30:06;SN19017;measure;6,55;6,03;5,59;26780,0;1832,1;349,3;88,9;95,3;54,0;57,2;22,2;15,9;0,0;0,0;0,0;0,0;0,0;0,0;3,2;0,0;0,0;0,0;0,0;0,0;0,0;0,0;0,0;177340606;21,0;30,3;39,8;2020-08-17 00:30:06;E10,903083;N48,325975;496,200;300;SW V1-11 (2020-06-17);2019-06-11 14:16:04;original set-up
2020-08-17 02:35:06;SN19017;measure;6,68;5,79;5,41;26270,2;1944,4;400,1;80,6;93,0;65,1;49,6;12,4;3,1;9,3;6,2;0,0;0,0;0,0;0,0;0,0;0,0;0,0;0,0;0,0;0,0;0,0;0,0;0,0;177340606;20,8;30,2;40,1;2020-08-17 00:35:06;E10,903085;N48,325977;496,100;300;SW V1-11 (2020-06-17);2019-06-11 14:16:04;original set-up
2020-08-17 02:40:06;SN19017;measure;7,32;5,93;5,53;27019,5;2144,4;394,4;93,9;90,8;72,0;40,7;18,8;21,9;9,4;0,0;6,3;0,0;0,0;0,0;0,0;0,0;0,0;0,0;0,0;0,0;0,0;0,0;0,0;177340606;20,6;30,1;40,2;2020-08-17 00:40:06;E10,903083;N48,325975;496,400;300;SW V1-11 (2020-06-17);2019-06-11 14:16:04;original set-up
2020-08-17 02:45:06;SN19017;measure;7,33;5,98;5,65;27389,1;2044,4;346,0;59,8;88,1;59,8;37,7;12,6;6,3;12,6;3,1;6,3;0,0;0,0;0,0;0,0;0,0;0,0;0,0;0,0;0,0;0,0;0,0;0,0;177340606;20,9;30,0;40,6;2020-08-17 00:45:06;E10,903083;N48,325973;496,900;300;SW V1-11 (2020-06-17);2019-06-11 14:16:04;original set-up
2020-08-17 02:50:06;SN19017;measure;7,70;6,61;6,11;29744,9;2199,3;467,7;116,9;116,9;75,8;60,0;28,4;9,5;6,3;3,2;3,2;0,0;0,0;0,0;0,0;0,0;0,0;0,0;0,0;0,0;0,0;0,0;0,0;177340606;20,8;29,9;40,8;2020-08-17 00:50:06;E10,903083;N48,325972;497,200;300;SW V1-11 (2020-06-17);2019-06-11 14:16:04;original set-up
2020-08-17 02:55:06;SN19017;measure;6,49;5,06;4,68;24313,9;1712,2;385,2;100,3;90,6;64,7;58,3;12,9;6,5;0,0;3,2;9,7;3,2;0,0;0,0;0,0;0,0;0,0;0,0;0,0;0,0;0,0;0,0;0,0;177340606;19,9;29,9;41,2;2020-08-17 00:55:06;E10,903082;N48,325972;497,600;300;SW V1-11 (2020-06-17);2019-06-11 14:16:04;original set-up
2020-08-17 03:00:06;SN19017;measure;4,98;3,94;3,62;19376,6;1481,4;341,6;92,0;101,8;55,8;42,7;9,9;13,1;6,6;3,3;0,0;3,3;0,0;0,0;0,0;3,3;0,0;0,0;0,0;0,0;0,0;0,0;0,0;177340606;19,4;29,8;41,0;2020-08-17 01:00:06;E10,903083;N48,325973;497,700;300;SW V1-11 (2020-06-17);2019-06-11 14:16:04;original set-up
2020-08-17 03:05:06;SN19017;measure;5,25;3,52;3,26;17926,3;1327,2;383,3;119,2;103,1;51,5;22,5;19,3;3,2;12,9;3,2;9,7;3,2;0,0;3,2;0,0;0,0;0,0;0,0;0,0;0,0;0,0;0,0;0,0;177340606;19,1;29,6;41,3;2020-08-17 01:05:06;E10,903083;N48,325977;497,800;300;SW V1-11 (2020-06-17);2019-06-11 14:16:04;original set-up
2020-08-17 03:10:06;SN19017;measure;5,13;3,68;3,35;18712,9;1493,8;392,2;62,1;114,4;55,6;39,2;16,3;22,9;6,5;9,8;3,3;0,0;0,0;0,0;0,0;0,0;0,0;0,0;0,0;0,0;0,0;0,0;0,0;177340606;18,9;29,4;41,8;2020-08-17 01:10:06;E10,903085;N48,325980;497,800;300;SW V1-11 (2020-06-17);2019-06-11 14:16:04;original set-up
2020-08-17 03:15:06;SN19017;measure;6,09;3,77;3,46;19352,0;1365,7;299,6;93,4;77,3;64,4;35,4;22,5;9,7;12,9;6,4;19,3;0,0;0,0;0,0;0,0;0,0;0,0;0,0;0,0;0,0;0,0;0,0;0,0;177340606;18,9;29,2;42,3;2020-08-17 01:15:06;E10,903087;N48,325983;497,700;300;SW V1-11 (2020-06-17);2019-06-11 14:16:04;original set-up
2020-08-17 03:20:06;SN19017;measure;5,73;3,86;3,52;19394,7;1575,4;304,0;78,4;88,2;75,2;32,7;26,1;13,1;16,3;13,1;3,3;0,0;0,0;0,0;0,0;0,0;0,0;0,0;0,0;0,0;0,0;0,0;0,0;177340606;19,0;29,0;42,6;2020-08-17 01:20:06;E10,903088;N48,325985;497,600;300;SW V1-11 (2020-06-17);2019-06-11 14:16:04;original set-up
2020-08-17 03:25:06;SN19017;measure;4,72;3,98;3,75;20465,4;1596,3;333,4;77,5;67,4;30,3;26,9;13,5;13,5;6,7;3,4;0,0;0,0;0,0;0,0;0,0;0,0;0,0;0,0;0,0;0,0;0,0;0,0;0,0;177340606;18,9;28,7;42,7;2020-08-17 01:25:06;E10,903092;N48,325990;496,900;300;SW V1-11 (2020-06-17);2019-06-11 14:16:04;original set-up
2020-08-17 03:30:06;SN19017;measure;5,84;4,18;3,85;20481,8;1561,3;311,6;100,5;83,8;63,7;40,2;6,7;26,8;10,1;0,0;6,7;3,4;0,0;0,0;0,0;0,0;0,0;0,0;0,0;0,0;0,0;0,0;0,0;177340606;19,1;28,6;42,9;2020-08-17 01:30:06;E10,903095;N48,325993;495,600;300;SW V1-11 (2020-06-17);2019-06-11 14:16:04;original set-up
2020-08-17 03:35:06;SN19017;measure;5,73;4,11;3,81;20310,7;1593,9;342,3;92,7;96,3;42,8;35,7;25,0;3,6;10,7;7,1;3,6;3,6;0,0;0,0;0,0;0,0;0,0;0,0;0,0;0,0;0,0;0,0;0,0;177340606;19,1;28,5;43,2;2020-08-17 01:35:06;E10,903097;N48,325995;494,600;300;SW V1-11 (2020-06-17);2019-06-11 14:16:04;original set-up
2020-08-17 03:40:06;SN19017;measure;4,95;4,00;3,68;19541,8;1510,0;310,5;98,8;81,1;49,4;38,8;17,6;14,1;3,5;0,0;0,0;3,5;3,5;3,5;3,5;0,0;0,0;3,5;0,0;0,0;0,0;0,0;0,0;177340606;19,0;28,4;43,0;2020-08-17 01:40:06;E10,903093;N48,325998;494,900;300;SW V1-11 (2020-06-17);2019-06-11 14:16:04;original set-up
2020-08-17 03:45:06;SN19017;measure;4,87;3,93;3,64;19399,1;1379,1;350,9;98,3;70,2;45,6;38,6;14,0;7,0;7,0;0,0;7,0;0,0;0,0;0,0;0,0;0,0;0,0;0,0;0,0;0,0;0,0;0,0;0,0;177340606;18,9;28,3;43,2;2020-08-17 01:45:06;E10,903092;N48,325998;495,300;300;SW V1-11 (2020-06-17);2019-06-11 14:16:04;original set-up
2020-08-17 03:50:06;SN19017;measure;4,62;3,71;3,43;18044,6;1508,0;348,8;106,0;99,2;47,9;23,9;17,1;17,1;3,4;0,0;0,0;3,4;0,0;0,0;0,0;0,0;0,0;0,0;0,0;0,0;0,0;0,0;0,0;177340606;18,9;28,2;43,2;2020-08-17 01:50:06;E10,903092;N48,326000;495,600;300;SW V1-11 (2020-06-17);2019-06-11 14:16:04;original set-up
2020-08-17 03:55:06;SN19017;measure;5,15;3,63;3,34;17433,0;1189,2;326,5;120,3;85,9;41,2;37,8;13,7;3,4;10,3;6,9;3,4;3,4;0,0;0,0;0,0;0,0;0,0;0,0;0,0;0,0;0,0;0,0;0,0;177340606;19,1;28,2;43,2;2020-08-17 01:55:06;E10,903093;N48,326002;495,700;300;SW V1-11 (2020-06-17);2019-06-11 14:16:04;original set-up
2020-08-17 04:00:06;SN19017;measure;4,66;3,61;3,30;16946,4;1326,7;369,7;131,3;69,1;48,4;24,2;17,3;27,6;0,0;6,9;0,0;0,0;0,0;0,0;0,0;0,0;0,0;0,0;0,0;0,0;0,0;0,0;0,0;177340606;19,2;28,2;43,2;2020-08-17 02:00:06;E10,903095;N48,326003;494,700;300;SW V1-11 (2020-06-17);2019-06-11 14:16:04;original set-up
2020-08-17 04:05:06;SN19017;measure;3,92;3,34;3,09;15751,7;1296,3;304,6;60,9;84,6;54,2;20,3;13,5;6,8;10,2;0,0;0,0;0,0;0,0;0,0;0,0;0,0;0,0;0,0;0,0;0,0;0,0;0,0;0,0;177340606;19,2;28,2;43,0;2020-08-17 02:05:06;E10,903098;N48,326010;493,400;300;SW V1-11 (2020-06-17);2019-06-11 14:16:04;original set-up
2020-08-17 04:10:06;SN19017;measure;5,30;3,44;3,00;15271,1;1203,0;336,8;72,2;106,6;82,5;61,9;10,3;17,2;6,9;10,3;3,4;3,4;0,0;0,0;0,0;0,0;0,0;0,0;0,0;0,0;0,0;0,0;0,0;177340606;19,2;28,2;42,8;2020-08-17 02:10:06;E10,903100;N48,326012;492,100;300;SW V1-11 (2020-06-17);2019-06-11 14:16:04;original set-up
2020-08-17 04:15:06;SN19017;measure;4,04;3,23;2,95;14933,2;1143,0;310,4;81,1;81,1;56,4;31,8;7,1;14,1;7,1;0,0;3,5;0,0;0,0;0,0;0,0;0,0;0,0;0,0;0,0;0,0;0,0;0,0;0,0;177340606;19,2;28,2;42,6;2020-08-17 02:15:06;E10,903103;N48,326013;490,800;300;SW V1-11 (2020-06-17);2019-06-11 14:16:04;original set-up
2020-08-17 04:20:06;SN19017;measure;3,97;3,22;2,92;14615,8;1183,0;276,0;132,6;71,7;75,3;28,7;3,6;7,2;7,2;0,0;3,6;0,0;3,6;0,0;0,0;0,0;0,0;0,0;0,0;0,0;0,0;0,0;0,0;177340606;19,2;28,3;42,4;2020-08-17 02:20:06;E10,903102;N48,326013;489,600;300;SW V1-11 (2020-06-17);2019-06-11 14:16:04;original set-up
2020-08-17 04:25:06;SN19017;measure;3,85;2,95;2,70;13825,5;1047,8;331,6;84,7;60,0;60,0;24,7;10,6;7,1;14,1;3,5;0,0;0,0;0,0;0,0;0,0;0,0;0,0;0,0;0,0;0,0;0,0;0,0;0,0;177340606;19,0;28,3;42,4;2020-08-17 02:25:06;E10,903102;N48,326017;488,300;300;SW V1-11 (2020-06-17);2019-06-11 14:16:04;original set-up
2020-08-17 04:30:06;SN19017;measure;3,66;3,03;2,68;13782,1;1036,8;274,8;73,3;80,6;58,6;47,6;14,7;7,3;3,7;0,0;3,7;0,0;0,0;0,0;0,0;0,0;0,0;0,0;0,0;0,0;0,0;0,0;0,0;177340606;18,9;28,3;42,3;2020-08-17 02:30:06;E10,903098;N48,326020;487,100;300;SW V1-11 (2020-06-17);2019-06-11 14:16:04;original set-up
2020-08-17 04:35:06;SN19017;measure;3,81;3,12;2,79;14181,9;971,6;373,4;83,8;95,3;76,2;34,3;11,4;7,6;0,0;7,6;0,0;0,0;0,0;0,0;0,0;0,0;0,0;0,0;0,0;0,0;0,0;0,0;0,0;177340606;19,1;28,3;42,3;2020-08-17 02:35:06;E10,903100;N48,326022;486,700;300;SW V1-11 (2020-06-17);2019-06-11 14:16:04;original set-up
2020-08-17 04:40:06;SN19017;measure;3,46;2,88;2,60;13483,7;1059,2;262,9;76,2;72,4;61,0;22,9;22,9;7,6;7,6;0,0;0,0;0,0;0,0;0,0;0,0;0,0;0,0;0,0;0,0;0,0;0,0;0,0;0,0;177340606;18,8;28,2;42,4;2020-08-17 02:40:06;E10,903100;N48,326023;486,500;300;SW V1-11 (2020-06-17);2019-06-11 14:16:04;original set-up
2020-08-17 04:45:06;SN19017;measure;3,72;3,01;2,71;13959,9;1037,2;362,6;89,7;101,4;50,7;27,3;15,6;19,5;0,0;3,9;0,0;0,0;0,0;0,0;0,0;0,0;0,0;0,0;0,0;0,0;0,0;0,0;0,0;177340606;18,8;28,2;42,5;2020-08-17 02:45:06;E10,903100;N48,326025;486,900;300;SW V1-11 (2020-06-17);2019-06-11 14:16:04;original set-up
2020-08-17 04:50:06;SN19017;measure;4,10;2,89;2,63;13647,3;1129,2;262,1;96,4;104,1;38,5;27,0;7,7;15,4;15,4;0,0;3,9;0,0;3,9;0,0;0,0;0,0;0,0;0,0;0,0;0,0;0,0;0,0;0,0;177340606;18,8;28,1;42,6;2020-08-17 02:50:06;E10,903102;N48,326025;487,500;300;SW V1-11 (2020-06-17);2019-06-11 14:16:04;original set-up
2020-08-17 05:00:06;SN19017;measure;3,71;2,89;2,57;13503,6;1139,9;335,3;122,9;130,4;67,1;33,5;11,2;7,5;0,0;3,7;0,0;3,7;0,0;0,0;0,0;0,0;0,0;0,0;0,0;0,0;0,0;0,0;0,0;177340606;18,6;27,9;43,1;2020-08-17 03:00:06;E10,903102;N48,326023;489,700;300;SW V1-11 (2020-06-17);2019-06-11 14:16:04;original set-up
2020-08-17 05:05:06;SN19017;measure;3,64;2,88;2,60;13822,3;1042,6;335,2;121,6;84,7;77,4;22,1;7,4;7,4;3,7;3,7;3,7;0,0;0,0;0,0;0,0;0,0;0,0;0,0;0,0;0,0;0,0;0,0;0,0;177340606;18,5;27,8;43,4;2020-08-17 03:05:06;E10,903103;N48,326020;490,800;300;SW V1-11 (2020-06-17);2019-06-11 14:16:04;original set-up
2020-08-17 05:10:06;SN19017;measure;3,86;2,86;2,54;13778,4;1044,1;340,7;76,9;124,6;44,0;47,6;14,7;7,3;3,7;7,3;3,7;0,0;0,0;0,0;0,0;0,0;0,0;0,0;0,0;0,0;0,0;0,0;0,0;177340606;18,4;27,8;43,6;2020-08-17 03:10:06;E10,903100;N48,326018;492,200;300;SW V1-11 (2020-06-17);2019-06-11 14:16:04;original set-up
2020-08-17 05:15:06;SN19017;measure;2,89;2,58;2,32;12893,8;944,9;342,3;124,8;89,1;57,1;25,0;17,8;3,6;3,6;0,0;0,0;0,0;0,0;0,0;0,0;0,0;0,0;0,0;0,0;0,0;0,0;0,0;0,0;177340606;18,1;27,7;43,9;2020-08-17 03:15:06;E10,903097;N48,326017;493,100;300;SW V1-11 (2020-06-17);2019-06-11 14:16:04;original set-up
2020-08-17 05:20:06;SN19017;measure;3,98;2,70;2,34;13249,5;944,3;277,5;75,7;93,7;79,3;43,3;21,6;14,4;3,6;14,4;0,0;0,0;0,0;3,6;0,0;0,0;0,0;0,0;0,0;0,0;0,0;0,0;0,0;177340606;18,1;27,6;44,1;2020-08-17 03:20:06;E10,903097;N48,326015;494,000;300;SW V1-11 (2020-06-17);2019-06-11 14:16:04;original set-up
2020-08-17 05:25:06;SN19017;measure;3,23;2,62;2,28;12758,2;939,7;310,9;82,9;103,6;51,8;51,8;10,4;20,7;0,0;3,5;0,0;0,0;0,0;0,0;0,0;0,0;0,0;0,0;0,0;0,0;0,0;0,0;0,0;177340606;18,1;27,5;44,4;2020-08-17 03:25:06;E10,903097;N48,326013;494,600;300;SW V1-11 (2020-06-17);2019-06-11 14:16:04;original set-up
2020-08-17 05:30:06;SN19017;measure;3,08;2,56;2,26;12769,9;1041,9;277,8;100,7;104,2;38,2;41,7;20,8;10,4;0,0;3,5;0,0;0,0;0,0;0,0;0,0;0,0;0,0;0,0;0,0;0,0;0,0;0,0;0,0;177340606;18,0;27,4;44,7;2020-08-17 03:30:06;E10,903097;N48,326013;495,100;300;SW V1-11 (2020-06-17);2019-06-11 14:16:04;original set-up
2020-08-17 05:35:06;SN19017;measure;2,70;2,47;2,16;12457,4;1003,7;347,3;90,3;93,8;45,1;55,6;10,4;3,5;3,5;0,0;0,0;0,0;0,0;0,0;0,0;0,0;0,0;0,0;0,0;0,0;0,0;0,0;0,0;177340606;17,8;27,3;44,9;2020-08-17 03:35:06;E10,903097;N48,326012;495,400;300;SW V1-11 (2020-06-17);2019-06-11 14:16:04;original set-up
2020-08-17 05:40:06;SN19017;measure;2,88;2,40;2,19;12755,2;1114,7;347,3;104,2;90,3;48,6;17,4;10,4;13,9;0,0;3,5;0,0;0,0;0,0;0,0;0,0;0,0;0,0;0,0;0,0;0,0;0,0;0,0;0,0;177340606;17,7;27,2;45,2;2020-08-17 03:40:06;E10,903095;N48,326012;495,700;300;SW V1-11 (2020-06-17);2019-06-11 14:16:04;original set-up
2020-08-17 05:45:06;SN19017;measure;2,75;2,46;2,16;12776,2;1055,5;342,3;82,0;99,8;49,9;42,8;25,0;7,1;0,0;0,0;0,0;0,0;0,0;0,0;0,0;0,0;0,0;0,0;0,0;0,0;0,0;0,0;0,0;177340606;17,6;27,1;45,5;2020-08-17 03:45:06;E10,903093;N48,326010;495,800;300;SW V1-11 (2020-06-17);2019-06-11 14:16:04;original set-up
2020-08-17 05:50:06;SN19017;measure;2,95;2,37;2,09;12658,4;1113,7;313,6;104,5;115,3;43,3;36,0;21,6;14,4;0,0;0,0;3,6;0,0;0,0;0,0;0,0;0,0;0,0;0,0;0,0;0,0;0,0;0,0;0,0;177340606;17,4;26,9;45,8;2020-08-17 03:50:06;E10,903092;N48,326010;495,800;300;SW V1-11 (2020-06-17);2019-06-11 14:16:04;original set-up
2020-08-17 05:55:06;SN19017;measure;3,00;2,31;2,01;12264,0;1017,9;308,6;113,5;99,3;88,7;28,4;17,7;10,6;7,1;0,0;3,5;0,0;0,0;0,0;0,0;0,0;0,0;0,0;0,0;0,0;0,0;0,0;0,0;177340606;17,4;26,8;46,2;2020-08-17 03:55:06;E10,903092;N48,326010;495,800;300;SW V1-11 (2020-06-17);2019-06-11 14:16:04;original set-up
2020-08-17 06:00:06;SN19017;measure;3,23;2,32;2,05;12349,8;1042,3;259,7;84,2;108,8;45,6;21,1;28,1;28,1;3,5;3,5;0,0;0,0;0,0;0,0;0,0;0,0;0,0;0,0;0,0;0,0;0,0;0,0;0,0;177340606;17,5;26,7;46,4;2020-08-17 04:00:06;E10,903090;N48,326012;495,700;300;SW V1-11 (2020-06-17);2019-06-11 14:16:04;original set-up
2020-08-17 06:05:06;SN19017;measure;2,58;2,29;1,97;12086,7;948,9;333,4;117,2;95,3;40,3;65,9;11,0;7,3;3,7;0,0;0,0;0,0;0,0;0,0;0,0;0,0;0,0;0,0;0,0;0,0;0,0;0,0;0,0;177340606;17,4;26,7;46,8;2020-08-17 04:05:06;E10,903088;N48,326013;495,500;300;SW V1-11 (2020-06-17);2019-06-11 14:16:04;original set-up
2020-08-17 06:10:06;SN19017;measure;2,55;2,14;1,94;11667,2;1026,9;267,4;85,6;99,8;35,7;25,0;10,7;3,6;3,6;3,6;0,0;0,0;0,0;0,0;0,0;3,6;0,0;0,0;0,0;0,0;0,0;0,0;0,0;177340606;17,6;26,6;47,0;2020-08-17 04:10:06;E10,903085;N48,326015;495,200;300;SW V1-11 (2020-06-17);2019-06-11 14:16:04;original set-up
2020-08-17 06:15:06;SN19017;measure;3,05;2,16;1,88;11392,0;942,0;388,1;102,3;120,0;84,7;21,2;7,1;28,2;3,5;0,0;0,0;3,5;0,0;0,0;0,0;0,0;0,0;0,0;0,0;0,0;0,0;0,0;0,0;177340606;17,4;26,5;47,1;2020-08-17 04:15:06;E10,903087;N48,326015;495,100;300;SW V1-11 (2020-06-17);2019-06-11 14:16:04;original set-up
2020-08-17 06:20:06;SN19017;measure;2,68;2,13;1,91;11711,9;1071,7;296,7;83,8;101,2;38,4;31,4;10,5;7,0;0,0;3,5;3,5;0,0;0,0;0,0;0,0;0,0;0,0;0,0;0,0;0,0;0,0;0,0;0,0;177340606;17,4;26,5;47,2;2020-08-17 04:20:06;E10,903087;N48,326012;495,100;300;SW V1-11 (2020-06-17);2019-06-11 14:16:04;original set-up
2020-08-17 06:25:06;SN19017;measure;2,46;2,05;1,75;10787,9;945,8;255,2;129,3;105,5;74,8;34,0;17,0;13,6;3,4;0,0;0,0;0,0;0,0;0,0;0,0;0,0;0,0;0,0;0,0;0,0;3,4;0,0;0,0;177340606;17,4;26,4;47,4;2020-08-17 04:25:06;E10,903087;N48,326012;495,100;300;SW V1-11 (2020-06-17);2019-06-11 14:16:04;original set-up
2020-08-17 06:30:06;SN19017;measure;2,56;1,99;1,71;10510,7;1007,1;281,8;103,1;48,1;51,6;41,2;24,1;13,7;6,9;0,0;0,0;0,0;0,0;0,0;0,0;0,0;0,0;0,0;0,0;0,0;0,0;0,0;0,0;177340606;17,4;26,4;47,5;2020-08-17 04:30:06;E10,903088;N48,326012;495,000;300;SW V1-11 (2020-06-17);2019-06-11 14:16:04;original set-up
2020-08-17 06:35:06;SN19017;measure;2,59;1,84;1,61;9890,8;908,6;238,4;69,1;82,9;51,8;27,6;20,7;6,9;0,0;10,4;0,0;0,0;0,0;0,0;0,0;0,0;0,0;0,0;0,0;0,0;0,0;0,0;0,0;177340606;17,4;26,4;47,6;2020-08-17 04:35:06;E10,903088;N48,326012;494,700;300;SW V1-11 (2020-06-17);2019-06-11 14:16:04;original set-up
2020-08-17 06:40:06;SN19017;measure;3,77;2,09;1,74;10529,2;882,1;270,9;107,7;79,9;66,0;45,1;10,4;48,6;17,4;0,0;0,0;3,5;3,5;0,0;0,0;0,0;0,0;0,0;0,0;0,0;0,0;0,0;0,0;177340606;17,5;26,4;47,6;2020-08-17 04:40:06;E10,903087;N48,326012;494,500;300;SW V1-11 (2020-06-17);2019-06-11 14:16:04;original set-up
2020-08-17 06:45:06;SN19017;measure;2,44;1,88;1,64;9880,4;962,0;250,1;86,8;114,6;69,5;34,7;0,0;3,5;6,9;0,0;0,0;3,5;0,0;3,5;0,0;0,0;0,0;0,0;0,0;0,0;0,0;0,0;0,0;177340606;17,6;26,4;47,8;2020-08-17 04:45:06;E10,903087;N48,326013;494,000;300;SW V1-11 (2020-06-17);2019-06-11 14:16:04;original set-up
2020-08-17 06:50:06;SN19017;measure;1,99;1,72;1,52;9233,1;796,1;207,5;88,5;88,5;40,8;30,6;0,0;6,8;0,0;3,4;0,0;0,0;0,0;0,0;0,0;0,0;0,0;0,0;0,0;0,0;0,0;0,0;0,0;177340606;17,6;26,4;47,6;2020-08-17 04:50:06;E10,903087;N48,326013;493,400;300;SW V1-11 (2020-06-17);2019-06-11 14:16:04;original set-up
2020-08-17 06:55:06;SN19017;measure;2,38;1,73;1,44;8493,3;663,4;266,0;77,5;107,8;67,4;33,7;16,8;10,1;6,7;3,4;0,0;0,0;0,0;0,0;0,0;0,0;0,0;0,0;0,0;0,0;0,0;0,0;0,0;177340606;17,8;26,5;47,5;2020-08-17 04:55:06;E10,903083;N48,326015;492,300;300;SW V1-11 (2020-06-17);2019-06-11 14:16:04;original set-up
2020-08-17 07:00:06;SN19017;measure;2,06;1,75;1,51;8821,7;656,5;212,0;85,5;71,8;54,7;30,8;13,7;6,8;3,4;0,0;0,0;0,0;0,0;0,0;0,0;0,0;0,0;0,0;0,0;0,0;0,0;0,0;0,0;177340606;17,9;26,5;47,4;2020-08-17 05:00:06;E10,903080;N48,326017;491,100;300;SW V1-11 (2020-06-17);2019-06-11 14:16:04;original set-up
2020-08-17 07:05:06;SN19017;measure;1,94;1,73;1,48;8512,4;825,7;290,2;89,8;79,5;31,1;38,0;20,7;3,5;0,0;0,0;0,0;0,0;0,0;0,0;0,0;0,0;0,0;0,0;0,0;0,0;0,0;0,0;0,0;177340606;17,9;26,6;47,3;2020-08-17 05:05:06;E10,903078;N48,326017;489,800;300;SW V1-11 (2020-06-17);2019-06-11 14:16:04;original set-up
2020-08-17 07:10:06;SN19017;measure;2,40;1,75;1,45;8166,9;758,1;236,9;64,3;84,6;44,0;40,6;20,3;23,7;3,4;0,0;0,0;0,0;0,0;0,0;0,0;0,0;0,0;0,0;0,0;0,0;0,0;0,0;0,0;177340606;18,2;26,8;47,0;2020-08-17 05:10:06;E10,903040;N48,326028;485,100;300;SW V1-11 (2020-06-17);2019-06-11 14:16:04;original set-up
2020-08-17 07:20:06;SN19017;measure;1,84;1,56;1,31;7391,5;730,1;220,0;60,0;103,4;70,0;30,0;6,7;3,3;0,0;3,3;0,0;0,0;0,0;0,0;0,0;0,0;0,0;0,0;0,0;0,0;0,0;0,0;0,0;177340606;18,2;27,1;46,3;2020-08-17 05:20:06;E10,902970;N48,326053;466,200;300;SW V1-11 (2020-06-17);2019-06-11 14:16:04;original set-up
2020-08-17 07:25:06;SN19017;measure;2,05;1,57;1,31;7395,5;724,6;227,9;57,8;81,6;78,2;30,6;3,4;10,2;3,4;3,4;0,0;0,0;0,0;0,0;0,0;0,0;0,0;0,0;0,0;0,0;0,0;0,0;0,0;177340606;18,2;27,2;46,0;2020-08-17 05:25:06;E10,902957;N48,326068;460,400;300;SW V1-11 (2020-06-17);2019-06-11 14:16:04;original set-up
2020-08-17 07:30:06;SN19017;measure;1,78;1,59;1,41;7934,6;645,6;261,1;56,4;81,1;60,0;14,1;10,6;0,0;3,5;0,0;0,0;0,0;0,0;0,0;0,0;0,0;0,0;0,0;0,0;0,0;0,0;0,0;0,0;177340606;18,3;27,4;45,7;2020-08-17 05:30:06;E10,902945;N48,326080;454,500;300;SW V1-11 (2020-06-17);2019-06-11 14:16:04;original set-up
2020-08-17 07:35:06;SN19017;measure;2,02;1,66;1,42;7912,0;702,6;254,5;82,5;60,9;32,3;46,6;7,2;0,0;3,6;3,6;0,0;0,0;0,0;0,0;0,0;0,0;0,0;0,0;0,0;0,0;0,0;0,0;0,0;177340606;18,4;27,5;45,4;2020-08-17 05:35:06;E10,902927;N48,326087;450,600;300;SW V1-11 (2020-06-17);2019-06-11 14:16:04;original set-up
2020-08-17 07:40:06;SN19017;measure;2,26;1,60;1,33;7438,8;688,4;248,7;97,3;64,9;43,2;36,0;18,0;10,8;3,6;0,0;3,6;0,0;0,0;0,0;0,0;0,0;0,0;0,0;0,0;0,0;0,0;0,0;0,0;177340606;18,3;27,5;45,2;2020-08-17 05:40:06;E10,902912;N48,326095;446,800;300;SW V1-11 (2020-06-17);2019-06-11 14:16:04;original set-up
2020-08-17 07:45:06;SN19017;measure;2,83;1,75;1,50;8361,5;848,7;212,2;90,9;106,1;75,8;18,9;11,4;7,6;3,8;3,8;7,6;0,0;3,8;0,0;0,0;0,0;0,0;0,0;0,0;0,0;0,0;0,0;0,0;177340606;18,3;27,6;45,0;2020-08-17 05:45:06;E10,902900;N48,326095;443,900;300;SW V1-11 (2020-06-17);2019-06-11 14:16:04;original set-up
2020-08-17 07:50:06;SN19017;measure;2,53;1,87;1,57;8805,5;807,6;263,0;70,4;103,7;29,6;51,9;14,8;14,8;3,7;3,7;0,0;0,0;0,0;0,0;0,0;0,0;0,0;0,0;0,0;0,0;0,0;0,0;0,0;177340606;18,2;27,6;44,8;2020-08-17 05:50:06;E10,902897;N48,326098;442,700;300;SW V1-11 (2020-06-17);2019-06-11 14:16:04;original set-up
2020-08-17 07:55:06;SN19017;measure;2,56;1,73;1,48;8347,6;862,6;241,1;49,0;101,7;64,0;30,1;11,3;0,0;3,8;7,5;3,8;0,0;0,0;0,0;0,0;0,0;0,0;0,0;0,0;0,0;0,0;0,0;0,0;177340606;18,2;27,6;44,8;2020-08-17 05:55:06;E10,902887;N48,326100;443,600;300;SW V1-11 (2020-06-17);2019-06-11 14:16:04;original set-up
2020-08-17 08:00:06;SN19017;measure;3,02;1,73;1,51;8421,7;813,3;258,2;69,4;88,6;38,5;23,1;11,6;11,6;7,7;7,7;0,0;3,9;0,0;0,0;0,0;0,0;0,0;0,0;0,0;0,0;0,0;0,0;0,0;177340606;18,2;27,6;44,6;2020-08-17 06:00:06;E10,902888;N48,326098;446,600;300;SW V1-11 (2020-06-17);2019-06-11 14:16:04;original set-up
2020-08-17 08:05:06;SN19017;measure;2,49;1,77;1,55;8554,3;787,7;274,8;98,9;117,2;33,0;29,3;7,3;7,3;3,7;3,7;3,7;0,0;0,0;0,0;0,0;0,0;0,0;0,0;0,0;0,0;0,0;0,0;0,0;177340606;18,2;27,6;44,6;2020-08-17 06:05:06;E10,902885;N48,326098;449,300;300;SW V1-11 (2020-06-17);2019-06-11 14:16:04;original set-up
2020-08-17 08:10:06;SN19017;measure;2,63;1,78;1,56;8692,8;837,9;235,3;74,9;74,9;57,0;14,3;21,4;7,1;0,0;10,7;0,0;0,0;0,0;0,0;0,0;0,0;0,0;0,0;0,0;0,0;0,0;0,0;0,0;177340606;18,3;27,6;44,8;2020-08-17 06:10:06;E10,902885;N48,326098;451,800;300;SW V1-11 (2020-06-17);2019-06-11 14:16:04;original set-up
2020-08-17 08:15:06;SN19017;measure;2,15;1,73;1,52;8587,4;832,6;250,5;114,2;66,3;47,9;25,8;7,4;3,7;7,4;0,0;0,0;0,0;3,7;0,0;0,0;0,0;0,0;0,0;0,0;0,0;0,0;0,0;0,0;177340606;18,2;27,7;44,8;2020-08-17 06:15:06;E10,902888;N48,326100;453,700;300;SW V1-11 (2020-06-17);2019-06-11 14:16:04;original set-up
2020-08-17 08:20:06;SN19017;measure;2,62;1,78;1,51;8492,3;670,5;284,7;93,7;119,9;33,7;37,5;15,0;11,2;7,5;0,0;3,7;0,0;3,7;0,0;0,0;0,0;0,0;0,0;0,0;0,0;0,0;0,0;0,0;177340606;18,2;27,6;44,8;2020-08-17 06:20:06;E10,902905;N48,326095;455,100;300;SW V1-11 (2020-06-17);2019-06-11 14:16:04;original set-up
2020-08-17 08:25:06;SN19017;measure;2,10;1,64;1,45;8234,6;768,5;263,7;60,3;82,9;56,5;15,1;7,5;3,8;3,8;0,0;3,8;0,0;0,0;0,0;0,0;0,0;0,0;0,0;0,0;0,0;0,0;0,0;0,0;177340606;18,2;27,6;44,9;2020-08-17 06:25:06;E10,902918;N48,326090;456,400;300;SW V1-11 (2020-06-17);2019-06-11 14:16:04;original set-up
2020-08-17 08:30:06;SN19017;measure;2,39;1,72;1,49;8153,1;716,1;257,6;94,7;90,9;34,1;22,7;15,2;11,4;3,8;0,0;3,8;0,0;0,0;0,0;0,0;0,0;0,0;0,0;0,0;0,0;0,0;0,0;0,0;177340606;18,4;27,6;44,8;2020-08-17 06:30:06;E10,902940;N48,326090;458,000;300;SW V1-11 (2020-06-17);2019-06-11 14:16:04;original set-up
2020-08-17 08:35:06;SN19017;measure;2,45;1,77;1,46;7875,1;752,0;218,5;114,8;85,2;70,4;33,3;11,1;11,1;0,0;7,4;0,0;0,0;0,0;0,0;0,0;0,0;0,0;0,0;0,0;0,0;0,0;0,0;0,0;177340606;18,6;27,6;44,9;2020-08-17 06:35:06;E10,902957;N48,326088;459,700;300;SW V1-11 (2020-06-17);2019-06-11 14:16:04;original set-up
2020-08-17 08:40:06;SN19017;measure;2,20;1,64;1,50;8231,4;810,0;237,3;79,1;90,4;18,8;11,3;7,5;7,5;0,0;0,0;0,0;3,8;0,0;0,0;0,0;0,0;0,0;0,0;0,0;0,0;0,0;0,0;0,0;177340606;18,6;27,7;45,1;2020-08-17 06:40:06;E10,902967;N48,326087;460,000;300;SW V1-11 (2020-06-17);2019-06-11 14:16:04;original set-up
2020-08-17 08:45:06;SN19017;measure;1,95;1,58;1,34;7486,7;659,4;214,9;88,9;81,5;59,3;18,5;14,8;11,1;0,0;0,0;0,0;0,0;3,7;0,0;0,0;0,0;0,0;0,0;0,0;0,0;0,0;0,0;0,0;177340606;18,4;27,8;44,9;2020-08-17 06:45:06;E10,902965;N48,326092;459,600;300;SW V1-11 (2020-06-17);2019-06-11 14:16:04;original set-up
2020-08-17 08:50:06;SN19017;measure;1,80;1,37;1,24;7091,3;674,3;262,2;86,2;56,2;33,7;7,5;3,7;11,2;7,5;0,0;0,0;0,0;0,0;0,0;0,0;0,0;0,0;0,0;0,0;0,0;0,0;0,0;0,0;177340606;18,2;27,9;44,6;2020-08-17 06:50:06;E10,902970;N48,326093;459,300;300;SW V1-11 (2020-06-17);2019-06-11 14:16:04;original set-up
2020-08-17 08:55:06;SN19017;measure;1,86;1,49;1,29;7375,5;603,8;148,2;92,6;88,9;44,5;14,8;11,1;11,1;3,7;0,0;0,0;0,0;0,0;0,0;0,0;0,0;0,0;0,0;0,0;0,0;0,0;0,0;0,0;177340606;18,2;27,9;44,3;2020-08-17 06:55:06;E10,902982;N48,326093;459,500;300;SW V1-11 (2020-06-17);2019-06-11 14:16:04;original set-up
2020-08-17 09:00:06;SN19017;measure;1,49;1,27;1,12;6551,9;599,4;217,3;67,4;48,7;48,7;11,2;7,5;3,7;3,7;0,0;0,0;0,0;0,0;0,0;0,0;0,0;0,0;0,0;0,0;0,0;0,0;0,0;0,0;177340606;18,0;27,9;44,4;2020-08-17 07:00:06;E10,902992;N48,326095;460,000;300;SW V1-11 (2020-06-17);2019-06-11 14:16:04;original set-up
2020-08-17 09:05:06;SN19017;measure;3,06;1,55;1,23;7279,1;648,3;232,1;99,5;117,9;73,7;51,6;7,4;7,4;3,7;18,4;0,0;3,7;0,0;0,0;3,7;0,0;0,0;0,0;3,7;0,0;0,0;0,0;3,7;177340606;17,9;27,8;44,7;2020-08-17 07:05:06;E10,903002;N48,326088;461,700;300;SW V1-11 (2020-06-17);2019-06-11 14:16:04;original set-up
2020-08-17 09:10:06;SN19017;measure;3,61;1,41;1,09;7806,8;753,0;310,9;104,9;142,4;93,7;48,7;15,0;26,2;22,5;3,7;11,2;7,5;0,0;11,2;7,5;3,7;3,7;0,0;0,0;0,0;3,7;0,0;11,2;177340606;17,2;27,6;46,1;2020-08-17 07:10:06;E10,903015;N48,325760;463,800;300;SW V1-11 (2020-06-17);2019-06-11 14:16:04;original set-up
2020-08-17 09:15:06;SN19017;measure;26,98;2,14;1,30;9286,7;1392,5;688,9;246,8;412,6;235,8;125,2;66,3;70,0;106,8;136,3;202,6;77,4;77,4;70,0;66,3;58,9;73,7;62,6;58,9;66,3;44,2;47,9;294,7;177340606;17,2;27,4;47,3;2020-08-17 07:15:06;E10,902998;N48,325687;465,700;300;SW V1-11 (2020-06-17);2019-06-11 14:16:04;original set-up
2020-08-17 09:20:06;SN19017;measure;5,02;1,47;1,05;8324,0;1132,1;395,7;153,9;230,8;117,2;80,6;18,3;47,6;22,0;18,3;22,0;11,0;11,0;7,3;7,3;0,0;7,3;11,0;3,7;0,0;3,7;14,7;25,6;177340606;17,3;27,0;49,3;2020-08-17 07:20:06;E10,903012;N48,325713;468,700;300;SW V1-11 (2020-06-17);2019-06-11 14:16:04;original set-up
2020-08-17 09:25:06;SN19017;measure;2,63;1,23;0,92;8101,4;941,4;338,7;103,4;171,2;92,7;60,6;32,1;21,4;3,6;7,1;7,1;3,6;17,8;3,6;7,1;0,0;0,0;7,1;10,7;0,0;3,6;3,6;14,3;177340606;17,1;26,7;50,3;2020-08-17 07:25:06;E10,903028;N48,325730;467,300;300;SW V1-11 (2020-06-17);2019-06-11 14:16:04;original set-up
2020-08-17 09:30:06;SN19017;measure;2,27;1,62;1,28;10739,4;1308,9;543,3;148,2;194,0;109,4;63,5;21,2;17,6;10,6;0,0;3,5;0,0;0,0;0,0;3,5;0,0;0,0;7,1;0,0;0,0;0,0;0,0;0,0;177340606;17,2;26,5;51,0;2020-08-17 07:30:06;E10,903030;N48,325733;467,700;300;SW V1-11 (2020-06-17);2019-06-11 14:16:04;original set-up
2020-08-17 09:35:06;SN19017;measure;1,99;1,45;1,15;10131,2;1189,6;365,0;147,4;133,4;108,8;63,2;17,5;17,5;7,0;0,0;3,5;0,0;0,0;0,0;0,0;0,0;0,0;0,0;0,0;0,0;0,0;0,0;0,0;177340606;17,2;26,3;51,8;2020-08-17 07:35:06;E10,903037;N48,325743;468,100;300;SW V1-11 (2020-06-17);2019-06-11 14:16:04;original set-up
2020-08-17 09:40:06;SN19017;measure;2,04;1,32;1,09;9090,2;956,5;265,3;62,8;104,7;76,8;55,9;3,5;10,5;3,5;0,0;7,0;3,5;0,0;0,0;0,0;0,0;0,0;0,0;0,0;0,0;0,0;0,0;0,0;177340606;17,3;26,2;51,8;2020-08-17 07:40:06;E10,903042;N48,325753;468,500;300;SW V1-11 (2020-06-17);2019-06-11 14:16:04;original set-up
2020-08-17 09:45:06;SN19017;measure;3,95;1,82;1,50;12358,5;1675,7;558,6;213,0;157,1;80,3;59,3;24,4;17,5;10,5;14,0;14,0;7,0;7,0;10,5;10,5;3,5;3,5;3,5;3,5;0,0;0,0;0,0;7,0;177340606;17,4;26,2;52,5;2020-08-17 07:45:06;E10,903052;N48,325768;465,400;300;SW V1-11 (2020-06-17);2019-06-11 14:16:04;original set-up
2020-08-17 09:50:06;SN19017;measure;2,89;1,75;1,45;11627,2;1825,6;666,8;210,4;221,1;99,8;46,4;14,3;10,7;10,7;10,7;7,1;0,0;3,6;3,6;0,0;0,0;0,0;3,6;0,0;0,0;0,0;0,0;0,0;177340606;17,4;26,2;52,4;2020-08-17 07:50:06;E10,903055;N48,325787;462,000;300;SW V1-11 (2020-06-17);2019-06-11 14:16:04;original set-up
2020-08-17 09:55:06;SN19017;measure;4,17;2,37;1,94;14941,3;1841,6;585,7;183,5;162,3;127,0;84,7;24,7;10,6;7,1;3,5;10,6;10,6;3,5;7,1;3,5;7,1;3,5;7,1;3,5;3,5;0,0;0,0;10,6;177340606;17,6;26,2;52,4;2020-08-17 07:55:06;E10,903055;N48,325808;460,900;300;SW V1-11 (2020-06-17);2019-06-11 14:16:04;original set-up
