***begin of header***
date&time [local time];serial-no;type;PM10 [ug/m3];PM2.5 [ug/m3];PM1 [ug/m3];0,35 [um];0,46 [um];0,66 [um];1,0 [um];1,3 [um];1,7 [um];2,3 [um];3,0 [um];4,0 [um];5,2 [um];6,5 [um];8,0 [um];10 [um];12 [um];14 [um];16 [um];18 [um];20 [um];22 [um];25 [um];28 [um];31 [um];34 [um];37 [um];serial-OPC;T-out [°C];T-aerosol [°C];rH [%];date&time [UTC];longitude [°];latitude [°];height [m];time-resolution [s];software-version;last calibration [local time];configuration version
***end of header***
2020-08-16 00:00:06;SN19017;measure;9,50;9,33;8,93;51159,2;3881,0;611,5;107,5;141,3;104,5;52,2;9,2;6,1;0,0;0,0;0,0;0,0;0,0;0,0;0,0;0,0;0,0;0,0;3,1;0,0;0,0;0,0;0,0;177340606;20,2;29,5;45,4;2020-08-15 22:00:06;E10,903075;N48,325997;494,600;300;SW V1-11 (2020-06-17);2019-06-11 14:16:04;original set-up
2020-08-16 00:05:06;SN19017;measure;9,85;9,36;8,97;51380,1;3994,7;602,9;173,6;127,9;82,2;33,5;30,4;15,2;0,0;0,0;0,0;0,0;0,0;0,0;0,0;0,0;0,0;0,0;0,0;0,0;0,0;0,0;0,0;177340606;20,2;29,4;45,7;2020-08-15 22:05:06;E10,903077;N48,325997;494,700;300;SW V1-11 (2020-06-17);2019-06-11 14:16:04;original set-up
2020-08-16 00:10:06;SN19017;measure;9,87;9,38;9,02;52225,1;4246,0;694,0;139,4;133,4;78,8;45,5;12,1;9,1;3,0;3,0;0,0;0,0;0,0;3,0;0,0;0,0;0,0;0,0;3,0;0,0;0,0;0,0;0,0;177340606;20,1;29,4;45,8;2020-08-15 22:10:06;E10,903080;N48,325998;494,800;300;SW V1-11 (2020-06-17);2019-06-11 14:16:04;original set-up
2020-08-16 00:15:06;SN19017;measure;10,42;10,10;9,74;56870,3;4590,1;710,2;142,7;111,7;77,5;46,5;15,5;12,4;0,0;0,0;0,0;0,0;0,0;0,0;0,0;0,0;0,0;0,0;0,0;0,0;0,0;0,0;0,0;177340606;20,1;29,3;46,0;2020-08-15 22:15:06;E10,903080;N48,325998;495,000;300;SW V1-11 (2020-06-17);2019-06-11 14:16:04;original set-up
2020-08-16 00:20:06;SN19017;measure;11,65;10,27;9,83;56980,1;5055,7;694,3;165,2;140,7;91,8;55,1;18,4;24,5;12,2;0,0;3,1;3,1;0,0;0,0;0,0;0,0;0,0;0,0;0,0;0,0;0,0;0,0;0,0;177340606;20,1;29,2;46,2;2020-08-15 22:20:06;E10,903082;N48,326000;495,100;300;SW V1-11 (2020-06-17);2019-06-11 14:16:04;original set-up
2020-08-16 00:25:06;SN19017;measure;10,73;10,17;9,76;56958,1;5039,1;846,4;152,2;143,1;91,3;51,8;18,3;9,1;3,0;0,0;3,0;0,0;0,0;0,0;0,0;0,0;0,0;0,0;0,0;0,0;0,0;0,0;0,0;177340606;20,0;29,1;46,3;2020-08-15 22:25:06;E10,903087;N48,326000;494,600;300;SW V1-11 (2020-06-17);2019-06-11 14:16:04;original set-up
2020-08-16 00:30:06;SN19017;measure;10,55;10,09;9,70;57574,3;5067,3;709,2;136,4;142,4;100,0;42,4;24,2;6,1;6,1;0,0;0,0;0,0;0,0;0,0;0,0;0,0;0,0;0,0;0,0;0,0;0,0;0,0;0,0;177340606;19,9;29,0;46,5;2020-08-15 22:30:06;E10,903088;N48,326002;494,500;300;SW V1-11 (2020-06-17);2019-06-11 14:16:04;original set-up
2020-08-16 00:35:06;SN19017;measure;10,40;10,15;9,71;58326,8;5228,3;736,5;145,5;160,6;112,1;57,6;15,2;9,1;0,0;0,0;0,0;0,0;0,0;0,0;0,0;0,0;0,0;0,0;0,0;0,0;0,0;0,0;0,0;177340606;19,8;29,0;46,7;2020-08-15 22:35:06;E10,903088;N48,326002;494,200;300;SW V1-11 (2020-06-17);2019-06-11 14:16:04;original set-up
2020-08-16 00:40:06;SN19017;measure;10,27;9,98;9,63;57208,2;5071,6;760,3;147,8;150,8;60,3;48,3;15,1;6,0;3,0;0,0;0,0;0,0;0,0;0,0;0,0;0,0;0,0;0,0;0,0;0,0;0,0;0,0;0,0;177340606;19,9;28,9;46,9;2020-08-15 22:40:06;E10,903088;N48,326003;493,900;300;SW V1-11 (2020-06-17);2019-06-11 14:16:04;original set-up
2020-08-16 00:45:06;SN19017;measure;10,96;10,13;9,79;60343,9;5371,6;921,1;121,0;139,6;89,9;37,2;18,6;6,2;0,0;3,1;3,1;3,1;0,0;0,0;0,0;0,0;0,0;0,0;0,0;0,0;0,0;0,0;0,0;177340606;19,6;28,8;47,1;2020-08-15 22:45:06;E10,903087;N48,326003;494,600;300;SW V1-11 (2020-06-17);2019-06-11 14:16:04;original set-up
2020-08-16 00:50:06;SN19017;measure;11,10;10,22;9,83;59320,7;5248,8;822,8;128,5;183,5;91,8;48,9;21,4;6,1;12,2;0,0;0,0;3,1;0,0;0,0;0,0;0,0;0,0;0,0;0,0;0,0;0,0;0,0;0,0;177340606;19,8;28,8;47,2;2020-08-15 22:50:06;E10,903088;N48,326003;495,200;300;SW V1-11 (2020-06-17);2019-06-11 14:16:04;original set-up
2020-08-16 00:55:06;SN19017;measure;10,28;10,05;9,60;58212,6;5255,2;776,4;149,2;167,5;118,7;63,9;6,1;12,2;0,0;0,0;0,0;0,0;0,0;0,0;0,0;0,0;0,0;0,0;0,0;0,0;0,0;0,0;0,0;177340606;19,7;28,7;47,3;2020-08-15 22:55:06;E10,903090;N48,326002;495,500;300;SW V1-11 (2020-06-17);2019-06-11 14:16:04;original set-up
2020-08-16 01:00:06;SN19017;measure;10,42;10,12;9,74;58916,9;5443,1;812,2;145,5;139,4;87,9;48,5;21,2;9,1;0,0;0,0;0,0;0,0;0,0;0,0;0,0;0,0;0,0;0,0;0,0;0,0;0,0;0,0;0,0;177340606;19,7;28,7;47,4;2020-08-15 23:00:06;E10,903092;N48,326002;495,700;300;SW V1-11 (2020-06-17);2019-06-11 14:16:04;original set-up
2020-08-16 01:05:06;SN19017;measure;12,10;10,77;10,29;62597,7;6004,2;905,2;193,1;244,4;75,4;72,4;21,1;12,1;12,1;3,0;3,0;3,0;3,0;0,0;0,0;0,0;0,0;0,0;0,0;0,0;0,0;0,0;0,0;177340606;19,6;28,6;47,5;2020-08-15 23:05:06;E10,903093;N48,326003;495,300;300;SW V1-11 (2020-06-17);2019-06-11 14:16:04;original set-up
2020-08-16 01:10:06;SN19017;measure;12,11;11,22;10,80;65723,6;7033,1;890,1;165,9;199,1;81,5;45,3;30,2;15,1;6,0;0,0;0,0;3,0;0,0;0,0;0,0;0,0;0,0;0,0;0,0;0,0;0,0;0,0;0,0;177340606;19,6;28,6;47,7;2020-08-15 23:10:06;E10,903095;N48,326005;495,000;300;SW V1-11 (2020-06-17);2019-06-11 14:16:04;original set-up
2020-08-16 01:15:06;SN19017;measure;11,98;11,46;11,06;66039,0;6930,0;1007,7;178,0;144,8;81,5;54,3;15,1;15,1;6,0;0,0;0,0;0,0;0,0;0,0;0,0;0,0;0,0;0,0;0,0;0,0;0,0;0,0;0,0;177340606;19,8;28,5;47,8;2020-08-15 23:15:06;E10,903097;N48,326003;494,800;300;SW V1-11 (2020-06-17);2019-06-11 14:16:04;original set-up
2020-08-16 01:20:06;SN19017;measure;11,77;10,99;10,61;65218,3;6978,3;1055,9;162,9;159,9;114,6;42,2;12,1;9,1;6,0;3,0;3,0;0,0;3,0;0,0;0,0;0,0;0,0;0,0;0,0;0,0;0,0;0,0;0,0;177340606;19,6;28,5;48,0;2020-08-15 23:20:06;E10,903098;N48,326003;495,300;300;SW V1-11 (2020-06-17);2019-06-11 14:16:04;original set-up
2020-08-16 01:25:06;SN19017;measure;11,87;11,24;10,86;67597,2;7105,5;992,7;162,9;165,9;90,5;45,3;15,1;18,1;9,1;0,0;0,0;0,0;0,0;0,0;0,0;0,0;0,0;0,0;0,0;0,0;0,0;0,0;0,0;177340606;19,5;28,4;48,1;2020-08-15 23:25:06;E10,903097;N48,326003;495,100;300;SW V1-11 (2020-06-17);2019-06-11 14:16:04;original set-up
2020-08-16 01:30:06;SN19017;measure;11,43;10,84;10,45;65506,3;6885,2;971,5;205,2;169,0;87,5;48,3;15,1;15,1;3,0;0,0;3,0;0,0;0,0;0,0;0,0;0,0;0,0;0,0;0,0;0,0;0,0;0,0;0,0;177340606;19,4;28,4;48,2;2020-08-15 23:30:06;E10,903097;N48,326008;494,000;300;SW V1-11 (2020-06-17);2019-06-11 14:16:04;original set-up
2020-08-16 01:35:06;SN19017;measure;11,00;10,71;10,36;65949,8;6755,5;1004,7;169,0;184,0;120,7;27,2;9,1;15,1;0,0;0,0;0,0;0,0;0,0;0,0;0,0;0,0;0,0;0,0;0,0;0,0;0,0;0,0;0,0;177340606;19,3;28,3;48,2;2020-08-15 23:35:06;E10,903095;N48,326012;493,000;300;SW V1-11 (2020-06-17);2019-06-11 14:16:04;original set-up
2020-08-16 01:40:06;SN19017;measure;12,59;11,74;11,29;70461,9;7798,9;1080,1;187,1;181,0;105,6;60,3;15,1;24,1;3,0;6,0;0,0;0,0;0,0;0,0;0,0;0,0;0,0;0,0;0,0;0,0;0,0;0,0;0,0;177340606;19,4;28,3;48,2;2020-08-15 23:40:06;E10,903097;N48,326013;492,400;300;SW V1-11 (2020-06-17);2019-06-11 14:16:04;original set-up
2020-08-16 01:45:06;SN19017;measure;12,39;11,80;11,40;73160,9;8502,5;1276,3;175,0;181,0;87,5;51,3;24,1;18,1;6,0;0,0;0,0;0,0;0,0;0,0;0,0;0,0;0,0;0,0;0,0;0,0;0,0;0,0;0,0;177340606;19,2;28,2;48,4;2020-08-15 23:45:06;E10,903098;N48,326010;493,100;300;SW V1-11 (2020-06-17);2019-06-11 14:16:04;original set-up
2020-08-16 01:50:06;SN19017;measure;13,04;12,22;11,75;73907,3;8713,1;1273,2;211,2;181,0;114,6;60,3;18,1;15,1;6,0;3,0;3,0;0,0;0,0;0,0;0,0;0,0;0,0;0,0;0,0;0,0;0,0;0,0;0,0;177340606;19,3;28,2;48,6;2020-08-15 23:50:06;E10,903098;N48,326005;493,700;300;SW V1-11 (2020-06-17);2019-06-11 14:16:04;original set-up
2020-08-16 01:55:06;SN19017;measure;12,83;12,28;11,84;74452,3;8900,7;1315,5;199,1;147,8;105,6;54,3;21,1;18,1;0,0;3,0;0,0;0,0;0,0;0,0;0,0;0,0;0,0;0,0;0,0;0,0;0,0;0,0;0,0;177340606;19,3;28,1;48,8;2020-08-15 23:55:06;E10,903102;N48,326007;492,800;300;SW V1-11 (2020-06-17);2019-06-11 14:16:04;original set-up
2020-08-16 02:00:06;SN19017;measure;12,55;12,02;11,69;75132,2;9180,7;1312,4;205,2;202,1;78,4;42,2;9,1;6,0;9,1;3,0;0,0;0,0;0,0;0,0;0,0;0,0;0,0;0,0;0,0;0,0;0,0;0,0;0,0;177340606;19,2;28,0;49,0;2020-08-16 00:00:06;E10,903103;N48,326007;492,200;300;SW V1-11 (2020-06-17);2019-06-11 14:16:04;original set-up
2020-08-16 02:05:06;SN19017;measure;12,74;12,33;11,85;74310,5;9329,2;1291,4;202,2;193,1;75,4;81,5;21,1;18,1;0,0;0,0;0,0;0,0;0,0;0,0;0,0;0,0;0,0;0,0;0,0;0,0;0,0;0,0;0,0;177340606;19,3;28,0;49,1;2020-08-16 00:05:06;E10,903103;N48,326008;491,700;300;SW V1-11 (2020-06-17);2019-06-11 14:16:04;original set-up
2020-08-16 02:10:06;SN19017;measure;13,72;12,78;12,39;77780,3;10155,9;1532,7;211,2;187,1;108,6;39,2;12,1;18,1;6,0;0,0;3,0;3,0;0,0;0,0;0,0;0,0;0,0;0,0;0,0;0,0;0,0;0,0;0,0;177340606;19,3;27,9;49,4;2020-08-16 00:10:06;E10,903105;N48,326008;491,300;300;SW V1-11 (2020-06-17);2019-06-11 14:16:04;original set-up
2020-08-16 02:15:06;SN19017;measure;12,36;11,56;11,17;74879,2;8946,2;1361,4;240,8;126,6;111,1;34,0;37,0;15,4;3,1;6,2;0,0;0,0;0,0;0,0;0,0;0,0;0,0;0,0;0,0;0,0;0,0;0,0;0,0;177340606;19,0;27,9;49,5;2020-08-16 00:15:06;E10,903105;N48,326005;491,500;300;SW V1-11 (2020-06-17);2019-06-11 14:16:04;original set-up
2020-08-16 02:20:06;SN19017;measure;11,60;11,47;11,14;75271,9;9245,3;1425,8;184,5;166,7;86,3;53,6;6,0;3,0;0,0;0,0;0,0;0,0;3,0;0,0;0,0;0,0;0,0;0,0;0,0;0,0;0,0;0,0;0,0;177340606;18,9;27,9;49,4;2020-08-16 00:20:06;E10,903103;N48,326000;492,500;300;SW V1-11 (2020-06-17);2019-06-11 14:16:04;original set-up
2020-08-16 02:25:06;SN19017;measure;12,31;11,68;11,28;76751,1;9638,6;1375,7;228,3;201,2;114,1;45,1;18,0;15,0;3,0;0,0;0,0;3,0;0,0;0,0;0,0;0,0;0,0;0,0;0,0;0,0;0,0;0,0;0,0;177340606;18,9;27,8;49,5;2020-08-16 00:25:06;E10,903102;N48,325995;493,400;300;SW V1-11 (2020-06-17);2019-06-11 14:16:04;original set-up
2020-08-16 02:30:06;SN19017;measure;11,92;11,36;11,00;75937,1;9506,4;1348,6;225,3;192,2;93,1;48,1;18,0;12,0;6,0;3,0;0,0;0,0;0,0;0,0;0,0;0,0;0,0;0,0;0,0;0,0;0,0;0,0;0,0;177340606;18,8;27,8;49,6;2020-08-16 00:30:06;E10,903100;N48,325992;494,100;300;SW V1-11 (2020-06-17);2019-06-11 14:16:04;original set-up
2020-08-16 02:35:06;SN19017;measure;12,41;11,66;11,26;74306,2;8599,9;1321,2;163,6;213,0;114,2;49,4;21,6;3,1;15,4;0,0;3,1;0,0;0,0;0,0;0,0;0,0;0,0;0,0;0,0;0,0;0,0;0,0;0,0;177340606;18,9;27,7;49,5;2020-08-16 00:35:06;E10,903102;N48,325993;494,000;300;SW V1-11 (2020-06-17);2019-06-11 14:16:04;original set-up
2020-08-16 02:40:06;SN19017;measure;14,21;11,96;11,41;74005,6;8353,4;1364,2;192,7;177,4;119,3;85,6;36,7;18,4;24,5;3,1;6,1;6,1;6,1;6,1;0,0;3,1;0,0;3,1;0,0;0,0;0,0;0,0;0,0;177340606;19,0;27,7;49,4;2020-08-16 00:40:06;E10,903105;N48,325995;493,600;300;SW V1-11 (2020-06-17);2019-06-11 14:16:04;original set-up
2020-08-16 02:45:06;SN19017;measure;12,37;11,38;10,90;74742,2;8929,1;1315,4;209,1;166,7;115,2;75,8;21,2;21,2;6,1;6,1;3,0;0,0;0,0;0,0;0,0;0,0;0,0;0,0;0,0;0,0;0,0;0,0;0,0;177340606;18,7;27,7;49,5;2020-08-16 00:45:06;E10,903103;N48,325997;493,300;300;SW V1-11 (2020-06-17);2019-06-11 14:16:04;original set-up
2020-08-16 02:50:06;SN19017;measure;11,45;10,57;10,14;71303,4;8185,9;1185,0;187,9;169,7;118,2;75,8;12,1;18,2;6,1;6,1;3,0;0,0;0,0;0,0;0,0;0,0;0,0;0,0;0,0;0,0;0,0;0,0;0,0;177340606;18,6;27,6;49,5;2020-08-16 00:50:06;E10,903103;N48,325995;493,500;300;SW V1-11 (2020-06-17);2019-06-11 14:16:04;original set-up
2020-08-16 02:55:06;SN19017;measure;12,13;10,86;10,52;72994,4;8559,9;1274,7;204,7;164,4;89,9;31,0;24,8;31,0;3,1;3,1;0,0;6,2;0,0;0,0;0,0;0,0;3,1;0,0;0,0;0,0;0,0;3,1;0,0;177340606;18,5;27,6;49,4;2020-08-16 00:55:06;E10,903100;N48,325993;493,900;300;SW V1-11 (2020-06-17);2019-06-11 14:16:04;original set-up
2020-08-16 03:00:06;SN19017;measure;11,82;11,21;10,88;77612,8;9995,2;1468,1;198,8;180,5;85,6;39,8;18,4;21,4;9,2;0,0;0,0;0,0;0,0;0,0;0,0;0,0;0,0;0,0;0,0;0,0;0,0;0,0;0,0;177340606;18,4;27,6;49,4;2020-08-16 01:00:06;E10,903097;N48,325990;494,500;300;SW V1-11 (2020-06-17);2019-06-11 14:16:04;original set-up
2020-08-16 03:05:06;SN19017;measure;12,70;11,97;11,59;80878,4;11246,7;1659,6;278,6;154,1;124,5;41,5;11,9;17,8;5,9;3,0;3,0;0,0;0,0;0,0;0,0;0,0;0,0;0,0;0,0;0,0;0,0;0,0;0,0;177340606;18,4;27,4;49,7;2020-08-16 01:05:06;E10,903095;N48,325990;495,100;300;SW V1-11 (2020-06-17);2019-06-11 14:16:04;original set-up
2020-08-16 03:10:06;SN19017;measure;12,59;12,13;11,74;80934,6;10707,0;1746,1;308,0;152,5;119,6;35,9;20,9;20,9;0,0;0,0;0,0;0,0;3,0;0,0;0,0;0,0;0,0;0,0;0,0;0,0;0,0;0,0;0,0;177340606;18,5;27,4;49,9;2020-08-16 01:10:06;E10,903097;N48,325990;495,400;300;SW V1-11 (2020-06-17);2019-06-11 14:16:04;original set-up
2020-08-16 03:15:06;SN19017;measure;11,86;11,57;11,21;79502,4;10713,9;1709,1;192,2;171,2;102,1;54,1;21,0;3,0;0,0;3,0;0,0;0,0;0,0;0,0;0,0;0,0;0,0;0,0;0,0;0,0;0,0;0,0;0,0;177340606;18,4;27,4;50,0;2020-08-16 01:15:06;E10,903095;N48,325992;495,700;300;SW V1-11 (2020-06-17);2019-06-11 14:16:04;original set-up
2020-08-16 03:20:06;SN19017;measure;12,10;11,78;11,45;81485,4;10813,9;1734,9;253,1;176,0;95,7;46,3;3,1;6,2;9,3;0,0;0,0;0,0;0,0;0,0;0,0;0,0;0,0;0,0;0,0;0,0;0,0;0,0;0,0;177340606;18,3;27,3;49,9;2020-08-16 01:20:06;E10,903097;N48,325993;496,000;300;SW V1-11 (2020-06-17);2019-06-11 14:16:04;original set-up
2020-08-16 03:25:06;SN19017;measure;13,18;12,69;12,28;86959,3;12779,3;2138,0;293,6;183,5;119,3;45,9;24,5;15,3;6,1;0,0;0,0;0,0;0,0;0,0;0,0;0,0;0,0;0,0;0,0;0,0;0,0;0,0;0,0;177340606;18,2;27,3;49,7;2020-08-16 01:25:06;E10,903097;N48,325995;496,200;300;SW V1-11 (2020-06-17);2019-06-11 14:16:04;original set-up
2020-08-16 03:30:06;SN19017;measure;13,13;12,64;12,20;86723,4;13090,5;1942,8;291,0;187,9;139,4;54,6;21,2;18,2;0,0;3,0;0,0;0,0;0,0;0,0;0,0;0,0;0,0;0,0;0,0;0,0;0,0;0,0;0,0;177340606;18,2;27,2;50,1;2020-08-16 01:30:06;E10,903100;N48,325998;495,600;300;SW V1-11 (2020-06-17);2019-06-11 14:16:04;original set-up
2020-08-16 03:35:06;SN19017;measure;12,64;12,35;11,97;85929,6;13195,7;1954,8;281,9;160,6;121,2;48,5;15,2;15,2;0,0;0,0;0,0;0,0;0,0;0,0;0,0;0,0;0,0;0,0;0,0;0,0;0,0;0,0;0,0;177340606;18,2;27,2;50,2;2020-08-16 01:35:06;E10,903103;N48,326002;494,300;300;SW V1-11 (2020-06-17);2019-06-11 14:16:04;original set-up
2020-08-16 03:40:06;SN19017;measure;12,80;12,33;11,93;84937,0;12545,5;1906,9;289,7;196,1;87,5;69,4;9,1;18,1;0,0;3,0;0,0;0,0;3,0;0,0;0,0;0,0;0,0;0,0;0,0;0,0;0,0;0,0;0,0;177340606;18,2;27,1;50,3;2020-08-16 01:40:06;E10,903105;N48,326003;493,100;300;SW V1-11 (2020-06-17);2019-06-11 14:16:04;original set-up
2020-08-16 03:45:06;SN19017;measure;13,05;12,41;11,97;87190,9;13468,8;2223,7;389,2;214,2;126,7;60,3;12,1;15,1;6,0;6,0;0,0;0,0;0,0;0,0;0,0;3,0;0,0;0,0;0,0;0,0;0,0;0,0;0,0;177340606;18,1;27,1;50,2;2020-08-16 01:45:06;E10,903107;N48,326003;492,300;300;SW V1-11 (2020-06-17);2019-06-11 14:16:04;original set-up
2020-08-16 03:50:06;SN19017;measure;13,12;12,73;12,36;85813,6;13055,7;2251,2;277,3;200,6;112,1;44,3;5,9;11,8;3,0;3,0;0,0;0,0;0,0;0,0;0,0;0,0;0,0;0,0;0,0;0,0;0,0;0,0;0,0;177340606;18,2;27,0;50,4;2020-08-16 01:50:06;E10,903105;N48,326003;493,100;300;SW V1-11 (2020-06-17);2019-06-11 14:16:04;original set-up
2020-08-16 03:55:06;SN19017;measure;14,02;13,10;12,72;88830,3;13806,3;2446,9;273,9;178,6;89,3;59,5;8,9;14,9;11,9;0,0;3,0;3,0;0,0;0,0;0,0;0,0;0,0;0,0;0,0;0,0;0,0;0,0;0,0;177340606;18,2;27,0;50,4;2020-08-16 01:55:06;E10,903103;N48,326003;493,900;300;SW V1-11 (2020-06-17);2019-06-11 14:16:04;original set-up
2020-08-16 04:00:06;SN19017;measure;12,51;12,12;11,75;83989,8;12624,1;2069,5;318,4;174,2;108,1;48,1;12,0;9,0;3,0;3,0;0,0;0,0;0,0;0,0;0,0;0,0;0,0;0,0;0,0;0,0;0,0;0,0;0,0;177340606;18,1;27,0;50,5;2020-08-16 02:00:06;E10,903105;N48,326003;494,300;300;SW V1-11 (2020-06-17);2019-06-11 14:16:04;original set-up
2020-08-16 04:05:06;SN19017;measure;13,33;12,49;12,11;86440,7;13594,3;2165,6;315,4;198,2;81,1;45,1;33,0;9,0;9,0;3,0;3,0;0,0;3,0;0,0;0,0;0,0;0,0;0,0;0,0;0,0;0,0;0,0;0,0;177340606;18,1;27,0;50,3;2020-08-16 02:05:06;E10,903108;N48,326005;493,100;300;SW V1-11 (2020-06-17);2019-06-11 14:16:04;original set-up
2020-08-16 04:10:06;SN19017;measure;12,93;12,00;11,61;84735,3;12858,4;2163,2;298,7;147,8;57,3;81,5;15,1;21,1;12,1;0,0;6,0;0,0;0,0;0,0;0,0;0,0;0,0;0,0;0,0;0,0;0,0;0,0;3,0;177340606;17,9;26,9;50,3;2020-08-16 02:10:06;E10,903110;N48,326008;492,100;300;SW V1-11 (2020-06-17);2019-06-11 14:16:04;original set-up
2020-08-16 04:15:06;SN19017;measure;12,78;12,18;11,78;84641,4;13016,2;2193,5;256,5;199,1;129,7;45,3;18,1;15,1;0,0;6,0;0,0;0,0;3,0;0,0;0,0;0,0;0,0;0,0;0,0;0,0;0,0;0,0;0,0;177340606;17,9;26,8;50,1;2020-08-16 02:15:06;E10,903107;N48,326012;491,300;300;SW V1-11 (2020-06-17);2019-06-11 14:16:04;original set-up
2020-08-16 04:20:06;SN19017;measure;12,88;12,43;12,01;86255,8;13443,7;2084,7;262,5;205,2;117,7;66,4;12,1;12,1;3,0;0,0;3,0;0,0;0,0;0,0;0,0;0,0;0,0;0,0;0,0;0,0;0,0;0,0;0,0;177340606;17,8;26,8;50,0;2020-08-16 02:20:06;E10,903105;N48,326013;491,100;300;SW V1-11 (2020-06-17);2019-06-11 14:16:04;original set-up
2020-08-16 04:25:06;SN19017;measure;14,87;14,42;13,91;96423,5;17439,4;2929,7;503,9;202,2;135,8;63,4;9,1;24,1;3,0;0,0;0,0;0,0;0,0;0,0;0,0;0,0;0,0;0,0;0,0;0,0;0,0;0,0;0,0;177340606;17,9;26,7;50,4;2020-08-16 02:25:06;E10,903107;N48,326013;491,100;300;SW V1-11 (2020-06-17);2019-06-11 14:16:04;original set-up
2020-08-16 04:30:06;SN19017;measure;13,51;13,06;12,65;92077,1;15218,1;2463,3;392,0;228,4;98,8;61,7;6,2;15,4;3,1;0,0;3,1;0,0;0,0;0,0;0,0;0,0;0,0;0,0;0,0;0,0;0,0;0,0;0,0;177340606;17,9;26,7;50,9;2020-08-16 02:30:06;E10,903107;N48,326013;491,000;300;SW V1-11 (2020-06-17);2019-06-11 14:16:04;original set-up
2020-08-16 04:35:06;SN19017;measure;13,43;12,69;12,28;87864,7;13644,9;2211,5;348,7;192,7;94,8;55,1;24,5;12,2;12,2;0,0;3,1;0,0;0,0;0,0;0,0;0,0;0,0;0,0;0,0;0,0;0,0;0,0;0,0;177340606;17,8;26,7;50,4;2020-08-16 02:35:06;E10,903108;N48,326015;491,100;300;SW V1-11 (2020-06-17);2019-06-11 14:16:04;original set-up
2020-08-16 04:40:06;SN19017;measure;12,47;12,09;11,68;83051,1;12265,3;1997,3;278,6;163,0;121,5;53,3;20,7;8,9;5,9;0,0;0,0;0,0;0,0;0,0;0,0;0,0;0,0;0,0;0,0;0,0;0,0;0,0;0,0;177340606;17,8;26,6;50,3;2020-08-16 02:40:06;E10,903110;N48,326015;491,600;300;SW V1-11 (2020-06-17);2019-06-11 14:16:04;original set-up
2020-08-16 04:45:06;SN19017;measure;12,45;12,19;11,75;82656,3;12059,2;1997,4;319,9;197,3;104,7;65,8;23,9;3,0;3,0;0,0;0,0;0,0;0,0;0,0;0,0;0,0;0,0;0,0;0,0;0,0;0,0;0,0;0,0;177340606;17,8;26,6;50,3;2020-08-16 02:45:06;E10,903112;N48,326015;492,300;300;SW V1-11 (2020-06-17);2019-06-11 14:16:04;original set-up
2020-08-16 04:50:06;SN19017;measure;12,75;12,48;12,08;87756,4;14025,9;2273,6;324,4;228,3;87,1;69,1;6,0;18,0;0,0;0,0;0,0;0,0;0,0;0,0;0,0;0,0;0,0;0,0;0,0;0,0;0,0;0,0;0,0;177340606;17,6;26,6;50,2;2020-08-16 02:50:06;E10,903112;N48,326015;493,100;300;SW V1-11 (2020-06-17);2019-06-11 14:16:04;original set-up
2020-08-16 04:55:06;SN19017;measure;13,17;12,84;12,42;92054,6;15457,1;2754,7;295,7;208,2;84,5;96,6;9,1;0,0;6,0;0,0;3,0;0,0;0,0;0,0;0,0;0,0;0,0;0,0;0,0;0,0;0,0;0,0;0,0;177340606;17,6;26,5;50,6;2020-08-16 02:55:06;E10,903112;N48,326013;493,900;300;SW V1-11 (2020-06-17);2019-06-11 14:16:04;original set-up
2020-08-16 05:00:06;SN19017;measure;13,37;12,70;12,31;92039,4;16083,6;2757,5;325,8;196,1;105,6;54,3;21,1;12,1;3,0;3,0;0,0;3,0;0,0;0,0;0,0;0,0;0,0;0,0;0,0;0,0;0,0;0,0;0,0;177340606;17,6;26,5;50,7;2020-08-16 03:00:06;E10,903112;N48,326013;494,800;300;SW V1-11 (2020-06-17);2019-06-11 14:16:04;original set-up
2020-08-16 05:05:06;SN19017;measure;14,45;13,57;13,15;94839,2;17350,7;3038,1;392,2;274,5;108,6;48,3;15,1;15,1;0,0;6,0;3,0;3,0;0,0;0,0;0,0;0,0;0,0;0,0;0,0;0,0;0,0;0,0;0,0;177340606;17,6;26,5;50,5;2020-08-16 03:05:06;E10,903112;N48,326012;495,500;300;SW V1-11 (2020-06-17);2019-06-11 14:16:04;original set-up
2020-08-16 05:10:06;SN19017;measure;13,70;12,97;12,58;91752,9;15601,9;2643,1;356,0;229,3;84,5;63,4;12,1;6,0;6,0;0,0;0,0;6,0;0,0;0,0;0,0;0,0;0,0;0,0;0,0;0,0;0,0;0,0;0,0;177340606;17,6;26,5;50,5;2020-08-16 03:10:06;E10,903112;N48,326012;496,100;300;SW V1-11 (2020-06-17);2019-06-11 14:16:04;original set-up
2020-08-16 05:15:06;SN19017;measure;11,67;11,26;10,92;87160,7;14551,9;2410,7;304,7;159,9;90,5;63,4;18,1;3,0;6,0;3,0;0,0;0,0;3,0;0,0;0,0;0,0;0,0;0,0;0,0;0,0;0,0;0,0;0,0;177340606;17,2;26,4;50,5;2020-08-16 03:15:06;E10,903112;N48,326012;496,500;300;SW V1-11 (2020-06-17);2019-06-11 14:16:04;original set-up
2020-08-16 05:20:06;SN19017;measure;12,96;12,31;11,95;88379,7;14506,7;2597,8;350,0;184,0;84,5;54,3;9,1;21,1;9,1;3,0;0,0;0,0;0,0;0,0;0,0;0,0;0,0;0,0;0,0;0,0;0,0;0,0;0,0;177340606;17,3;26,4;50,2;2020-08-16 03:20:06;E10,903110;N48,326012;496,700;300;SW V1-11 (2020-06-17);2019-06-11 14:16:04;original set-up
2020-08-16 05:25:06;SN19017;measure;13,80;13,24;12,87;94226,7;17190,8;3071,3;398,2;208,2;90,5;39,2;21,1;15,1;6,0;3,0;0,0;0,0;0,0;0,0;0,0;0,0;0,0;0,0;0,0;0,0;0,0;0,0;0,0;177340606;17,3;26,3;50,3;2020-08-16 03:25:06;E10,903110;N48,326010;496,800;300;SW V1-11 (2020-06-17);2019-06-11 14:16:04;original set-up
2020-08-16 05:30:06;SN19017;measure;14,10;13,54;13,09;102735,5;21678,5;3958,6;546,1;274,6;93,5;63,4;27,2;15,1;3,0;0,0;3,0;0,0;3,0;0,0;0,0;0,0;0,0;0,0;0,0;0,0;0,0;0,0;0,0;177340606;17,1;26,2;50,6;2020-08-16 03:30:06;E10,903110;N48,326010;496,900;300;SW V1-11 (2020-06-17);2019-06-11 14:16:04;original set-up
2020-08-16 05:35:06;SN19017;measure;14,33;13,63;13,18;101920,8;21500,5;4070,2;582,3;205,2;105,6;54,3;24,1;21,1;6,0;0,0;0,0;3,0;0,0;0,0;0,0;0,0;0,0;0,0;0,0;0,0;0,0;0,0;0,0;177340606;17,2;26,2;51,1;2020-08-16 03:35:06;E10,903110;N48,326008;496,800;300;SW V1-11 (2020-06-17);2019-06-11 14:16:04;original set-up
2020-08-16 05:40:06;SN19017;measure;13,89;13,18;12,72;98634,6;19088,5;3665,6;476,7;244,4;111,6;54,3;48,3;6,0;0,0;3,0;6,0;0,0;0,0;0,0;0,0;0,0;0,0;0,0;0,0;0,0;0,0;0,0;0,0;177340606;17,1;26,1;51,1;2020-08-16 03:40:06;E10,903108;N48,326008;496,600;300;SW V1-11 (2020-06-17);2019-06-11 14:16:04;original set-up
2020-08-16 05:45:06;SN19017;measure;13,23;12,57;12,16;97033,0;18914,8;3415,5;458,6;229,3;78,4;66,4;27,2;15,1;6,0;6,0;0,0;0,0;0,0;0,0;0,0;0,0;0,0;0,0;0,0;0,0;0,0;0,0;0,0;177340606;17,0;26,1;51,0;2020-08-16 03:45:06;E10,903110;N48,326007;496,500;300;SW V1-11 (2020-06-17);2019-06-11 14:16:04;original set-up
2020-08-16 05:50:06;SN19017;measure;13,35;13,07;12,62;98553,1;20910,8;3816,5;639,6;238,3;102,6;57,3;21,1;15,1;0,0;0,0;0,0;0,0;0,0;0,0;0,0;0,0;0,0;0,0;0,0;0,0;0,0;0,0;0,0;177340606;17,0;26,0;51,0;2020-08-16 03:50:06;E10,903108;N48,326007;496,300;300;SW V1-11 (2020-06-17);2019-06-11 14:16:04;original set-up
2020-08-16 05:55:06;SN19017;measure;15,46;14,42;13,94;104512,6;23199,2;4441,3;687,9;325,9;99,6;60,3;12,1;15,1;18,1;9,1;0,0;0,0;3,0;3,0;0,0;0,0;0,0;0,0;0,0;0,0;0,0;0,0;0,0;177340606;17,1;26,0;51,2;2020-08-16 03:55:06;E10,903107;N48,326007;496,200;300;SW V1-11 (2020-06-17);2019-06-11 14:16:04;original set-up
2020-08-16 06:00:06;SN19017;measure;16,07;15,25;14,65;107327,6;24511,7;4779,2;754,3;365,1;114,7;75,4;24,1;24,1;6,0;3,0;3,0;0,0;0,0;3,0;0,0;0,0;0,0;0,0;0,0;0,0;0,0;0,0;0,0;177340606;17,2;25,9;51,4;2020-08-16 04:00:06;E10,903107;N48,326005;496,000;300;SW V1-11 (2020-06-17);2019-06-11 14:16:04;original set-up
2020-08-16 06:05:06;SN19017;measure;12,87;12,01;11,57;105570,5;23387,4;4676,9;710,0;274,7;138,9;49,4;34,0;18,5;3,1;0,0;3,1;6,2;0,0;0,0;0,0;0,0;0,0;0,0;0,0;0,0;0,0;0,0;0,0;177340606;16,6;25,9;51,6;2020-08-16 04:05:06;E10,903103;N48,326007;496,000;300;SW V1-11 (2020-06-17);2019-06-11 14:16:04;original set-up
2020-08-16 06:10:06;SN19017;measure;13,79;13,04;12,60;105811,5;23538,4;4564,3;685,6;275,5;112,7;56,3;21,9;15,7;3,1;6,3;0,0;3,1;0,0;0,0;0,0;0,0;0,0;0,0;0,0;0,0;0,0;0,0;0,0;177340606;16,8;25,9;51,4;2020-08-16 04:10:06;E10,903102;N48,326007;495,700;300;SW V1-11 (2020-06-17);2019-06-11 14:16:04;original set-up
2020-08-16 06:15:06;SN19017;measure;14,81;14,11;13,62;107731,7;25081,7;4753,3;688,3;347,2;113,7;64,5;18,4;15,4;12,3;0,0;3,1;0,0;3,1;0,0;0,0;0,0;0,0;0,0;0,0;0,0;0,0;0,0;0,0;177340606;16,9;25,8;51,7;2020-08-16 04:15:06;E10,903100;N48,326008;495,200;300;SW V1-11 (2020-06-17);2019-06-11 14:16:04;original set-up
2020-08-16 06:20:06;SN19017;measure;14,91;14,10;13,59;105993,8;24224,0;4737,6;688,1;243,6;109,6;76,1;24,4;15,2;12,2;3,0;3,0;0,0;0,0;0,0;0,0;0,0;0,0;0,0;0,0;0,0;0,0;0,0;0,0;177340606;17,1;25,8;52,0;2020-08-16 04:20:06;E10,903102;N48,326008;494,100;300;SW V1-11 (2020-06-17);2019-06-11 14:16:04;original set-up
2020-08-16 06:25:06;SN19017;measure;14,00;13,43;13,02;102345,4;22331,7;4285,8;573,7;226,4;130,2;40,3;24,8;9,3;9,3;0,0;3,1;0,0;0,0;0,0;0,0;0,0;0,0;0,0;0,0;0,0;0,0;0,0;0,0;177340606;17,1;25,9;52,0;2020-08-16 04:25:06;E10,903105;N48,326008;493,000;300;SW V1-11 (2020-06-17);2019-06-11 14:16:04;original set-up
2020-08-16 06:30:06;SN19017;measure;15,43;14,82;14,30;104929,2;24047,6;5105,0;654,6;315,0;67,3;76,5;30,6;18,4;0,0;0,0;0,0;3,1;0,0;0,0;0,0;0,0;0,0;3,1;0,0;0,0;0,0;0,0;0,0;177340606;17,4;26,0;51,9;2020-08-16 04:30:06;E10,903103;N48,326010;492,100;300;SW V1-11 (2020-06-17);2019-06-11 14:16:04;original set-up
2020-08-16 06:35:06;SN19017;measure;15,86;15,45;14,90;106610,1;25170,1;5044,6;707,3;280,4;102,8;74,8;24,9;15,6;3,1;0,0;0,0;0,0;0,0;0,0;0,0;0,0;0,0;0,0;0,0;0,0;0,0;0,0;0,0;177340606;17,6;26,1;51,8;2020-08-16 04:35:06;E10,903108;N48,326013;491,000;300;SW V1-11 (2020-06-17);2019-06-11 14:16:04;original set-up
2020-08-16 06:40:06;SN19017;measure;16,63;15,26;14,61;108423,3;29038,5;6544,9;1031,6;358,5;135,2;81,8;12,6;22,0;3,1;12,6;6,3;3,1;0,0;0,0;0,0;3,1;0,0;0,0;0,0;3,1;0,0;0,0;0,0;177340606;17,5;26,2;51,7;2020-08-16 04:40:06;E10,903115;N48,326020;488,900;300;SW V1-11 (2020-06-17);2019-06-11 14:16:04;original set-up
2020-08-16 06:45:06;SN19017;measure;41,07;13,99;12,98;110741,5;38118,8;9296,7;1482,0;568,8;173,8;98,0;56,9;63,2;85,3;120,1;189,6;123,2;116,9;104,3;91,6;66,4;63,2;101,1;69,5;34,8;15,8;0,0;28,4;177340606;17,7;26,4;51,6;2020-08-16 04:45:06;E10,903112;N48,326025;484,600;300;SW V1-11 (2020-06-17);2019-06-11 14:16:04;original set-up
2020-08-16 06:50:06;SN19017;measure;19,41;12,63;11,73;110761,5;39009,4;9897,7;1576,9;603,6;126,4;110,6;37,9;37,9;41,1;25,3;25,3;37,9;53,7;25,3;25,3;31,6;31,6;22,1;19,0;6,3;0,0;0,0;9,5;177340606;17,6;26,5;51,6;2020-08-16 04:50:06;E10,903115;N48,326023;484,000;300;SW V1-11 (2020-06-17);2019-06-11 14:16:04;original set-up
2020-08-16 06:55:06;SN19017;measure;207,03;12,49;10,43;105566,1;36225,3;9351,0;1425,2;597,3;284,4;328,7;322,3;410,8;641,5;802,7;1595,9;1191,4;1358,9;1260,9;1564,3;1245,1;1055,5;1551,7;1162,9;1087,1;679,4;474,0;1159,8;177340606;17,3;26,6;51,3;2020-08-16 04:55:06;E10,903113;N48,326023;482,800;300;SW V1-11 (2020-06-17);2019-06-11 14:16:04;original set-up
2020-08-16 07:00:06;SN19017;measure;134,75;13,05;11,56;106362,5;34575,6;8513,6;1242,0;575,2;202,3;221,2;170,7;312,9;414,0;499,3;840,6;786,9;903,8;919,6;821,6;802,7;711,0;995,5;809,0;651,0;467,7;357,1;1061,8;177340606;17,4;26,7;51,2;2020-08-16 05:00:06;E10,903098;N48,326032;477,300;300;SW V1-11 (2020-06-17);2019-06-11 14:16:04;original set-up
2020-08-16 07:05:06;SN19017;measure;104,70;15,07;14,00;106699,9;31988,4;7582,0;1124,0;403,2;152,4;142,9;92,1;168,3;285,8;323,9;546,1;558,8;657,2;587,4;641,4;609,6;577,9;758,8;631,8;469,9;346,1;269,9;622,3;177340606;17,7;26,8;51,1;2020-08-16 05:05:06;E10,903082;N48,326038;472,400;300;SW V1-11 (2020-06-17);2019-06-11 14:16:04;original set-up
2020-08-16 07:10:06;SN19017;measure;155,37;15,56;14,01;105268,7;29774,2;6655,3;917,6;362,0;187,3;254,0;158,8;298,5;358,8;517,6;920,8;800,2;978,0;1079,6;968,4;885,9;901,8;1130,4;1016,1;835,1;606,5;396,9;1238,3;177340606;17,8;26,9;50,9;2020-08-16 05:10:06;E10,903068;N48,326040;471,500;300;SW V1-11 (2020-06-17);2019-06-11 14:16:04;original set-up
2020-08-16 07:15:06;SN19017;measure;310,51;13,52;10,61;96161,0;22151,1;4602,5;635,9;422,9;327,2;672,9;450,7;747,0;923,0;1228,6;2407,7;1991,0;2370,7;2241,0;2358,3;2441,7;2299,7;3191,8;2500,3;2142,3;1679,2;1120,5;2935,6;177340606;17,4;27,0;50,7;2020-08-16 05:15:06;E10,903048;N48,326038;470,300;300;SW V1-11 (2020-06-17);2019-06-11 14:16:04;original set-up
2020-08-16 07:20:06;SN19017;measure;201,06;8,41;6,70;96016,1;20878,8;4184,3;688,2;480,2;354,8;575,0;394,6;721,9;1027,7;1214,3;2373,6;2131,9;2245,1;2239,0;2190,0;2101,3;2015,7;2547,9;2364,4;1841,3;1422,3;991,0;2930,2;177340606;16,4;27,0;50,5;2020-08-16 05:20:06;E10,903035;N48,326035;468,400;300;SW V1-11 (2020-06-17);2019-06-11 14:16:04;original set-up
2020-08-16 07:25:06;SN19017;measure;252,72;11,25;8,97;95049,0;19851,1;3585,3;487,9;384,9;354,6;606,1;400,1;660,7;915,3;1239,6;2388,2;1757,8;2133,6;2163,9;2018,5;2257,9;2291,2;2676,1;2470,0;1888,1;1539,6;1127,4;3079,2;177340606;17,0;27,1;50,1;2020-08-16 05:25:06;E10,903022;N48,326035;466,600;300;SW V1-11 (2020-06-17);2019-06-11 14:16:04;original set-up
2020-08-16 07:30:06;SN19017;measure;174,66;13,41;12,05;101817,3;24877,7;4331,2;542,5;272,8;97,0;260,7;215,2;318,2;478,9;642,6;1173,0;1051,7;1100,2;1142,7;1063,8;1051,7;1030,5;1303,3;1166,9;815,3;760,8;618,3;1609,4;177340606;17,5;27,0;50,3;2020-08-16 05:30:06;E10,903005;N48,326037;465,000;300;SW V1-11 (2020-06-17);2019-06-11 14:16:04;original set-up
2020-08-16 07:35:06;SN19017;measure;192,14;12,18;10,70;100381,4;23061,9;4778,9;612,4;340,9;181,0;310,8;229,3;398,2;672,8;805,5;1511,5;1255,1;1279,2;1565,8;1463,2;1342,6;1291,3;1529,6;1372,7;962,4;766,3;515,9;1553,8;177340606;17,3;27,1;50,5;2020-08-16 05:35:06;E10,902993;N48,326040;462,300;300;SW V1-11 (2020-06-17);2019-06-11 14:16:04;original set-up
2020-08-16 07:40:06;SN19017;measure;214,46;13,16;11,49;100617,4;21156,6;3798,6;470,7;235,3;184,0;301,7;262,5;479,7;766,4;881,0;1508,6;1270,2;1303,4;1372,8;1086,2;1025,8;911,2;1134,5;835,8;600,4;476,7;277,6;546,1;177340606;17,6;27,2;50,4;2020-08-16 05:40:06;E10,902985;N48,326043;459,200;300;SW V1-11 (2020-06-17);2019-06-11 14:16:04;original set-up
2020-08-16 07:45:06;SN19017;measure;305,99;14,52;12,02;96507,6;19441,5;3439,4;470,7;256,4;187,1;437,5;377,1;693,9;953,4;1179,6;2120,9;1562,8;1900,7;1683,5;1553,8;1357,6;1086,1;1276,2;1034,8;778,4;470,7;362,0;690,9;177340606;17,8;27,3;50,0;2020-08-16 05:45:06;E10,902975;N48,326050;455,600;300;SW V1-11 (2020-06-17);2019-06-11 14:16:04;original set-up
2020-08-16 07:50:06;SN19017;measure;193,92;13,88;12,32;100209,4;23580,8;4392,7;497,8;256,4;135,8;292,6;211,2;386,2;573,2;699,9;1294,3;1074,0;1173,6;977,5;956,4;742,2;709,0;778,4;627,5;410,3;283,6;187,1;449,5;177340606;17,8;27,4;49,6;2020-08-16 05:50:06;E10,902968;N48,326053;453,300;300;SW V1-11 (2020-06-17);2019-06-11 14:16:04;original set-up
2020-08-16 07:55:06;SN19017;measure;91,73;15,38;14,50;102237,6;23980,7;4362,9;552,1;205,2;111,6;123,7;99,6;117,7;187,1;223,3;534,0;377,1;470,7;386,2;334,9;365,1;307,8;365,1;292,7;159,9;132,8;69,4;202,2;177340606;18,3;27,6;49,5;2020-08-16 05:55:06;E10,902962;N48,326055;452,800;300;SW V1-11 (2020-06-17);2019-06-11 14:16:04;original set-up
2020-08-16 08:00:06;SN19017;measure;42,73;15,62;15,07;102358,3;23974,6;4347,8;582,3;172,0;45,3;66,4;39,2;72,4;72,4;84,5;150,9;138,8;150,9;108,6;102,6;102,6;120,7;126,7;96,6;48,3;45,3;30,2;129,7;177340606;18,6;27,7;49,4;2020-08-16 06:00:06;E10,902955;N48,326058;452,900;300;SW V1-11 (2020-06-17);2019-06-11 14:16:04;original set-up
2020-08-16 08:05:06;SN19017;measure;42,09;15,02;14,57;97967,8;21094,8;3765,2;383,2;129,7;45,3;57,3;21,1;78,4;96,5;90,5;123,7;138,8;150,8;126,7;147,8;141,8;126,7;153,9;132,7;105,6;105,6;45,3;108,6;177340606;18,8;27,9;49,1;2020-08-16 06:05:06;E10,902953;N48,326060;454,600;300;SW V1-11 (2020-06-17);2019-06-11 14:16:04;original set-up
2020-08-16 08:10:06;SN19017;measure;41,54;14,98;14,41;97666,6;20610,5;3904,2;525,0;193,1;57,3;78,4;24,1;84,5;78,4;69,4;138,8;141,8;150,9;165,9;126,7;81,5;123,7;153,9;108,6;84,5;39,2;24,1;96,6;177340606;18,8;28,2;48,5;2020-08-16 06:10:06;E10,902952;N48,326060;456,600;300;SW V1-11 (2020-06-17);2019-06-11 14:16:04;original set-up
2020-08-16 08:15:06;SN19017;measure;48,48;14,23;13,68;100702,2;21717,3;4235,4;531,0;151,3;80,3;49,4;58,7;101,9;95,7;120,4;176,0;203,7;213,0;179,0;172,9;154,4;219,2;265,5;237,7;172,9;142,0;95,7;287,1;177340606;18,4;28,4;48,1;2020-08-16 06:15:06;E10,902950;N48,326063;457,600;300;SW V1-11 (2020-06-17);2019-06-11 14:16:04;original set-up
2020-08-16 08:20:06;SN19017;measure;21,22;14,90;14,54;103810,4;22506,9;4376,2;532,2;156,5;53,2;53,2;12,5;6,3;21,9;21,9;31,3;37,6;34,4;37,6;25,0;21,9;25,0;40,7;12,5;9,4;18,8;6,3;9,4;177340606;18,6;28,5;47,9;2020-08-16 06:20:06;E10,902948;N48,326068;458,500;300;SW V1-11 (2020-06-17);2019-06-11 14:16:04;original set-up
2020-08-16 08:25:06;SN19017;measure;18,71;14,28;13,90;102919,4;21619,2;4230,1;581,8;173,0;53,5;44,0;25,2;12,6;9,4;18,9;15,7;28,3;31,5;40,9;37,7;12,6;9,4;31,5;25,2;28,3;12,6;12,6;28,3;177340606;18,6;28,7;47,9;2020-08-16 06:25:06;E10,902948;N48,326075;459,200;300;SW V1-11 (2020-06-17);2019-06-11 14:16:04;original set-up
2020-08-16 08:30:06;SN19017;measure;13,69;12,51;12,25;103916,5;21167,0;4364,2;527,8;183,3;50,6;34,8;3,2;6,3;3,2;0,0;12,6;6,3;9,5;0,0;0,0;0,0;12,6;0,0;3,2;3,2;3,2;3,2;6,3;177340606;18,2;28,8;47,6;2020-08-16 06:30:06;E10,902952;N48,326077;460,200;300;SW V1-11 (2020-06-17);2019-06-11 14:16:04;original set-up
2020-08-16 08:35:06;SN19017;measure;16,45;15,86;15,56;104472,1;20726,3;4205,9;455,0;186,4;63,2;9,5;12,6;15,8;0,0;0,0;0,0;3,2;3,2;0,0;0,0;0,0;0,0;0,0;0,0;3,2;0,0;0,0;0,0;177340606;19,0;28,9;47,1;2020-08-16 06:35:06;E10,902962;N48,326077;460,700;300;SW V1-11 (2020-06-17);2019-06-11 14:16:04;original set-up
2020-08-16 08:40:06;SN19017;measure;15,77;15,19;14,91;105338,6;20923,6;3760,6;521,4;177,0;56,9;15,8;6,3;6,3;3,2;9,5;0,0;0,0;0,0;0,0;0,0;0,0;0,0;0,0;0,0;0,0;0,0;0,0;0,0;177340606;19,0;29,0;47,6;2020-08-16 06:40:06;E10,902973;N48,326078;461,700;300;SW V1-11 (2020-06-17);2019-06-11 14:16:04;original set-up
2020-08-16 08:45:06;SN19017;measure;17,82;17,06;16,70;107250,5;21413,4;4209,4;534,1;192,8;56,9;31,6;9,5;9,5;3,2;3,2;6,3;0,0;0,0;0,0;0,0;0,0;0,0;0,0;0,0;0,0;0,0;0,0;0,0;177340606;19,4;29,0;47,2;2020-08-16 06:45:06;E10,902985;N48,326077;462,900;300;SW V1-11 (2020-06-17);2019-06-11 14:16:04;original set-up
2020-08-16 08:50:06;SN19017;measure;17,74;16,71;16,37;106491,1;22023,5;4496,1;460,4;206,4;54,0;34,9;3,2;9,5;3,2;6,4;0,0;6,4;0,0;0,0;0,0;0,0;0,0;0,0;0,0;0,0;0,0;0,0;0,0;177340606;19,4;29,0;47,4;2020-08-16 06:50:06;E10,902997;N48,326078;463,500;300;SW V1-11 (2020-06-17);2019-06-11 14:16:04;original set-up
2020-08-16 08:55:06;SN19017;measure;18,24;17,75;17,25;102353,5;20640,3;4007,0;602,0;197,4;74,4;51,8;19,4;6,5;3,2;3,2;0,0;0,0;0,0;0,0;0,0;0,0;0,0;0,0;0,0;0,0;0,0;0,0;0,0;177340606;19,9;29,1;47,5;2020-08-16 06:55:06;E10,903005;N48,326077;463,900;300;SW V1-11 (2020-06-17);2019-06-11 14:16:04;original set-up
2020-08-16 09:00:06;SN19017;measure;17,19;16,91;16,51;93384,1;17753,6;3430,2;490,5;153,9;73,7;25,6;9,6;12,8;0,0;0,0;0,0;0,0;0,0;0,0;0,0;0,0;0,0;0,0;0,0;0,0;0,0;0,0;0,0;177340606;20,6;29,1;48,2;2020-08-16 07:00:06;E10,903013;N48,326075;464,200;300;SW V1-11 (2020-06-17);2019-06-11 14:16:04;original set-up
2020-08-16 09:05:06;SN19017;measure;16,62;16,16;15,69;87325,8;16132,9;3062,6;370,1;162,7;92,5;44,7;22,3;6,4;6,4;0,0;0,0;0,0;0,0;0,0;0,0;0,0;0,0;0,0;0,0;0,0;0,0;0,0;0,0;177340606;21,0;29,2;48,7;2020-08-16 07:05:06;E10,903025;N48,326077;464,600;300;SW V1-11 (2020-06-17);2019-06-11 14:16:04;original set-up
2020-08-16 09:10:06;SN19017;measure;15,81;15,39;14,92;82772,1;14653,7;2641,8;396,9;139,7;82,6;54,0;12,7;9,5;3,2;0,0;0,0;0,0;3,2;0,0;0,0;0,0;0,0;0,0;0,0;0,0;0,0;0,0;0,0;177340606;21,2;29,4;48,7;2020-08-16 07:10:06;E10,903042;N48,326077;465,300;300;SW V1-11 (2020-06-17);2019-06-11 14:16:04;original set-up
2020-08-16 09:15:06;SN19017;measure;13,78;13,45;13,05;72906,6;11869,0;2168,7;314,3;171,5;73,0;41,3;3,2;12,7;3,2;0,0;0,0;0,0;0,0;0,0;0,0;0,0;0,0;0,0;0,0;0,0;0,0;0,0;0,0;177340606;21,3;29,6;48,4;2020-08-16 07:15:06;E10,903055;N48,326080;465,800;300;SW V1-11 (2020-06-17);2019-06-11 14:16:04;original set-up
2020-08-16 09:20:06;SN19017;measure;14,72;13,59;13,11;70207,7;10370,3;1895,6;260,4;181,0;108,0;31,8;28,6;19,1;12,7;3,2;0,0;0,0;0,0;0,0;0,0;0,0;0,0;0,0;0,0;0,0;0,0;0,0;0,0;177340606;21,8;29,8;47,8;2020-08-16 07:20:06;E10,903067;N48,326082;466,400;300;SW V1-11 (2020-06-17);2019-06-11 14:16:04;original set-up
2020-08-16 09:25:06;SN19017;measure;12,99;12,12;11,69;61166,9;8197,9;1447,8;222,3;123,8;76,2;44,5;15,9;15,9;3,2;6,4;0,0;0,0;0,0;0,0;0,0;0,0;0,0;0,0;0,0;0,0;0,0;0,0;0,0;177340606;22,1;30,1;47,3;2020-08-16 07:25:06;E10,903073;N48,326083;466,900;300;SW V1-11 (2020-06-17);2019-06-11 14:16:04;original set-up
2020-08-16 09:30:06;SN19017;measure;12,05;11,49;10,99;54420,6;6326,5;1167,7;217,9;149,6;110,6;45,5;6,5;16,3;0,0;3,3;0,0;0,0;0,0;0,0;0,0;0,0;0,0;0,0;0,0;0,0;0,0;0,0;0,0;177340606;23,1;30,5;46,7;2020-08-16 07:30:06;E10,903078;N48,326085;467,700;300;SW V1-11 (2020-06-17);2019-06-11 14:16:04;original set-up
2020-08-16 09:35:06;SN19017;measure;11,13;9,60;9,22;43046,8;4368,4;788,3;157,7;137,9;85,4;23,0;9,9;13,1;0,0;6,6;0,0;6,6;0,0;0,0;0,0;0,0;0,0;0,0;0,0;0,0;0,0;0,0;0,0;177340606;24,3;31,3;45,4;2020-08-16 07:35:06;E10,903083;N48,326085;468,500;300;SW V1-11 (2020-06-17);2019-06-11 14:16:04;original set-up
2020-08-16 09:40:06;SN19017;measure;9,43;9,11;8,65;40876,2;3703,7;696,5;141,9;128,7;89,1;42,9;19,8;6,6;0,0;0,0;0,0;0,0;0,0;0,0;0,0;0,0;0,0;0,0;0,0;0,0;0,0;0,0;0,0;177340606;24,4;32,2;43,7;2020-08-16 07:40:06;E10,903087;N48,326085;469,500;300;SW V1-11 (2020-06-17);2019-06-11 14:16:04;original set-up
2020-08-16 09:45:06;SN19017;measure;9,53;9,03;8,60;39273,5;3317,1;541,6;162,5;91,4;57,5;47,4;16,9;10,2;3,4;0,0;0,0;0,0;0,0;0,0;0,0;0,0;0,0;0,0;0,0;0,0;0,0;0,0;0,0;177340606;24,9;33,1;41,0;2020-08-16 07:45:06;E10,903090;N48,326085;470,600;300;SW V1-11 (2020-06-17);2019-06-11 14:16:04;original set-up
2020-08-16 09:50:06;SN19017;measure;9,43;8,66;8,29;38111,6;3196,3;584,3;140,9;140,9;92,8;27,5;3,4;3,4;6,9;0,0;0,0;3,4;0,0;0,0;0,0;0,0;0,0;0,0;0,0;0,0;0,0;0,0;0,0;177340606;24,9;33,9;39,6;2020-08-16 07:50:06;E10,903093;N48,326083;471,500;300;SW V1-11 (2020-06-17);2019-06-11 14:16:04;original set-up
2020-08-16 09:55:06;SN19017;measure;9,32;8,29;7,91;35879,4;2777,8;635,7;114,0;110,6;55,3;31,1;20,7;13,8;3,5;0,0;0,0;3,5;0,0;0,0;0,0;0,0;0,0;0,0;0,0;0,0;0,0;0,0;0,0;177340606;25,3;34,7;38,0;2020-08-16 07:55:06;E10,903095;N48,326080;472,400;300;SW V1-11 (2020-06-17);2019-06-11 14:16:04;original set-up
2020-08-16 10:00:06;SN19017;measure;9,13;8,26;7,88;35892,6;2726,2;472,3;97,2;132,0;86,8;27,8;10,4;10,4;3,5;0,0;0,0;3,5;0,0;0,0;0,0;0,0;0,0;0,0;0,0;0,0;0,0;0,0;0,0;177340606;25,4;35,4;36,9;2020-08-16 08:00:06;E10,903093;N48,326075;473,600;300;SW V1-11 (2020-06-17);2019-06-11 14:16:04;original set-up
2020-08-16 10:05:06;SN19017;measure;8,41;8,06;7,60;34392,3;2524,8;503,6;135,4;114,6;59,0;66,0;0,0;10,4;3,5;0,0;0,0;0,0;0,0;0,0;0,0;0,0;0,0;0,0;0,0;0,0;0,0;0,0;0,0;177340606;25,6;36,0;35,6;2020-08-16 08:05:06;E10,903093;N48,326072;474,800;300;SW V1-11 (2020-06-17);2019-06-11 14:16:04;original set-up
2020-08-16 10:10:06;SN19017;measure;8,66;8,17;7,80;34513,8;2524,8;458,4;83,4;107,7;83,4;31,3;6,9;6,9;6,9;0,0;0,0;0,0;0,0;0,0;0,0;0,0;0,0;0,0;0,0;0,0;0,0;0,0;0,0;177340606;26,2;36,5;34,7;2020-08-16 08:10:06;E10,903095;N48,326067;476,000;300;SW V1-11 (2020-06-17);2019-06-11 14:16:04;original set-up
2020-08-16 10:15:06;SN19017;measure;8,79;8,29;7,85;35276,2;2667,2;517,0;121,2;124,8;92,7;42,8;3,6;10,7;0,0;3,6;0,0;0,0;0,0;0,0;0,0;0,0;0,0;0,0;0,0;0,0;0,0;0,0;0,0;177340606;25,8;37,0;33,9;2020-08-16 08:15:06;E10,903097;N48,326062;477,300;300;SW V1-11 (2020-06-17);2019-06-11 14:16:04;original set-up
2020-08-16 10:20:06;SN19017;measure;8,97;8,21;7,78;35197,5;2353,5;504,6;97,3;118,9;108,1;36,0;10,8;0,0;10,8;3,6;0,0;0,0;0,0;0,0;0,0;0,0;0,0;0,0;0,0;0,0;0,0;0,0;0,0;177340606;25,7;37,5;32,9;2020-08-16 08:20:06;E10,903098;N48,326058;478,700;300;SW V1-11 (2020-06-17);2019-06-11 14:16:04;original set-up
2020-08-16 10:25:06;SN19017;measure;9,02;8,39;7,91;35119,3;2250,5;387,8;79,7;108,7;79,7;50,7;18,1;14,5;3,6;0,0;0,0;0,0;0,0;0,0;0,0;0,0;0,0;0,0;0,0;0,0;0,0;0,0;0,0;177340606;26,2;37,9;32,2;2020-08-16 08:25:06;E10,903098;N48,326055;480,000;300;SW V1-11 (2020-06-17);2019-06-11 14:16:04;original set-up
2020-08-16 10:30:06;SN19017;measure;7,93;7,89;7,51;33323,0;2167,0;392,6;129,6;100,0;74,1;40,7;3,7;0,0;0,0;0,0;0,0;0,0;0,0;0,0;0,0;0,0;0,0;0,0;0,0;0,0;0,0;0,0;0,0;177340606;26,5;38,3;32,0;2020-08-16 08:30:06;E10,903098;N48,326050;481,500;300;SW V1-11 (2020-06-17);2019-06-11 14:16:04;original set-up
2020-08-16 10:35:06;SN19017;measure;8,26;7,63;7,28;32871,8;2179,5;383,6;107,5;136,2;78,9;17,9;14,3;7,2;0,0;3,6;0,0;0,0;3,6;0,0;0,0;0,0;0,0;3,6;0,0;0,0;0,0;0,0;0,0;177340606;26,2;38,8;31,5;2020-08-16 08:35:06;E10,903097;N48,326047;483,000;300;SW V1-11 (2020-06-17);2019-06-11 14:16:04;original set-up
2020-08-16 10:40:06;SN19017;measure;8,86;8,17;7,80;34930,9;2344,7;384,1;126,8;108,7;54,4;32,6;10,9;14,5;7,2;0,0;0,0;0,0;0,0;0,0;0,0;0,0;3,6;0,0;0,0;0,0;0,0;0,0;0,0;177340606;26,2;39,2;30,6;2020-08-16 08:40:06;E10,903095;N48,326042;484,600;300;SW V1-11 (2020-06-17);2019-06-11 14:16:04;original set-up
2020-08-16 10:45:06;SN19017;measure;8,01;7,42;7,04;31717,5;2078,2;363,0;100,0;88,9;85,2;33,3;7,4;3,7;3,7;0,0;3,7;0,0;0,0;0,0;0,0;0,0;0,0;0,0;0,0;0,0;0,0;0,0;0,0;177340606;26,1;39,5;30,0;2020-08-16 08:45:06;E10,903095;N48,326038;485,800;300;SW V1-11 (2020-06-17);2019-06-11 14:16:04;original set-up
2020-08-16 10:50:06;SN19017;measure;8,50;7,95;7,60;33774,6;2287,7;402,4;92,0;76,6;57,5;42,2;7,7;0,0;0,0;0,0;0,0;3,8;0,0;0,0;0,0;0,0;0,0;0,0;0,0;0,0;0,0;0,0;0,0;177340606;26,3;39,7;29,4;2020-08-16 08:50:06;E10,903093;N48,326037;487,000;300;SW V1-11 (2020-06-17);2019-06-11 14:16:04;original set-up
2020-08-16 10:55:06;SN19017;measure;8,23;7,82;7,46;33042,8;1981,3;350,5;91,4;91,4;72,4;30,5;15,2;0,0;0,0;3,8;0,0;0,0;0,0;0,0;0,0;0,0;0,0;0,0;0,0;0,0;0,0;0,0;0,0;177340606;26,5;39,9;29,1;2020-08-16 08:55:06;E10,903093;N48,326035;488,100;300;SW V1-11 (2020-06-17);2019-06-11 14:16:04;original set-up
2020-08-16 11:00:06;SN19017;measure;8,22;7,72;7,33;32764,6;1973,7;396,3;91,4;99,1;61,0;49,5;3,8;7,6;7,6;0,0;0,0;0,0;0,0;3,8;0,0;0,0;0,0;0,0;0,0;0,0;0,0;0,0;0,0;177340606;26,2;40,1;28,9;2020-08-16 09:00:06;E10,903093;N48,326033;489,100;300;SW V1-11 (2020-06-17);2019-06-11 14:16:04;original set-up
2020-08-16 11:05:06;SN19017;measure;8,42;8,12;7,81;34620,3;2129,9;377,2;102,9;106,7;49,5;26,7;7,6;3,8;3,8;0,0;0,0;0,0;0,0;0,0;0,0;0,0;0,0;0,0;0,0;0,0;0,0;0,0;0,0;177340606;26,4;40,3;28,5;2020-08-16 09:05:06;E10,903097;N48,326032;490,000;300;SW V1-11 (2020-06-17);2019-06-11 14:16:04;original set-up
2020-08-16 11:10:06;SN19017;measure;8,50;7,86;7,48;32524,6;2084,2;419,1;72,4;110,5;49,5;41,9;15,2;7,6;0,0;0,0;3,8;0,0;0,0;0,0;0,0;0,0;0,0;0,0;0,0;0,0;0,0;0,0;0,0;177340606;27,0;40,4;28,5;2020-08-16 09:10:06;E10,903097;N48,326030;490,700;300;SW V1-11 (2020-06-17);2019-06-11 14:16:04;original set-up
2020-08-16 11:15:06;SN19017;measure;8,69;7,59;7,26;31230,8;1809,8;358,1;80,0;91,4;53,3;30,5;3,8;19,1;7,6;0,0;3,8;0,0;0,0;0,0;0,0;0,0;0,0;0,0;0,0;0,0;0,0;0,0;0,0;177340606;27,4;40,5;28,3;2020-08-16 09:15:06;E10,903097;N48,326030;491,400;300;SW V1-11 (2020-06-17);2019-06-11 14:16:04;original set-up
2020-08-16 11:20:06;SN19017;measure;8,72;7,66;7,28;31526,3;1798,5;388,6;91,4;102,9;61,0;34,3;15,2;7,6;3,8;3,8;3,8;0,0;0,0;0,0;0,0;0,0;3,8;0,0;0,0;0,0;0,0;0,0;0,0;177340606;27,4;40,7;28,4;2020-08-16 09:20:06;E10,903098;N48,326028;492,100;300;SW V1-11 (2020-06-17);2019-06-11 14:16:04;original set-up
2020-08-16 11:25:06;SN19017;measure;8,51;7,40;6,97;30497,5;1581,3;358,2;125,7;141,0;61,0;38,1;22,9;0,0;3,8;0,0;7,6;0,0;3,8;0,0;0,0;0,0;0,0;0,0;0,0;0,0;0,0;0,0;0,0;177340606;27,2;41,0;28,1;2020-08-16 09:25:06;E10,903097;N48,326028;492,700;300;SW V1-11 (2020-06-17);2019-06-11 14:16:04;original set-up
2020-08-16 11:30:06;SN19017;measure;7,23;6,91;6,53;28299,0;1436,5;285,8;76,2;95,3;64,8;41,9;7,6;3,8;3,8;0,0;0,0;0,0;0,0;3,8;0,0;0,0;0,0;0,0;0,0;0,0;0,0;0,0;0,0;177340606;27,6;41,3;27,6;2020-08-16 09:30:06;E10,903097;N48,326027;493,400;300;SW V1-11 (2020-06-17);2019-06-11 14:16:04;original set-up
2020-08-16 11:35:06;SN19017;measure;7,52;6,82;6,49;28197,6;1488,6;314,0;77,5;69,8;58,1;34,9;7,8;3,9;0,0;7,8;0,0;0,0;0,0;0,0;0,0;0,0;0,0;0,0;0,0;0,0;3,9;0,0;0,0;177340606;27,5;41,5;27,4;2020-08-16 09:35:06;E10,903097;N48,326025;494,000;300;SW V1-11 (2020-06-17);2019-06-11 14:16:04;original set-up
2020-08-16 11:40:06;SN19017;measure;8,34;7,23;6,92;29424,0;1615,0;343,0;127,2;96,4;30,8;27,0;11,6;7,7;7,7;0,0;0,0;3,9;0,0;0,0;0,0;0,0;0,0;0,0;0,0;0,0;0,0;0,0;0,0;177340606;27,9;41,7;26,6;2020-08-16 09:40:06;E10,903097;N48,326023;494,400;300;SW V1-11 (2020-06-17);2019-06-11 14:16:04;original set-up
2020-08-16 11:45:06;SN19017;measure;7,42;7,25;6,98;30140,5;1657,1;432,8;105,3;93,6;46,8;19,5;7,8;3,9;0,0;0,0;0,0;0,0;0,0;0,0;0,0;0,0;0,0;0,0;0,0;0,0;0,0;0,0;0,0;177340606;27,4;41,8;26,6;2020-08-16 09:45:06;E10,903095;N48,326023;494,700;300;SW V1-11 (2020-06-17);2019-06-11 14:16:04;original set-up
2020-08-16 11:50:06;SN19017;measure;7,47;7,18;6,84;29329,4;1522,9;292,0;82,9;102,6;47,3;31,6;11,8;7,9;0,0;0,0;0,0;0,0;0,0;0,0;0,0;0,0;0,0;0,0;0,0;0,0;0,0;0,0;0,0;177340606;27,9;42,0;26,5;2020-08-16 09:50:06;E10,903097;N48,326022;495,000;300;SW V1-11 (2020-06-17);2019-06-11 14:16:04;original set-up
2020-08-16 11:55:06;SN19017;measure;7,88;7,26;6,90;29096,7;1426,5;226,3;109,1;101,0;88,9;16,2;12,1;4,0;0,0;4,0;0,0;0,0;4,0;0,0;0,0;0,0;0,0;0,0;0,0;0,0;0,0;0,0;0,0;177340606;28,6;42,1;26,5;2020-08-16 09:55:06;E10,903095;N48,326018;495,300;300;SW V1-11 (2020-06-17);2019-06-11 14:16:04;original set-up
2020-08-16 12:00:06;SN19017;measure;7,71;7,11;6,69;28057,5;1365,5;379,3;83,8;83,8;71,9;31,9;24,0;8,0;4,0;0,0;0,0;0,0;0,0;0,0;0,0;0,0;0,0;0,0;0,0;0,0;0,0;0,0;0,0;177340606;28,8;42,3;26,2;2020-08-16 10:00:06;E10,903093;N48,326017;495,500;300;SW V1-11 (2020-06-17);2019-06-11 14:16:04;original set-up
2020-08-16 12:05:06;SN19017;measure;8,68;6,70;6,31;26264,7;1409,5;339,4;95,8;127,8;55,9;27,9;20,0;4,0;4,0;4,0;8,0;4,0;0,0;0,0;0,0;0,0;0,0;0,0;0,0;0,0;0,0;0,0;0,0;177340606;29,0;42,5;25,9;2020-08-16 10:05:06;E10,903092;N48,326015;495,800;300;SW V1-11 (2020-06-17);2019-06-11 14:16:04;original set-up
2020-08-16 12:10:06;SN19017;measure;7,83;7,20;6,85;28538,0;1594,4;360,3;82,8;66,3;78,7;24,8;8,3;8,3;0,0;0,0;4,1;0,0;0,0;4,1;0,0;0,0;0,0;0,0;0,0;0,0;0,0;0,0;0,0;177340606;28,8;42,8;25,3;2020-08-16 10:10:06;E10,903092;N48,326015;496,100;300;SW V1-11 (2020-06-17);2019-06-11 14:16:04;original set-up
2020-08-16 12:15:06;SN19017;measure;7,91;6,99;6,69;28009,9;1502,5;307,4;86,6;90,9;56,3;8,7;21,6;8,7;4,3;4,3;0,0;0,0;0,0;0,0;0,0;0,0;0,0;0,0;0,0;0,0;0,0;0,0;0,0;177340606;28,6;42,9;25,1;2020-08-16 10:15:06;E10,903093;N48,326013;496,300;300;SW V1-11 (2020-06-17);2019-06-11 14:16:04;original set-up
2020-08-16 12:20:06;SN19017;measure;7,91;7,18;6,81;27882,0;1616,2;348,9;66,2;92,7;75,1;35,3;0,0;8,8;4,4;4,4;0,0;0,0;0,0;0,0;0,0;0,0;0,0;0,0;4,4;0,0;0,0;0,0;0,0;177340606;29,4;43,0;24,7;2020-08-16 10:20:06;E10,903093;N48,326012;496,500;300;SW V1-11 (2020-06-17);2019-06-11 14:16:04;original set-up
2020-08-16 12:25:06;SN19017;measure;7,41;6,83;6,46;26330,3;1507,8;339,9;108,9;91,5;56,7;34,9;8,7;4,4;0,0;0,0;4,4;0,0;0,0;0,0;0,0;0,0;0,0;0,0;0,0;0,0;0,0;0,0;0,0;177340606;29,6;43,1;24,6;2020-08-16 10:25:06;E10,903095;N48,326013;496,700;300;SW V1-11 (2020-06-17);2019-06-11 14:16:04;original set-up
2020-08-16 12:30:06;SN19017;measure;7,35;6,86;6,41;26302,5;1435,5;335,5;76,4;89,2;63,7;46,7;8,5;17,0;0,0;0,0;0,0;0,0;0,0;0,0;0,0;0,0;0,0;0,0;0,0;0,0;0,0;0,0;0,0;177340606;29,6;43,3;24,7;2020-08-16 10:30:06;E10,903097;N48,326012;497,000;300;SW V1-11 (2020-06-17);2019-06-11 14:16:04;original set-up
2020-08-16 12:35:06;SN19017;measure;7,21;6,50;6,16;24939,2;1239,5;307,7;81,2;94,0;42,7;29,9;8,5;12,8;0,0;4,3;0,0;0,0;0,0;0,0;0,0;0,0;4,3;0,0;0,0;0,0;0,0;0,0;0,0;177340606;30,1;43,5;24,2;2020-08-16 10:35:06;E10,903097;N48,326012;497,100;300;SW V1-11 (2020-06-17);2019-06-11 14:16:04;original set-up
2020-08-16 12:40:06;SN19017;measure;6,77;6,17;5,92;24076,4;1400,7;353,5;76,1;71,6;17,9;26,9;9,0;4,5;0,0;0,0;4,5;0,0;0,0;0,0;0,0;0,0;0,0;0,0;0,0;0,0;0,0;0,0;0,0;177340606;29,8;43,6;24,1;2020-08-16 10:40:06;E10,903098;N48,326010;497,100;300;SW V1-11 (2020-06-17);2019-06-11 14:16:04;original set-up
2020-08-16 12:45:06;SN19017;measure;7,78;7,04;6,67;27104,3;1499,1;277,4;98,4;80,5;53,7;26,8;17,9;8,9;0,0;4,5;0,0;0,0;0,0;0,0;0,0;0,0;0,0;0,0;0,0;0,0;0,0;0,0;0,0;177340606;29,9;43,7;23,8;2020-08-16 10:45:06;E10,903100;N48,326010;497,000;300;SW V1-11 (2020-06-17);2019-06-11 14:16:04;original set-up
2020-08-16 12:50:06;SN19017;measure;7,51;6,34;6,08;24500,4;1396,7;324,4;72,1;81,1;36,0;13,5;13,5;9,0;4,5;0,0;0,0;4,5;0,0;0,0;0,0;0,0;0,0;0,0;0,0;0,0;0,0;0,0;0,0;177340606;30,4;43,8;23,8;2020-08-16 10:50:06;E10,903100;N48,326010;496,900;300;SW V1-11 (2020-06-17);2019-06-11 14:16:04;original set-up
2020-08-16 12:55:06;SN19017;measure;8,38;6,80;6,43;26149,4;1482,3;364,9;94,6;76,6;54,1;31,5;4,5;22,5;9,0;0,0;0,0;4,5;0,0;0,0;0,0;0,0;0,0;0,0;0,0;0,0;0,0;0,0;0,0;177340606;29,8;43,8;23,7;2020-08-16 10:55:06;E10,903102;N48,326010;496,800;300;SW V1-11 (2020-06-17);2019-06-11 14:16:04;original set-up
2020-08-16 13:00:06;SN19017;measure;7,22;6,97;6,65;27091,5;1430,7;331,2;101,6;101,6;66,2;17,7;4,4;8,8;0,0;0,0;0,0;0,0;0,0;0,0;0,0;0,0;0,0;0,0;0,0;0,0;0,0;0,0;0,0;177340606;29,9;44,0;23,8;2020-08-16 11:00:06;E10,903103;N48,326005;497,700;300;SW V1-11 (2020-06-17);2019-06-11 14:16:04;original set-up
2020-08-16 13:05:06;SN19017;measure;7,95;7,48;7,09;29848,4;1702,4;360,0;71,1;97,8;71,1;31,1;17,8;4,4;4,4;0,0;0,0;0,0;0,0;0,0;0,0;0,0;0,0;0,0;0,0;0,0;0,0;0,0;0,0;177340606;28,4;43,8;24,1;2020-08-16 11:05:06;E10,903105;N48,326000;498,800;300;SW V1-11 (2020-06-17);2019-06-11 14:16:04;original set-up
2020-08-16 13:10:06;SN19017;measure;9,27;7,92;7,46;30651,3;1604,6;361,4;90,3;111,9;73,1;51,6;8,6;0,0;4,3;4,3;8,6;0,0;0,0;0,0;0,0;0,0;0,0;0,0;0,0;0,0;0,0;0,0;0,0;177340606;29,4;43,6;24,0;2020-08-16 11:10:06;E10,903107;N48,325995;500,300;300;SW V1-11 (2020-06-17);2019-06-11 14:16:04;original set-up
2020-08-16 13:15:06;SN19017;measure;8,97;8,06;7,69;31236,4;1725,1;400,1;98,9;107,5;38,7;34,4;12,9;8,6;4,3;0,0;4,3;0,0;0,0;0,0;0,0;0,0;0,0;0,0;0,0;0,0;0,0;0,0;0,0;177340606;30,1;43,5;24,4;2020-08-16 11:15:06;E10,903105;N48,325977;507,700;300;SW V1-11 (2020-06-17);2019-06-11 14:16:04;original set-up
2020-08-16 13:20:06;SN19017;measure;8,85;7,97;7,51;30827,7;1578,8;335,6;60,2;77,4;55,9;60,2;12,9;4,3;0,0;8,6;0,0;0,0;0,0;0,0;4,3;0,0;0,0;0,0;0,0;0,0;0,0;0,0;0,0;177340606;29,9;43,2;25,0;2020-08-16 11:20:06;E10,903108;N48,325970;510,300;300;SW V1-11 (2020-06-17);2019-06-11 14:16:04;original set-up
2020-08-16 13:25:06;SN19017;measure;8,02;7,40;6,99;28280,9;1643,3;318,3;68,8;81,7;47,3;30,1;30,1;12,9;0,0;0,0;0,0;0,0;0,0;0,0;0,0;0,0;0,0;0,0;0,0;0,0;0,0;0,0;0,0;177340606;30,5;43,1;25,1;2020-08-16 11:25:06;E10,903110;N48,325972;510,900;300;SW V1-11 (2020-06-17);2019-06-11 14:16:04;original set-up
2020-08-16 13:30:06;SN19017;measure;8,29;6,82;6,45;25996,6;1393,8;339,9;81,7;47,3;60,2;34,4;8,6;8,6;0,0;0,0;0,0;8,6;0,0;0,0;0,0;0,0;0,0;0,0;0,0;0,0;0,0;0,0;0,0;177340606;30,3;43,2;24,4;2020-08-16 11:30:06;E10,903107;N48,325980;509,400;300;SW V1-11 (2020-06-17);2019-06-11 14:16:04;original set-up
2020-08-16 13:35:06;SN19017;measure;8,21;7,25;6,95;28012,2;1489,7;316,5;101,3;101,3;46,4;21,1;8,4;4,2;0,0;8,4;0,0;0,0;4,2;0,0;0,0;0,0;0,0;0,0;0,0;0,0;0,0;0,0;0,0;177340606;30,1;43,4;23,9;2020-08-16 11:35:06;E10,903108;N48,325987;508,200;300;SW V1-11 (2020-06-17);2019-06-11 14:16:04;original set-up
2020-08-16 13:40:06;SN19017;measure;7,93;7,15;6,88;28467,2;1410,5;401,8;102,6;64,1;64,1;17,1;0,0;4,3;8,5;4,3;0,0;0,0;0,0;4,3;0,0;0,0;0,0;0,0;0,0;0,0;0,0;0,0;0,0;177340606;28,8;43,7;23,6;2020-08-16 11:40:06;E10,903105;N48,325992;507,400;300;SW V1-11 (2020-06-17);2019-06-11 14:16:04;original set-up
2020-08-16 13:45:06;SN19017;measure;8,01;7,34;6,98;28071,4;1434,5;359,7;87,7;109,7;65,8;26,3;13,2;0,0;4,4;4,4;0,0;0,0;0,0;0,0;0,0;0,0;4,4;0,0;0,0;0,0;0,0;0,0;0,0;177340606;30,0;43,6;23,3;2020-08-16 11:45:06;E10,903108;N48,325988;508,400;300;SW V1-11 (2020-06-17);2019-06-11 14:16:04;original set-up
2020-08-16 13:50:06;SN19017;measure;7,55;6,91;6,59;26191,5;1269,4;371,8;81,2;72,7;64,1;25,6;0,0;12,8;0,0;4,3;0,0;0,0;0,0;0,0;0,0;0,0;0,0;0,0;0,0;0,0;0,0;0,0;0,0;177340606;30,9;43,4;23,9;2020-08-16 11:50:06;E10,903105;N48,325990;508,400;300;SW V1-11 (2020-06-17);2019-06-11 14:16:04;original set-up
2020-08-16 13:55:06;SN19017;measure;8,26;7,12;6,81;27504,4;1418,6;353,5;107,4;102,9;35,8;31,3;0,0;9,0;4,5;4,5;4,5;0,0;0,0;0,0;0,0;0,0;0,0;0,0;0,0;0,0;0,0;0,0;0,0;177340606;29,5;43,4;23,3;2020-08-16 11:55:06;E10,903102;N48,325995;507,700;300;SW V1-11 (2020-06-17);2019-06-11 14:16:04;original set-up
2020-08-16 14:00:06;SN19017;measure;9,06;8,40;7,97;31626,0;1611,1;411,7;76,1;98,5;44,8;49,2;13,4;4,5;0,0;0,0;4,5;0,0;0,0;0,0;0,0;0,0;0,0;0,0;0,0;0,0;0,0;0,0;0,0;177340606;31,0;43,7;23,4;2020-08-16 12:00:06;E10,903102;N48,326000;506,000;300;SW V1-11 (2020-06-17);2019-06-11 14:16:04;original set-up
2020-08-16 14:05:06;SN19017;measure;9,25;8,32;7,99;31793,9;1713,9;429,6;89,5;111,9;26,8;26,8;8,9;17,9;0,0;0,0;4,5;0,0;0,0;0,0;0,0;0,0;0,0;4,5;0,0;0,0;0,0;0,0;0,0;177340606;31,4;43,8;24,1;2020-08-16 12:05:06;E10,903102;N48,326005;504,600;300;SW V1-11 (2020-06-17);2019-06-11 14:16:04;original set-up
2020-08-16 14:10:06;SN19017;measure;8,87;7,36;6,96;27905,1;1612,2;351,7;54,8;123,3;50,2;41,1;13,7;0,0;4,6;4,6;9,1;0,0;0,0;0,0;0,0;0,0;0,0;0,0;0,0;0,0;0,0;0,0;0,0;177340606;31,1;44,1;23,9;2020-08-16 12:10:06;E10,903098;N48,326010;503,300;300;SW V1-11 (2020-06-17);2019-06-11 14:16:04;original set-up
2020-08-16 14:15:06;SN19017;measure;8,82;7,49;7,15;28735,3;1430,7;328,7;88,0;97,2;41,7;27,8;4,6;18,5;4,6;0,0;0,0;4,6;0,0;0,0;0,0;0,0;0,0;0,0;0,0;0,0;0,0;0,0;0,0;177340606;30,9;44,4;23,5;2020-08-16 12:15:06;E10,903097;N48,326013;502,200;300;SW V1-11 (2020-06-17);2019-06-11 14:16:04;original set-up
2020-08-16 14:20:06;SN19017;measure;9,30;7,58;7,22;28553,7;1680,7;338,0;59,4;82,2;54,8;32,0;13,7;4,6;9,1;13,7;0,0;0,0;0,0;0,0;0,0;0,0;0,0;0,0;0,0;0,0;0,0;0,0;0,0;177340606;31,8;44,6;23,1;2020-08-16 12:20:06;E10,903093;N48,326013;502,000;300;SW V1-11 (2020-06-17);2019-06-11 14:16:04;original set-up
2020-08-16 14:25:06;SN19017;measure;7,55;7,18;6,77;26874,3;1469,6;371,9;72,6;99,8;63,5;36,3;13,6;9,1;0,0;0,0;0,0;0,0;0,0;0,0;0,0;0,0;0,0;0,0;0,0;0,0;0,0;0,0;0,0;177340606;31,8;44,7;23,4;2020-08-16 12:25:06;E10,903093;N48,326017;501,400;300;SW V1-11 (2020-06-17);2019-06-11 14:16:04;original set-up
2020-08-16 14:30:06;SN19017;measure;7,49;7,08;6,81;27131,9;1471,6;381,7;92,0;92,0;46,0;23,0;0,0;0,0;0,0;0,0;4,6;0,0;0,0;0,0;0,0;0,0;0,0;0,0;0,0;0,0;0,0;0,0;0,0;177340606;31,3;44,9;22,8;2020-08-16 12:30:06;E10,903093;N48,326017;500,800;300;SW V1-11 (2020-06-17);2019-06-11 14:16:04;original set-up
2020-08-16 14:35:06;SN19017;measure;7,72;7,40;7,05;28156,9;1499,1;430,3;85,1;85,1;75,7;28,4;0,0;4,7;4,7;0,0;0,0;0,0;0,0;0,0;0,0;0,0;4,7;0,0;0,0;0,0;0,0;0,0;0,0;177340606;31,1;45,2;22,5;2020-08-16 12:35:06;E10,903093;N48,326018;500,200;300;SW V1-11 (2020-06-17);2019-06-11 14:16:04;original set-up
2020-08-16 14:40:06;SN19017;measure;7,79;7,21;6,87;26996,0;1507,3;422,6;93,9;98,6;65,7;18,8;9,4;4,7;0,0;4,7;0,0;0,0;0,0;0,0;0,0;0,0;0,0;0,0;0,0;0,0;0,0;0,0;0,0;177340606;31,9;45,4;21,9;2020-08-16 12:40:06;E10,903092;N48,326018;499,800;300;SW V1-11 (2020-06-17);2019-06-11 14:16:04;original set-up
2020-08-16 14:45:06;SN19017;measure;7,16;7,05;6,72;26078,8;1627,9;400,1;101,2;82,8;36,8;36,8;0,0;4,6;0,0;0,0;0,0;0,0;0,0;0,0;0,0;0,0;0,0;0,0;0,0;0,0;0,0;0,0;0,0;177340606;32,8;45,5;21,9;2020-08-16 12:45:06;E10,903093;N48,326018;499,400;300;SW V1-11 (2020-06-17);2019-06-11 14:16:04;original set-up
2020-08-16 14:50:06;SN19017;measure;8,01;7,16;6,83;27338,8;1508,6;392,5;66,2;89,9;70,9;14,2;18,9;0,0;0,0;0,0;0,0;4,7;0,0;0,0;0,0;0,0;0,0;0,0;0,0;0,0;0,0;0,0;0,0;177340606;31,1;45,7;22,0;2020-08-16 12:50:06;E10,903092;N48,326020;499,000;300;SW V1-11 (2020-06-17);2019-06-11 14:16:04;original set-up
2020-08-16 14:55:06;SN19017;measure;8,73;7,32;6,91;26914,9;1559,0;335,8;81,5;91,1;52,8;43,2;14,4;0,0;9,6;4,8;4,8;0,0;0,0;0,0;0,0;0,0;0,0;0,0;0,0;0,0;0,0;0,0;0,0;177340606;32,6;45,8;21,3;2020-08-16 12:55:06;E10,903090;N48,326022;498,800;300;SW V1-11 (2020-06-17);2019-06-11 14:16:04;original set-up
2020-08-16 15:00:06;SN19017;measure;7,75;7,09;6,77;26597,9;1585,5;340,8;69,1;79,0;64,2;14,8;14,8;4,9;0,0;4,9;0,0;0,0;0,0;0,0;0,0;0,0;0,0;0,0;0,0;0,0;0,0;0,0;0,0;177340606;32,0;46,0;21,2;2020-08-16 13:00:06;E10,903090;N48,326023;498,800;300;SW V1-11 (2020-06-17);2019-06-11 14:16:04;original set-up
2020-08-16 15:05:06;SN19017;measure;6,96;6,80;6,50;25268,1;1524,7;377,5;78,4;78,4;49,0;19,6;14,7;0,0;0,0;0,0;0,0;0,0;0,0;0,0;0,0;0,0;0,0;0,0;0,0;0,0;0,0;0,0;0,0;177340606;32,2;46,1;20,6;2020-08-16 13:05:06;E10,903087;N48,326023;499,100;300;SW V1-11 (2020-06-17);2019-06-11 14:16:04;original set-up
2020-08-16 15:10:06;SN19017;measure;9,17;7,30;6,85;26460,9;1501,5;383,8;86,3;105,5;57,6;38,4;14,4;14,4;4,8;14,4;0,0;0,0;0,0;0,0;0,0;0,0;0,0;0,0;0,0;0,0;0,0;0,0;0,0;177340606;32,7;46,0;20,5;2020-08-16 13:10:06;E10,903087;N48,326023;498,700;300;SW V1-11 (2020-06-17);2019-06-11 14:16:04;original set-up
2020-08-16 15:15:06;SN19017;measure;7,62;7,46;7,06;27406,4;1439,9;352,7;72,5;58,0;53,2;43,5;14,5;0,0;0,0;0,0;0,0;0,0;0,0;0,0;0,0;0,0;0,0;0,0;0,0;0,0;0,0;0,0;0,0;177340606;32,7;46,1;20,6;2020-08-16 13:15:06;E10,903087;N48,326025;498,300;300;SW V1-11 (2020-06-17);2019-06-11 14:16:04;original set-up
2020-08-16 15:20:06;SN19017;measure;7,63;7,20;6,90;26676,8;1486,0;381,0;104,8;100,0;33,3;19,1;14,3;4,8;0,0;0,0;0,0;0,0;4,8;4,8;0,0;0,0;0,0;0,0;0,0;0,0;0,0;0,0;0,0;177340606;32,9;46,3;20,6;2020-08-16 13:20:06;E10,903085;N48,326025;498,200;300;SW V1-11 (2020-06-17);2019-06-11 14:16:04;original set-up
2020-08-16 15:25:06;SN19017;measure;8,40;7,00;6,74;26307,4;1421,8;367,7;73,5;68,6;34,3;14,7;14,7;4,9;14,7;0,0;4,9;0,0;0,0;0,0;0,0;0,0;0,0;0,0;0,0;0,0;0,0;0,0;0,0;177340606;32,4;46,4;20,5;2020-08-16 13:25:06;E10,903082;N48,326025;498,400;300;SW V1-11 (2020-06-17);2019-06-11 14:16:04;original set-up
2020-08-16 15:30:06;SN19017;measure;8,26;7,11;6,75;26346,4;1380,1;351,5;67,2;108,5;56,9;20,7;15,5;10,3;0,0;0,0;0,0;5,2;0,0;0,0;0,0;0,0;0,0;0,0;0,0;0,0;0,0;0,0;0,0;177340606;32,2;46,4;20,3;2020-08-16 13:30:06;E10,903082;N48,326025;498,100;300;SW V1-11 (2020-06-17);2019-06-11 14:16:04;original set-up
2020-08-16 15:35:06;SN19017;measure;7,13;6,55;6,30;24400,9;1203,2;305,8;65,2;100,3;35,1;20,1;0,0;5,0;10,0;0,0;0,0;0,0;0,0;0,0;0,0;0,0;0,0;0,0;0,0;0,0;0,0;0,0;0,0;177340606;33,1;46,5;20,3;2020-08-16 13:35:06;E10,903082;N48,326025;497,800;300;SW V1-11 (2020-06-17);2019-06-11 14:16:04;original set-up
2020-08-16 15:40:06;SN19017;measure;8,37;6,95;6,51;25121,3;1164,3;271,8;87,2;123,1;41,0;35,9;25,6;10,3;10,3;5,1;0,0;0,0;0,0;0,0;0,0;0,0;0,0;0,0;0,0;0,0;0,0;0,0;0,0;177340606;33,2;46,6;20,1;2020-08-16 13:40:06;E10,903083;N48,326025;497,400;300;SW V1-11 (2020-06-17);2019-06-11 14:16:04;original set-up
2020-08-16 15:45:06;SN19017;measure;6,28;6,23;6,00;23282,9;1128,0;275,7;20,1;80,2;40,1;20,1;5,0;0,0;0,0;0,0;0,0;0,0;0,0;0,0;0,0;0,0;0,0;0,0;0,0;0,0;0,0;0,0;0,0;177340606;33,3;46,8;20,3;2020-08-16 13:45:06;E10,903083;N48,326025;497,400;300;SW V1-11 (2020-06-17);2019-06-11 14:16:04;original set-up
2020-08-16 15:50:06;SN19017;measure;7,96;6,52;6,15;23887,4;1040,2;309,4;112,0;85,4;69,3;26,7;0,0;10,7;0,0;5,3;0,0;5,3;0,0;0,0;0,0;0,0;0,0;0,0;0,0;0,0;0,0;0,0;0,0;177340606;32,7;46,9;19,9;2020-08-16 13:50:06;E10,903085;N48,326027;497,100;300;SW V1-11 (2020-06-17);2019-06-11 14:16:04;original set-up
2020-08-16 15:55:06;SN19017;measure;6,55;5,95;5,65;21890,7;997,6;237,8;77,5;56,9;72,4;15,5;10,3;0,0;0,0;0,0;5,2;0,0;0,0;0,0;0,0;0,0;0,0;0,0;0,0;0,0;5,2;0,0;0,0;177340606;33,1;47,1;19,6;2020-08-16 13:55:06;E10,903087;N48,326028;496,700;300;SW V1-11 (2020-06-17);2019-06-11 14:16:04;original set-up
2020-08-16 16:00:06;SN19017;measure;6,70;5,98;5,62;21850,5;954,0;353,9;35,9;92,3;82,1;20,5;10,3;5,1;0,0;0,0;5,1;0,0;0,0;0,0;0,0;0,0;0,0;0,0;0,0;0,0;0,0;0,0;0,0;177340606;33,0;47,3;19,7;2020-08-16 14:00:06;E10,903087;N48,326028;496,200;300;SW V1-11 (2020-06-17);2019-06-11 14:16:04;original set-up
2020-08-16 16:05:06;SN19017;measure;6,45;5,68;5,37;20750,9;916,2;244,3;61,1;101,8;45,8;20,4;10,2;10,2;0,0;5,1;0,0;0,0;0,0;0,0;0,0;0,0;0,0;0,0;0,0;0,0;0,0;0,0;0,0;177340606;33,7;47,5;19,7;2020-08-16 14:05:06;E10,903088;N48,326028;495,900;300;SW V1-11 (2020-06-17);2019-06-11 14:16:04;original set-up
2020-08-16 16:10:06;SN19017;measure;5,87;5,76;5,30;20438,4;873,9;141,4;70,7;70,7;70,7;50,5;10,1;0,0;0,0;0,0;0,0;0,0;0,0;0,0;0,0;0,0;0,0;0,0;0,0;0,0;0,0;0,0;0,0;177340606;33,8;47,6;19,3;2020-08-16 14:10:06;E10,903088;N48,326028;495,500;300;SW V1-11 (2020-06-17);2019-06-11 14:16:04;original set-up
2020-08-16 16:15:06;SN19017;measure;5,77;5,77;5,51;21378,2;892,5;189,0;94,5;105,0;63,0;10,5;0,0;0,0;0,0;0,0;0,0;0,0;0,0;0,0;0,0;0,0;0,0;0,0;0,0;0,0;0,0;0,0;0,0;177340606;33,2;47,7;19,4;2020-08-16 14:15:06;E10,903090;N48,326030;495,100;300;SW V1-11 (2020-06-17);2019-06-11 14:16:04;original set-up
2020-08-16 16:20:06;SN19017;measure;5,74;5,36;5,09;19870,6;874,8;213,4;48,0;96,0;37,3;16,0;10,7;10,7;0,0;0,0;0,0;0,0;0,0;0,0;0,0;0,0;0,0;0,0;0,0;0,0;0,0;0,0;0,0;177340606;32,6;47,9;19,0;2020-08-16 14:20:06;E10,903092;N48,326028;495,800;300;SW V1-11 (2020-06-17);2019-06-11 14:16:04;original set-up
2020-08-16 16:25:06;SN19017;measure;6,37;5,45;5,15;20031,6;892,7;286,6;38,6;115,7;49,6;22,0;0,0;16,5;0,0;0,0;5,5;0,0;0,0;0,0;0,0;0,0;0,0;0,0;0,0;0,0;0,0;0,0;0,0;177340606;32,5;47,8;18,8;2020-08-16 14:25:06;E10,903093;N48,326025;496,800;300;SW V1-11 (2020-06-17);2019-06-11 14:16:04;original set-up
2020-08-16 16:30:06;SN19017;measure;5,78;5,20;4,90;19013,3;881,8;215,1;59,1;80,7;69,9;0,0;16,1;16,1;0,0;0,0;0,0;0,0;0,0;0,0;0,0;0,0;0,0;0,0;0,0;0,0;0,0;0,0;0,0;177340606;32,7;47,9;18,7;2020-08-16 14:30:06;E10,903095;N48,326028;496,200;300;SW V1-11 (2020-06-17);2019-06-11 14:16:04;original set-up
2020-08-16 16:35:06;SN19017;measure;6,17;5,53;5,14;19814,3;775,2;233,1;81,3;65,1;70,5;37,9;0,0;5,4;0,0;0,0;5,4;0,0;0,0;5,4;0,0;0,0;0,0;0,0;0,0;0,0;0,0;0,0;0,0;177340606;33,3;47,8;18,7;2020-08-16 14:35:06;E10,903097;N48,326030;495,500;300;SW V1-11 (2020-06-17);2019-06-11 14:16:04;original set-up
2020-08-16 16:40:06;SN19017;measure;5,98;5,76;5,39;20740,9;934,6;279,8;53,6;89,3;83,3;23,8;6,0;6,0;0,0;0,0;0,0;0,0;0,0;0,0;0,0;0,0;0,0;0,0;0,0;0,0;0,0;0,0;0,0;177340606;33,4;47,8;18,7;2020-08-16 14:40:06;E10,903098;N48,326028;496,100;300;SW V1-11 (2020-06-17);2019-06-11 14:16:04;original set-up
2020-08-16 16:45:06;SN19017;measure;6,16;5,79;5,40;20760,9;847,0;300,4;66,1;102,1;42,1;42,1;6,0;12,0;0,0;0,0;0,0;0,0;0,0;0,0;0,0;0,0;0,0;0,0;0,0;0,0;0,0;0,0;0,0;177340606;33,3;47,8;18,5;2020-08-16 14:45:06;E10,903100;N48,326025;497,100;300;SW V1-11 (2020-06-17);2019-06-11 14:16:04;original set-up
2020-08-16 16:50:06;SN19017;measure;6,50;5,69;5,33;20759,3;755,3;194,7;53,1;100,3;53,1;23,6;17,7;5,9;0,0;5,9;0,0;0,0;0,0;0,0;0,0;0,0;0,0;0,0;0,0;0,0;0,0;0,0;0,0;177340606;32,8;47,7;18,8;2020-08-16 14:50:06;E10,903100;N48,326008;509,700;300;SW V1-11 (2020-06-17);2019-06-11 14:16:04;original set-up
2020-08-16 16:55:06;SN19017;measure;5,70;5,44;5,06;19649,3;763,6;188,1;62,7;91,2;51,3;34,2;11,4;5,7;0,0;0,0;0,0;0,0;0,0;0,0;0,0;0,0;0,0;0,0;0,0;0,0;0,0;0,0;0,0;177340606;32,6;47,6;18,6;2020-08-16 14:55:06;E10,903107;N48,325993;517,000;300;SW V1-11 (2020-06-17);2019-06-11 14:16:04;original set-up
2020-08-16 17:00:06;SN19017;measure;6,62;5,47;5,17;20163,6;781,7;178,2;40,2;74,7;23,0;23,0;17,2;17,2;0,0;0,0;5,7;0,0;0,0;0,0;0,0;0,0;0,0;0,0;0,0;0,0;0,0;0,0;0,0;177340606;32,4;47,4;18,9;2020-08-16 15:00:06;E10,903108;N48,325983;520,200;300;SW V1-11 (2020-06-17);2019-06-11 14:16:04;original set-up
2020-08-16 17:05:06;SN19017;measure;5,48;5,34;5,12;20020,5;815,6;192,9;33,1;82,7;44,1;16,5;0,0;5,5;0,0;0,0;0,0;0,0;0,0;0,0;0,0;0,0;0,0;0,0;0,0;0,0;0,0;0,0;0,0;177340606;31,9;47,2;18,9;2020-08-16 15:05:06;E10,903100;N48,325975;527,200;300;SW V1-11 (2020-06-17);2019-06-11 14:16:04;original set-up
2020-08-16 17:10:06;SN19017;measure;6,16;5,15;4,87;18850,3;772,6;280,5;63,5;84,7;37,0;21,2;10,6;5,3;0,0;0,0;0,0;5,3;0,0;0,0;0,0;0,0;0,0;0,0;0,0;0,0;0,0;0,0;0,0;177340606;32,2;47,0;18,8;2020-08-16 15:10:06;E10,903097;N48,325965;532,200;300;SW V1-11 (2020-06-17);2019-06-11 14:16:04;original set-up
2020-08-16 17:15:06;SN19017;measure;5,88;4,95;4,65;18068,1;687,0;247,5;60,6;80,8;55,6;20,2;0,0;15,2;0,0;5,1;0,0;0,0;5,1;0,0;0,0;0,0;0,0;0,0;0,0;0,0;0,0;0,0;0,0;177340606;32,1;46,8;19,2;2020-08-16 15:15:06;E10,903103;N48,325967;533,800;300;SW V1-11 (2020-06-17);2019-06-11 14:16:04;original set-up
2020-08-16 17:20:06;SN19017;measure;6,04;4,95;4,70;18160,2;747,6;242,5;55,6;65,7;50,5;5,1;20,2;0,0;10,1;5,1;0,0;0,0;0,0;0,0;0,0;0,0;0,0;0,0;0,0;0,0;0,0;0,0;0,0;177340606;32,4;46,5;19,2;2020-08-16 15:20:06;E10,903102;N48,325963;534,100;300;SW V1-11 (2020-06-17);2019-06-11 14:16:04;original set-up
2020-08-16 17:25:06;SN19017;measure;6,70;4,77;4,44;17126,7;761,3;223,9;69,7;59,7;39,8;29,9;10,0;10,0;0,0;5,0;5,0;5,0;0,0;5,0;0,0;0,0;0,0;0,0;0,0;0,0;0,0;0,0;0,0;177340606;32,8;46,3;19,7;2020-08-16 15:25:06;E10,903105;N48,325972;531,300;300;SW V1-11 (2020-06-17);2019-06-11 14:16:04;original set-up
2020-08-16 17:30:06;SN19017;measure;7,36;6,15;5,76;21921,1;1838,9;442,8;109,4;109,4;52,1;20,8;20,8;10,4;5,2;0,0;5,2;0,0;0,0;0,0;0,0;0,0;0,0;0,0;0,0;0,0;0,0;0,0;0,0;177340606;32,2;46,2;19,6;2020-08-16 15:30:06;E10,903118;N48,325977;528,400;300;SW V1-11 (2020-06-17);2019-06-11 14:16:04;original set-up
2020-08-16 17:35:06;SN19017;measure;7,55;5,75;5,50;21187,4;1154,0;287,2;46,2;71,8;35,9;20,5;10,3;0,0;10,3;0,0;5,1;5,1;0,0;0,0;0,0;0,0;0,0;0,0;0,0;0,0;0,0;0,0;0,0;177340606;33,0;46,3;20,0;2020-08-16 15:35:06;E10,903137;N48,325987;522,600;300;SW V1-11 (2020-06-17);2019-06-11 14:16:04;original set-up
2020-08-16 17:40:06;SN19017;measure;6,84;5,35;5,06;19559,5;1000,2;285,8;37,0;74,1;42,3;26,5;10,6;0,0;26,5;0,0;0,0;0,0;5,3;0,0;5,3;0,0;0,0;0,0;0,0;0,0;0,0;0,0;0,0;177340606;32,8;46,3;20,1;2020-08-16 15:40:06;E10,903148;N48,325997;512,400;300;SW V1-11 (2020-06-17);2019-06-11 14:16:04;original set-up
2020-08-16 17:45:06;SN19017;measure;6,00;4,92;4,67;18125,8;677,0;198,5;45,8;61,1;40,7;15,3;10,2;10,2;5,1;0,0;5,1;0,0;0,0;0,0;0,0;0,0;0,0;0,0;0,0;0,0;0,0;0,0;0,0;177340606;32,8;46,5;19,9;2020-08-16 15:45:06;E10,903153;N48,326000;506,900;300;SW V1-11 (2020-06-17);2019-06-11 14:16:04;original set-up
2020-08-16 17:50:06;SN19017;measure;6,76;5,39;5,02;19656,0;816,1;181,4;58,7;96,0;80,0;32,0;0,0;5,3;10,7;0,0;0,0;5,3;0,0;0,0;0,0;0,0;0,0;0,0;0,0;0,0;0,0;0,0;0,0;177340606;32,1;46,6;20,0;2020-08-16 15:50:06;E10,903153;N48,326002;503,100;300;SW V1-11 (2020-06-17);2019-06-11 14:16:04;original set-up
2020-08-16 17:55:06;SN19017;measure;5,87;5,10;4,72;18450,4;672,0;197,9;62,5;83,3;67,7;26,0;15,6;5,2;10,4;0,0;0,0;0,0;0,0;0,0;0,0;0,0;0,0;0,0;0,0;0,0;0,0;0,0;0,0;177340606;32,3;46,7;19,9;2020-08-16 15:55:06;E10,903143;N48,326002;503,000;300;SW V1-11 (2020-06-17);2019-06-11 14:16:04;original set-up
2020-08-16 18:00:06;SN19017;measure;6,17;4,84;4,60;18128,9;696,9;245,7;50,1;75,2;40,1;20,1;5,0;5,0;5,0;0,0;10,0;0,0;0,0;0,0;0,0;0,0;0,0;0,0;0,0;0,0;0,0;0,0;0,0;177340606;31,5;46,6;19,9;2020-08-16 16:00:06;E10,903138;N48,326000;503,900;300;SW V1-11 (2020-06-17);2019-06-11 14:16:04;original set-up
2020-08-16 18:05:06;SN19017;measure;6,34;5,07;4,76;18613,6;651,6;237,4;35,4;60,6;45,5;25,3;15,2;10,1;10,1;5,1;0,0;0,0;0,0;0,0;0,0;0,0;0,0;0,0;0,0;0,0;0,0;0,0;0,0;177340606;32,0;46,5;19,7;2020-08-16 16:05:06;E10,903117;N48,325987;513,500;300;SW V1-11 (2020-06-17);2019-06-11 14:16:04;original set-up
2020-08-16 18:10:06;SN19017;measure;5,79;4,90;4,61;18029,2;661,7;164,1;61,6;97,5;35,9;20,5;5,1;15,4;10,3;0,0;0,0;0,0;0,0;0,0;0,0;0,0;0,0;0,0;0,0;0,0;0,0;0,0;0,0;177340606;32,1;46,2;20,1;2020-08-16 16:10:06;E10,903113;N48,325987;513,800;300;SW V1-11 (2020-06-17);2019-06-11 14:16:04;original set-up
2020-08-16 18:15:06;SN19017;measure;6,02;4,91;4,47;17371,9;651,8;275,7;40,1;100,3;55,1;45,1;15,0;10,0;5,0;0,0;5,0;0,0;0,0;0,0;0,0;0,0;0,0;0,0;0,0;0,0;0,0;0,0;0,0;177340606;32,4;46,0;20,3;2020-08-16 16:15:06;E10,903108;N48,325987;513,400;300;SW V1-11 (2020-06-17);2019-06-11 14:16:04;original set-up
2020-08-16 18:20:06;SN19017;measure;5,08;4,73;4,33;16833,0;676,7;212,4;49,4;69,1;59,3;39,5;9,9;9,9;0,0;0,0;0,0;0,0;0,0;4,9;0,0;0,0;0,0;0,0;0,0;0,0;0,0;0,0;0,0;177340606;32,1;45,9;20,2;2020-08-16 16:20:06;E10,903102;N48,325983;513,200;300;SW V1-11 (2020-06-17);2019-06-11 14:16:04;original set-up
2020-08-16 18:25:06;SN19017;measure;5,50;4,81;4,40;16978,5;736,5;263,7;119,4;79,6;49,8;24,9;29,9;5,0;5,0;0,0;0,0;0,0;0,0;0,0;0,0;0,0;0,0;0,0;0,0;0,0;0,0;0,0;0,0;177340606;32,4;45,8;20,4;2020-08-16 16:25:06;E10,903098;N48,325983;512,900;300;SW V1-11 (2020-06-17);2019-06-11 14:16:04;original set-up
2020-08-16 18:30:06;SN19017;measure;5,88;4,88;4,61;18053,0;750,8;237,1;64,2;79,0;39,5;19,8;9,9;4,9;0,0;9,9;0,0;0,0;0,0;0,0;0,0;0,0;0,0;0,0;0,0;0,0;0,0;0,0;0,0;177340606;31,5;45,7;20,4;2020-08-16 16:30:06;E10,903095;N48,325978;513,100;300;SW V1-11 (2020-06-17);2019-06-11 14:16:04;original set-up
2020-08-16 18:35:06;SN19017;measure;5,29;4,82;4,48;17545,5;707,5;208,7;61,1;76,4;61,1;25,5;10,2;5,1;5,1;0,0;0,0;0,0;0,0;0,0;0,0;0,0;0,0;0,0;0,0;0,0;0,0;0,0;0,0;177340606;31,6;45,6;20,5;2020-08-16 16:35:06;E10,903092;N48,325975;513,400;300;SW V1-11 (2020-06-17);2019-06-11 14:16:04;original set-up
2020-08-16 18:40:06;SN19017;measure;5,58;4,37;4,11;16127,4;722,0;206,9;55,2;64,4;64,4;18,4;0,0;0,0;0,0;4,6;9,2;0,0;0,0;0,0;0,0;0,0;0,0;0,0;0,0;0,0;0,0;0,0;0,0;177340606;31,3;45,4;20,7;2020-08-16 16:40:06;E10,903090;N48,325970;513,700;300;SW V1-11 (2020-06-17);2019-06-11 14:16:04;original set-up
2020-08-16 18:45:06;SN19017;measure;5,62;5,23;4,77;18941,1;842,3;195,5;50,1;130,4;60,2;55,1;5,0;5,0;5,0;0,0;0,0;0,0;0,0;0,0;0,0;0,0;0,0;0,0;0,0;0,0;0,0;0,0;0,0;177340606;30,6;45,3;21,1;2020-08-16 16:45:06;E10,903088;N48,325967;513,700;300;SW V1-11 (2020-06-17);2019-06-11 14:16:04;original set-up
2020-08-16 18:50:06;SN19017;measure;5,73;5,02;4,62;18258,5;768,2;173,9;58,0;101,5;67,6;33,8;14,5;4,8;9,7;0,0;0,0;0,0;0,0;0,0;0,0;0,0;0,0;0,0;0,0;0,0;0,0;0,0;0,0;177340606;30,7;45,0;21,0;2020-08-16 16:50:06;E10,903087;N48,325963;513,400;300;SW V1-11 (2020-06-17);2019-06-11 14:16:04;original set-up
2020-08-16 18:55:06;SN19017;measure;6,34;4,71;4,40;17784,4;685,5;177,2;51,3;60,6;46,6;23,3;14,0;9,3;4,7;0,0;4,7;4,7;0,0;0,0;0,0;0,0;0,0;0,0;0,0;0,0;0,0;0,0;0,0;177340606;29,5;44,5;21,6;2020-08-16 16:55:06;E10,903082;N48,325963;513,200;300;SW V1-11 (2020-06-17);2019-06-11 14:16:04;original set-up
2020-08-16 19:00:06;SN19017;measure;5,63;4,73;4,41;17679,2;770,4;193,7;58,6;63,1;54,1;22,5;13,5;9,0;4,5;4,5;0,0;0,0;0,0;0,0;0,0;0,0;0,0;0,0;0,0;0,0;0,0;0,0;0,0;177340606;29,4;43,9;21,6;2020-08-16 17:00:06;E10,903078;N48,325965;512,500;300;SW V1-11 (2020-06-17);2019-06-11 14:16:04;original set-up
2020-08-16 19:05:06;SN19017;measure;5,16;4,62;4,37;17444,9;747,9;225,3;31,5;36,0;49,6;18,0;13,5;0,0;9,0;0,0;0,0;0,0;0,0;0,0;0,0;0,0;0,0;0,0;0,0;0,0;0,0;0,0;0,0;177340606;29,7;43,2;22,3;2020-08-16 17:05:06;E10,903080;N48,325967;511,500;300;SW V1-11 (2020-06-17);2019-06-11 14:16:04;original set-up
2020-08-16 19:10:06;SN19017;measure;5,74;4,97;4,55;18221,5;820,6;195,8;102,6;69,9;74,6;37,3;9,3;4,7;4,7;4,7;0,0;0,0;0,0;0,0;0,0;0,0;0,0;0,0;0,0;0,0;0,0;0,0;0,0;177340606;29,2;42,6;23,1;2020-08-16 17:10:06;E10,903080;N48,325970;510,500;300;SW V1-11 (2020-06-17);2019-06-11 14:16:04;original set-up
2020-08-16 19:15:06;SN19017;measure;6,14;4,75;4,43;17900,0;621,7;207,2;76,6;63,1;49,6;22,5;18,0;4,5;0,0;9,0;4,5;0,0;0,0;0,0;0,0;0,0;0,0;0,0;0,0;0,0;0,0;0,0;0,0;177340606;28,8;42,1;23,6;2020-08-16 17:15:06;E10,903080;N48,325973;509,200;300;SW V1-11 (2020-06-17);2019-06-11 14:16:04;original set-up
2020-08-16 19:20:06;SN19017;measure;5,89;4,97;4,61;18643,4;793,0;166,7;58,6;103,6;49,6;27,0;13,5;18,0;0,0;4,5;0,0;0,0;0,0;0,0;0,0;0,0;0,0;0,0;0,0;0,0;0,0;0,0;0,0;177340606;28,7;41,6;24,2;2020-08-16 17:20:06;E10,903080;N48,325977;508,000;300;SW V1-11 (2020-06-17);2019-06-11 14:16:04;original set-up
2020-08-16 19:25:06;SN19017;measure;6,93;4,91;4,59;18541,1;856,6;163,4;44,2;88,3;35,3;35,3;4,4;13,2;4,4;17,7;0,0;0,0;4,4;0,0;0,0;0,0;0,0;0,0;0,0;0,0;0,0;0,0;0,0;177340606;28,6;41,0;24,7;2020-08-16 17:25:06;E10,903083;N48,325982;507,000;300;SW V1-11 (2020-06-17);2019-06-11 14:16:04;original set-up
2020-08-16 19:30:06;SN19017;measure;6,67;5,09;4,70;19102,1;769,4;158,2;76,9;68,4;59,8;42,7;12,8;0,0;17,1;4,3;4,3;0,0;0,0;0,0;0,0;0,0;0,0;0,0;0,0;0,0;0,0;0,0;0,0;177340606;28,2;40,5;25,4;2020-08-16 17:30:06;E10,903083;N48,325988;505,800;300;SW V1-11 (2020-06-17);2019-06-11 14:16:04;original set-up
2020-08-16 19:35:06;SN19017;measure;6,01;4,97;4,66;18949,9;886,1;258,8;52,6;74,6;43,9;35,1;4,4;8,8;0,0;0,0;8,8;0,0;0,0;0,0;0,0;0,0;0,0;0,0;0,0;0,0;0,0;0,0;0,0;177340606;27,9;40,0;25,9;2020-08-16 17:35:06;E10,903085;N48,325993;504,600;300;SW V1-11 (2020-06-17);2019-06-11 14:16:04;original set-up
2020-08-16 19:40:06;SN19017;measure;6,05;4,86;4,50;18298,3;841,8;166,7;70,8;95,8;41,7;37,5;8,3;12,5;4,2;8,3;0,0;0,0;0,0;0,0;0,0;0,0;0,0;0,0;0,0;0,0;0,0;0,0;0,0;177340606;27,9;39,6;26,4;2020-08-16 17:40:06;E10,903085;N48,325998;503,300;300;SW V1-11 (2020-06-17);2019-06-11 14:16:04;original set-up
2020-08-16 19:45:06;SN19017;measure;5,28;4,78;4,46;18175,3;734,7;255,5;55,9;83,8;55,9;27,9;4,0;12,0;4,0;0,0;0,0;0,0;0,0;0,0;0,0;0,0;0,0;4,0;0,0;0,0;0,0;0,0;0,0;177340606;27,8;39,1;26,9;2020-08-16 17:45:06;E10,903085;N48,326005;502,200;300;SW V1-11 (2020-06-17);2019-06-11 14:16:04;original set-up
2020-08-16 19:50:06;SN19017;measure;5,04;4,57;4,27;17457,7;713,6;261,3;58,5;74,1;39,0;31,2;11,7;0,0;0,0;0,0;3,9;0,0;0,0;0,0;0,0;0,0;0,0;0,0;0,0;0,0;0,0;0,0;0,0;177340606;27,5;38,8;27,3;2020-08-16 17:50:06;E10,903087;N48,326012;501,400;300;SW V1-11 (2020-06-17);2019-06-11 14:16:04;original set-up
2020-08-16 19:55:06;SN19017;measure;5,20;4,65;4,31;17645,1;901,9;169,6;50,1;96,4;50,1;38,5;0,0;11,6;0,0;3,9;0,0;0,0;0,0;0,0;0,0;0,0;0,0;0,0;0,0;0,0;0,0;0,0;0,0;177340606;27,2;38,3;27,8;2020-08-16 17:55:06;E10,903087;N48,326017;500,400;300;SW V1-11 (2020-06-17);2019-06-11 14:16:04;original set-up
2020-08-16 20:00:06;SN19017;measure;4,67;4,26;3,99;16434,4;765,7;186,8;62,3;55,0;51,3;29,3;0,0;3,7;0,0;0,0;3,7;0,0;0,0;0,0;0,0;0,0;0,0;0,0;0,0;0,0;0,0;0,0;0,0;177340606;27,0;38,0;28,3;2020-08-16 18:00:06;E10,903087;N48,326020;499,500;300;SW V1-11 (2020-06-17);2019-06-11 14:16:04;original set-up
2020-08-16 20:05:06;SN19017;measure;6,04;4,58;4,32;17777,4;877,4;202,8;70,2;85,8;39,0;19,5;7,8;7,8;7,8;0,0;3,9;3,9;0,0;0,0;0,0;0,0;0,0;0,0;0,0;0,0;0,0;0,0;0,0;177340606;26,9;37,7;28,7;2020-08-16 18:05:06;E10,903087;N48,326023;498,700;300;SW V1-11 (2020-06-17);2019-06-11 14:16:04;original set-up
2020-08-16 20:10:06;SN19017;measure;5,26;4,70;4,39;18207,9;836,4;200,4;65,5;80,9;34,7;23,1;19,3;15,4;0,0;0,0;0,0;0,0;0,0;0,0;0,0;0,0;0,0;0,0;0,0;0,0;0,0;0,0;0,0;177340606;26,6;37,3;29,2;2020-08-16 18:10:06;E10,903087;N48,326027;498,000;300;SW V1-11 (2020-06-17);2019-06-11 14:16:04;original set-up
2020-08-16 20:15:06;SN19017;measure;5,12;4,60;4,21;17509,0;872,0;223,5;62,3;91,6;69,6;33,0;11,0;11,0;3,7;0,0;0,0;0,0;0,0;3,7;0,0;0,0;0,0;0,0;0,0;0,0;0,0;0,0;0,0;177340606;26,4;37,0;29,7;2020-08-16 18:15:06;E10,903087;N48,326030;497,300;300;SW V1-11 (2020-06-17);2019-06-11 14:16:04;original set-up
2020-08-16 20:20:06;SN19017;measure;5,56;4,78;4,44;18604,4;830,6;240,0;76,2;99,1;30,5;38,1;11,4;7,6;3,8;0,0;3,8;0,0;0,0;0,0;0,0;0,0;0,0;0,0;0,0;0,0;0,0;0,0;0,0;177340606;26,1;36,8;30,1;2020-08-16 18:20:06;E10,903087;N48,326033;496,300;300;SW V1-11 (2020-06-17);2019-06-11 14:16:04;original set-up
2020-08-16 20:25:06;SN19017;measure;5,83;4,90;4,55;19146,5;681,3;193,1;54,7;65,6;54,7;36,4;10,9;10,9;7,3;3,6;0,0;0,0;0,0;0,0;0,0;0,0;0,0;0,0;0,0;0,0;0,0;0,0;0,0;177340606;26,0;36,4;30,5;2020-08-16 18:25:06;E10,903087;N48,326035;495,800;300;SW V1-11 (2020-06-17);2019-06-11 14:16:04;original set-up
2020-08-16 20:30:06;SN19017;measure;5,91;4,74;4,42;18717,8;863,6;167,6;69,2;61,9;54,7;29,1;14,6;3,6;3,6;0,0;3,6;3,6;0,0;0,0;0,0;0,0;0,0;0,0;0,0;0,0;0,0;0,0;0,0;177340606;25,6;36,1;31,0;2020-08-16 18:30:06;E10,903083;N48,326037;495,600;300;SW V1-11 (2020-06-17);2019-06-11 14:16:04;original set-up
2020-08-16 20:35:06;SN19017;measure;5,89;4,87;4,55;19382,3;823,6;174,7;53,5;53,5;46,4;28,5;7,1;28,5;0,0;0,0;3,6;0,0;0,0;0,0;0,0;0,0;0,0;0,0;0,0;0,0;0,0;0,0;0,0;177340606;25,5;35,8;31,5;2020-08-16 18:35:06;E10,903080;N48,326038;495,200;300;SW V1-11 (2020-06-17);2019-06-11 14:16:04;original set-up
2020-08-16 20:40:06;SN19017;measure;6,35;4,89;4,56;19400,7;843,2;190,5;52,9;81,1;42,3;35,3;10,6;10,6;3,5;7,1;0,0;3,5;0,0;0,0;0,0;0,0;0,0;0,0;0,0;0,0;0,0;0,0;0,0;177340606;25,5;35,5;32,0;2020-08-16 18:40:06;E10,903080;N48,326040;495,000;300;SW V1-11 (2020-06-17);2019-06-11 14:16:04;original set-up
2020-08-16 20:45:06;SN19017;measure;7,04;4,93;4,57;19453,5;936,9;191,5;71,8;85,5;58,1;37,6;10,3;6,8;10,3;3,4;3,4;6,8;0,0;0,0;0,0;0,0;0,0;0,0;0,0;0,0;0,0;0,0;0,0;177340606;25,4;35,2;32,5;2020-08-16 18:45:06;E10,903078;N48,326043;494,800;300;SW V1-11 (2020-06-17);2019-06-11 14:16:04;original set-up
2020-08-16 20:50:06;SN19017;measure;5,44;4,84;4,48;19212,6;825,1;235,7;67,4;70,7;60,6;40,4;10,1;3,4;3,4;0,0;3,4;0,0;0,0;0,0;0,0;0,0;0,0;0,0;0,0;0,0;0,0;0,0;0,0;177340606;25,2;35,0;33,0;2020-08-16 18:50:06;E10,903077;N48,326047;494,600;300;SW V1-11 (2020-06-17);2019-06-11 14:16:04;original set-up
2020-08-16 20:55:06;SN19017;measure;5,78;5,11;4,73;20362,0;989,7;245,7;49,1;73,7;56,2;35,1;21,1;14,0;3,5;0,0;0,0;0,0;0,0;0,0;0,0;0,0;0,0;0,0;0,0;0,0;0,0;0,0;0,0;177340606;25,0;34,7;33,4;2020-08-16 18:55:06;E10,903075;N48,326048;494,500;300;SW V1-11 (2020-06-17);2019-06-11 14:16:04;original set-up
2020-08-16 21:00:06;SN19017;measure;6,73;5,10;4,71;20341,2;1005,3;222,3;68,4;78,6;58,1;34,2;10,3;30,8;13,7;0,0;3,4;0,0;0,0;0,0;0,0;0,0;0,0;0,0;0,0;0,0;0,0;0,0;0,0;177340606;24,9;34,5;33,8;2020-08-16 19:00:06;E10,903075;N48,326050;494,300;300;SW V1-11 (2020-06-17);2019-06-11 14:16:04;original set-up
2020-08-16 21:05:06;SN19017;measure;5,81;4,97;4,64;20235,0;1040,5;154,9;64,0;70,7;33,7;47,1;3,4;13,5;6,7;3,4;0,0;0,0;0,0;0,0;0,0;0,0;0,0;0,0;0,0;0,0;0,0;0,0;0,0;177340606;24,7;34,4;34,3;2020-08-16 19:05:06;E10,903073;N48,326052;494,100;300;SW V1-11 (2020-06-17);2019-06-11 14:16:04;original set-up
2020-08-16 21:10:06;SN19017;measure;5,49;5,04;4,72;20637,3;985,1;294,9;73,7;77,1;70,4;30,2;3,4;6,7;6,7;0,0;0,0;0,0;0,0;3,4;0,0;0,0;0,0;0,0;0,0;0,0;0,0;0,0;0,0;177340606;24,6;34,2;34,7;2020-08-16 19:10:06;E10,903073;N48,326053;494,000;300;SW V1-11 (2020-06-17);2019-06-11 14:16:04;original set-up
2020-08-16 21:15:06;SN19017;measure;6,46;5,22;4,81;21126,2;970,1;216,7;96,7;86,7;66,7;46,7;6,7;10,0;6,7;0,0;3,3;3,3;0,0;0,0;0,0;0,0;0,0;0,0;0,0;0,0;0,0;0,0;0,0;177340606;24,4;34,0;35,1;2020-08-16 19:15:06;E10,903073;N48,326053;493,900;300;SW V1-11 (2020-06-17);2019-06-11 14:16:04;original set-up
2020-08-16 21:20:06;SN19017;measure;6,11;5,42;5,05;22324,5;1106,9;266,7;56,7;70,0;60,0;43,3;16,7;0,0;13,3;0,0;0,0;0,0;0,0;0,0;0,0;0,0;0,0;0,0;0,0;0,0;0,0;0,0;0,0;177340606;24,3;33,8;35,5;2020-08-16 19:20:06;E10,903073;N48,326055;493,800;300;SW V1-11 (2020-06-17);2019-06-11 14:16:04;original set-up
2020-08-16 21:25:06;SN19017;measure;6,47;5,59;5,28;23427,6;1191,0;238,9;76,3;96,2;33,2;26,5;19,9;13,3;10,0;0,0;0,0;0,0;0,0;0,0;0,0;0,0;0,0;0,0;0,0;0,0;0,0;0,0;0,0;177340606;24,2;33,6;36,0;2020-08-16 19:25:06;E10,903077;N48,326057;493,700;300;SW V1-11 (2020-06-17);2019-06-11 14:16:04;original set-up
2020-08-16 21:30:06;SN19017;measure;6,34;5,35;4,97;22269,6;1063,6;253,7;74,8;74,8;68,3;35,8;9,8;19,5;0,0;3,3;3,3;0,0;0,0;3,3;0,0;0,0;0,0;0,0;0,0;0,0;0,0;0,0;0,0;177340606;24,1;33,5;36,4;2020-08-16 19:30:06;E10,903077;N48,326057;493,500;300;SW V1-11 (2020-06-17);2019-06-11 14:16:04;original set-up
2020-08-16 21:35:06;SN19017;measure;6,21;5,22;4,87;21846,7;1113,5;246,4;52,6;82,1;59,1;36,1;13,1;13,1;3,3;6,6;0,0;0,0;0,0;0,0;0,0;0,0;0,0;0,0;0,0;0,0;0,0;0,0;0,0;177340606;24,0;33,3;36,6;2020-08-16 19:35:06;E10,903077;N48,326058;493,200;300;SW V1-11 (2020-06-17);2019-06-11 14:16:04;original set-up
2020-08-16 21:40:06;SN19017;measure;6,57;5,37;5,07;22780,1;1231,3;260,8;95,7;62,7;36,3;23,1;16,5;19,8;3,3;3,3;3,3;0,0;0,0;0,0;0,0;3,3;0,0;0,0;0,0;0,0;0,0;0,0;0,0;177340606;23,9;33,2;36,9;2020-08-16 19:40:06;E10,903078;N48,326058;492,900;300;SW V1-11 (2020-06-17);2019-06-11 14:16:04;original set-up
2020-08-16 21:45:06;SN19017;measure;6,13;5,45;5,10;23088,8;1194,4;259,0;48,6;106,8;64,7;32,4;6,5;19,4;3,2;0,0;0,0;0,0;3,2;0,0;0,0;0,0;0,0;0,0;0,0;0,0;0,0;0,0;0,0;177340606;23,8;33,1;37,2;2020-08-16 19:45:06;E10,903077;N48,326058;492,500;300;SW V1-11 (2020-06-17);2019-06-11 14:16:04;original set-up
2020-08-16 21:50:06;SN19017;measure;6,09;5,64;5,18;23645,2;1198,8;200,4;62,4;95,3;95,3;52,6;9,9;6,6;0,0;3,3;0,0;0,0;0,0;0,0;0,0;0,0;0,0;0,0;0,0;0,0;0,0;0,0;0,0;177340606;23,7;33,0;37,5;2020-08-16 19:50:06;E10,903077;N48,326057;492,100;300;SW V1-11 (2020-06-17);2019-06-11 14:16:04;original set-up
2020-08-16 21:55:06;SN19017;measure;6,29;5,57;5,28;24080,7;1366,6;257,5;56,1;85,8;66,0;19,8;9,9;13,2;3,3;3,3;0,0;0,0;0,0;0,0;0,0;0,0;0,0;0,0;0,0;0,0;0,0;0,0;0,0;177340606;23,6;32,8;37,8;2020-08-16 19:55:06;E10,903080;N48,326057;491,700;300;SW V1-11 (2020-06-17);2019-06-11 14:16:04;original set-up
2020-08-16 22:00:06;SN19017;measure;6,80;5,97;5,58;25547,4;1386,7;295,2;112,8;99,5;73,0;26,5;29,9;3,3;6,6;3,3;0,0;0,0;0,0;0,0;0,0;0,0;0,0;0,0;0,0;0,0;0,0;0,0;0,0;177340606;23,5;32,7;38,1;2020-08-16 20:00:06;E10,903078;N48,326055;491,700;300;SW V1-11 (2020-06-17);2019-06-11 14:16:04;original set-up
2020-08-16 22:05:06;SN19017;measure;6,27;5,72;5,26;24239,5;1524,5;317,2;93,9;97,1;58,3;64,7;9,7;16,2;3,2;0,0;0,0;0,0;0,0;0,0;0,0;0,0;0,0;0,0;0,0;0,0;0,0;0,0;0,0;177340606;23,4;32,7;38,4;2020-08-16 20:05:06;E10,903078;N48,326052;491,600;300;SW V1-11 (2020-06-17);2019-06-11 14:16:04;original set-up
2020-08-16 22:10:06;SN19017;measure;6,71;5,67;5,28;24585,0;1400,9;294,9;54,5;112,2;73,7;38,5;16,0;9,6;3,2;0,0;6,4;0,0;3,2;0,0;0,0;0,0;0,0;3,2;0,0;0,0;0,0;0,0;0,0;177340606;23,2;32,5;38,7;2020-08-16 20:10:06;E10,903077;N48,326050;491,600;300;SW V1-11 (2020-06-17);2019-06-11 14:16:04;original set-up
2020-08-16 22:15:06;SN19017;measure;6,70;5,71;5,35;24772,8;1389,6;299,1;99,7;90,4;68,5;34,3;12,5;3,1;6,2;3,1;0,0;3,1;0,0;0,0;0,0;0,0;0,0;0,0;0,0;0,0;0,0;0,0;0,0;177340606;23,3;32,4;38,8;2020-08-16 20:15:06;E10,903078;N48,326047;491,600;300;SW V1-11 (2020-06-17);2019-06-11 14:16:04;original set-up
2020-08-16 22:20:06;SN19017;measure;6,22;5,79;5,45;25380,3;1555,9;354,3;83,8;93,4;41,9;41,9;9,7;12,9;0,0;0,0;0,0;0,0;3,2;3,2;0,0;0,0;0,0;0,0;0,0;0,0;0,0;0,0;0,0;177340606;23,1;32,3;39,0;2020-08-16 20:20:06;E10,903080;N48,326045;491,600;300;SW V1-11 (2020-06-17);2019-06-11 14:16:04;original set-up
2020-08-16 22:25:06;SN19017;measure;6,72;5,93;5,52;25573,5;1520,5;283,5;105,9;93,5;77,9;40,5;9,3;18,7;3,1;3,1;0,0;0,0;0,0;0,0;0,0;0,0;0,0;0,0;3,1;0,0;0,0;0,0;0,0;177340606;23,2;32,3;39,2;2020-08-16 20:25:06;E10,903082;N48,326043;491,600;300;SW V1-11 (2020-06-17);2019-06-11 14:16:04;original set-up
2020-08-16 22:30:06;SN19017;measure;6,74;5,92;5,55;25805,5;1514,9;236,6;79,9;86,0;70,7;27,7;24,6;9,2;0,0;6,1;0,0;0,0;0,0;0,0;0,0;0,0;0,0;0,0;0,0;3,1;0,0;0,0;0,0;177340606;23,2;32,2;39,3;2020-08-16 20:30:06;E10,903083;N48,326038;491,900;300;SW V1-11 (2020-06-17);2019-06-11 14:16:04;original set-up
2020-08-16 22:35:06;SN19017;measure;8,01;7,59;7,22;33657,8;2277,7;532,8;112,2;118,4;53,0;43,6;9,3;6,2;0,0;3,1;0,0;0,0;0,0;0,0;0,0;0,0;0,0;0,0;0,0;0,0;0,0;0,0;0,0;177340606;23,0;32,1;39,4;2020-08-16 20:35:06;E10,903083;N48,326035;492,000;300;SW V1-11 (2020-06-17);2019-06-11 14:16:04;original set-up
2020-08-16 22:40:06;SN19017;measure;10,49;8,68;8,33;38703,3;2937,5;685,6;128,9;94,4;53,5;25,2;15,7;22,0;9,4;9,4;3,1;0,0;0,0;0,0;0,0;0,0;0,0;0,0;0,0;0,0;0,0;0,0;0,0;177340606;23,1;32,0;39,6;2020-08-16 20:40:06;E10,903082;N48,326032;491,300;300;SW V1-11 (2020-06-17);2019-06-11 14:16:04;original set-up
2020-08-16 22:45:06;SN19017;measure;8,56;7,24;6,92;32161,3;2360,7;458,2;63,2;110,6;69,5;34,8;3,2;3,2;9,5;0,0;6,3;3,2;0,0;0,0;0,0;0,0;0,0;0,0;0,0;0,0;0,0;0,0;0,0;177340606;23,1;32,0;39,8;2020-08-16 20:45:06;E10,903083;N48,326030;490,000;300;SW V1-11 (2020-06-17);2019-06-11 14:16:04;original set-up
2020-08-16 22:50:06;SN19017;measure;6,94;6,20;5,92;27684,5;1870,7;364,3;74,1;61,7;43,2;27,8;12,3;9,3;0,0;3,1;3,1;0,0;0,0;0,0;0,0;0,0;0,0;0,0;0,0;0,0;0,0;0,0;0,0;177340606;23,0;31,9;39,8;2020-08-16 20:50:06;E10,903087;N48,326025;488,500;300;SW V1-11 (2020-06-17);2019-06-11 14:16:04;original set-up
2020-08-16 22:55:06;SN19017;measure;7,51;6,19;5,86;27621,8;1759,2;394,4;93,9;90,8;68,9;31,3;12,5;6,3;6,3;9,4;3,1;0,0;0,0;0,0;0,0;0,0;0,0;0,0;0,0;0,0;0,0;0,0;0,0;177340606;22,9;31,9;40,0;2020-08-16 20:55:06;E10,903087;N48,326022;486,800;300;SW V1-11 (2020-06-17);2019-06-11 14:16:04;original set-up
2020-08-16 23:00:06;SN19017;measure;7,80;6,37;6,03;28868,9;1968,2;402,7;67,6;128,9;74,1;35,4;9,7;0,0;0,0;9,7;0,0;6,4;0,0;0,0;0,0;0,0;0,0;0,0;0,0;0,0;0,0;0,0;0,0;177340606;22,6;31,9;40,2;2020-08-16 21:00:06;E10,903085;N48,326018;485,900;300;SW V1-11 (2020-06-17);2019-06-11 14:16:04;original set-up
2020-08-16 23:05:06;SN19017;measure;7,32;6,43;6,13;29688,2;1821,6;344,5;67,0;70,2;73,4;35,1;6,4;0,0;6,4;0,0;3,2;3,2;0,0;0,0;0,0;0,0;0,0;0,0;0,0;0,0;0,0;0,0;0,0;177340606;22,5;31,8;40,3;2020-08-16 21:05:06;E10,903078;N48,326017;485,100;300;SW V1-11 (2020-06-17);2019-06-11 14:16:04;original set-up
2020-08-16 23:10:06;SN19017;measure;6,82;6,32;6,01;28841,5;1850,8;396,8;110,6;97,6;48,8;29,3;13,0;13,0;3,3;0,0;0,0;0,0;0,0;0,0;0,0;0,0;0,0;0,0;0,0;0,0;0,0;0,0;0,0;177340606;22,6;31,7;40,4;2020-08-16 21:10:06;E10,903077;N48,326015;484,800;300;SW V1-11 (2020-06-17);2019-06-11 14:16:04;original set-up
2020-08-16 23:15:06;SN19017;measure;7,33;6,23;5,86;28266,7;1890,7;309,9;78,3;72,0;59,5;40,7;12,5;21,9;0,0;3,1;0,0;3,1;0,0;0,0;0,0;0,0;0,0;0,0;0,0;0,0;0,0;0,0;0,0;177340606;22,6;31,7;40,6;2020-08-16 21:15:06;E10,903075;N48,326012;485,100;300;SW V1-11 (2020-06-17);2019-06-11 14:16:04;original set-up
2020-08-16 23:20:06;SN19017;measure;7,64;6,43;6,00;29148,7;1969,7;402,5;61,5;110,6;83,0;30,7;30,7;24,6;3,1;0,0;0,0;3,1;0,0;0,0;0,0;0,0;0,0;0,0;0,0;0,0;0,0;0,0;0,0;177340606;22,4;31,7;40,8;2020-08-16 21:20:06;E10,903075;N48,326010;485,600;300;SW V1-11 (2020-06-17);2019-06-11 14:16:04;original set-up
2020-08-16 23:25:06;SN19017;measure;7,84;6,92;6,38;30852,3;2034,7;406,9;84,5;115,8;97,0;65,7;25,0;6,3;9,4;0,0;3,1;0,0;0,0;3,1;0,0;0,0;0,0;0,0;0,0;0,0;0,0;0,0;0,0;177340606;22,5;31,6;40,8;2020-08-16 21:25:06;E10,903073;N48,326007;486,200;300;SW V1-11 (2020-06-17);2019-06-11 14:16:04;original set-up
2020-08-16 23:30:06;SN19017;measure;8,34;6,92;6,52;31188,6;1950,1;437,2;75,5;88,1;72,3;31,5;25,2;22,0;3,1;6,3;3,1;0,0;0,0;0,0;0,0;0,0;0,0;0,0;0,0;0,0;0,0;0,0;0,0;177340606;22,8;31,6;41,0;2020-08-16 21:30:06;E10,903073;N48,326005;486,700;300;SW V1-11 (2020-06-17);2019-06-11 14:16:04;original set-up
2020-08-16 23:35:06;SN19017;measure;7,59;6,94;6,54;31355,4;2041,5;451,9;104,3;123,2;56,9;41,1;25,3;9,5;6,3;0,0;0,0;0,0;0,0;0,0;0,0;0,0;0,0;0,0;0,0;0,0;0,0;0,0;0,0;177340606;22,6;31,6;40,9;2020-08-16 21:35:06;E10,903073;N48,326003;487,300;300;SW V1-11 (2020-06-17);2019-06-11 14:16:04;original set-up
2020-08-16 23:40:06;SN19017;measure;8,45;7,15;6,76;32717,4;2471,3;458,2;79,0;107,4;47,4;47,4;19,0;19,0;0,0;6,3;0,0;3,2;0,0;0,0;0,0;0,0;0,0;0,0;0,0;0,0;0,0;0,0;0,0;177340606;22,5;31,5;41,1;2020-08-16 21:40:06;E10,903075;N48,326002;488,000;300;SW V1-11 (2020-06-17);2019-06-11 14:16:04;original set-up
2020-08-16 23:45:06;SN19017;measure;7,85;7,24;6,89;35362,5;2575,6;505,6;132,7;98,0;60,0;41,1;12,6;9,5;9,5;0,0;0,0;0,0;0,0;3,2;0,0;0,0;0,0;0,0;0,0;0,0;0,0;0,0;0,0;177340606;21,6;31,5;41,1;2020-08-16 21:45:06;E10,903075;N48,326000;488,900;300;SW V1-11 (2020-06-17);2019-06-11 14:16:04;original set-up
2020-08-16 23:50:06;SN19017;measure;8,64;6,87;6,50;33832,0;2350,0;440,2;123,0;84,2;80,9;38,8;9,7;19,4;19,4;6,5;3,2;0,0;3,2;3,2;0,0;0,0;0,0;0,0;0,0;0,0;0,0;0,0;0,0;177340606;21,6;31,5;41,4;2020-08-16 21:50:06;E10,903073;N48,325998;490,100;300;SW V1-11 (2020-06-17);2019-06-11 14:16:04;original set-up
2020-08-16 23:55:06;SN19017;measure;7,15;6,76;6,42;33321,8;2211,8;323,8;93,0;86,6;48,1;48,1;12,8;9,6;3,2;0,0;0,0;0,0;0,0;0,0;0,0;0,0;0,0;0,0;0,0;0,0;0,0;0,0;0,0;177340606;21,6;31,4;41,5;2020-08-16 21:55:06;E10,903073;N48,325998;491,000;300;SW V1-11 (2020-06-17);2019-06-11 14:16:04;original set-up
